Timestamp [ms];	CPU cores;	CPU capacity provisioned [MHZ];	CPU usage [MHZ];	CPU usage [%];	Memory capacity provisioned [KB];	Memory usage [KB];	Disk read throughput [KB/s];	Disk write throughput [KB/s];	Network received throughput [KB/s];	Network transmitted throughput [KB/s]
1376916705;	1;	2699.99866;	21.599989280000003;	0.8;	91090.4;	115341.6;	0.0;	0.13333333333333333;	0.0;	0.0
1376917005;	1;	2699.99866;	28.799985706666668;	1.0666666666666667;	91244.0;	50505.333333333336;	0.0;	0.2;	0.0;	0.0
1376917305;	1;	2699.99866;	25.19998749333333;	0.9333333333333332;	91244.0;	31454.666666666668;	0.0;	0.2;	0.0;	0.0
1376917605;	1;	2699.99866;	21.599989280000003;	0.8;	91244.0;	30581.6;	0.0;	0.13333333333333333;	0.0;	0.0
1376917905;	1;	2699.99866;	23.399988386666667;	0.8666666666666667;	91244.0;	30756.533333333333;	0.0;	0.2;	0.0;	0.0
1376918205;	1;	2699.99866;	28.799985706666668;	1.0666666666666667;	91244.0;	27260.8;	0.0;	0.2;	0.0;	0.0
1376918505;	1;	2699.99866;	21.599989280000003;	0.8;	91244.0;	27783.733333333334;	0.26666666666666666;	0.13333333333333333;	0.0;	0.0
1376918805;	1;	2699.99866;	25.19998749333333;	0.9333333333333332;	91244.0;	31454.4;	0.0;	0.2;	0.0;	0.0
1376919105;	1;	2699.99866;	28.799985706666668;	1.0666666666666667;	91244.0;	29533.066666666666;	0.0;	0.13333333333333333;	0.0;	0.0
1376919405;	1;	2699.99866;	21.599989280000003;	0.8;	91244.0;	28834.4;	0.0;	0.13333333333333333;	0.0;	0.0
1376919705;	1;	2699.99866;	19.799990173333335;	0.7333333333333333;	91244.0;	23065.6;	0.0;	0.13333333333333333;	0.0;	0.0
1376920005;	1;	2699.99866;	28.799985706666668;	1.0666666666666667;	91244.0;	23590.4;	0.0;	0.3333333333333333;	0.0;	0.0
1376920306;	1;	2699.99866;	25.19998749333333;	0.9333333333333332;	91244.0;	26211.2;	0.0;	0.2;	0.0;	0.0
1376920606;	1;	2699.99866;	21.599989280000003;	0.8;	91244.0;	28309.6;	0.0;	0.2;	0.0;	0.0
1376920906;	1;	2699.99866;	25.19998749333333;	0.9333333333333332;	91244.0;	27785.6;	0.0;	0.2;	0.0;	0.0
1376921206;	1;	2699.99866;	28.799985706666668;	1.0666666666666667;	91244.0;	27434.666666666668;	0.0;	0.13333333333333333;	0.0;	0.0
1376921506;	1;	2699.99866;	23.399988386666667;	0.8666666666666667;	91244.0;	37221.6;	0.0;	0.13333333333333333;	100.06666666666666;	101.73333333333333
1376921806;	1;	2699.99866;	44.999977666666666;	1.6666666666666665;	91244.0;	36174.4;	0.0;	0.4;	260.93333333333334;	265.2
1376922106;	1;	2699.99866;	64.79996784;	2.4;	91256.8;	31979.2;	0.0;	0.2;	602.9333333333333;	612.7333333333333
1376922406;	1;	2699.99866;	55.79997230666667;	2.0666666666666664;	91308.0;	33552.0;	0.0;	0.13333333333333333;	536.0;	544.8
1376922706;	1;	2699.99866;	28.799985706666668;	1.0666666666666667;	91308.0;	29358.4;	0.0;	0.2;	55.46666666666667;	56.53333333333333
1376923006;	1;	2699.99866;	25.19998749333333;	0.9333333333333332;	91308.0;	30406.4;	0.0;	0.2;	9.466666666666667;	9.6
1376923306;	1;	2699.99866;	25.19998749333333;	0.9333333333333332;	91308.0;	28484.0;	0.0;	0.13333333333333333;	0.06666666666666667;	0.06666666666666667
1376923606;	1;	2699.99866;	21.599989280000003;	0.8;	91308.0;	31979.2;	0.0;	0.26666666666666666;	0.0;	0.0
1376923906;	1;	2699.99866;	28.799985706666668;	1.0666666666666667;	91308.0;	29356.8;	0.0;	0.2;	0.0;	0.0
1376924206;	1;	2699.99866;	23.399988386666667;	0.8666666666666667;	91308.0;	25688.0;	0.0;	0.13333333333333333;	0.0;	0.0
1376924506;	1;	2699.99866;	21.599989280000003;	0.8;	92101.6;	33028.0;	0.0;	0.13333333333333333;	4.8;	4.8
1376924806;	1;	2699.99866;	25.19998749333333;	0.9333333333333332;	93292.0;	26212.8;	0.0;	0.26666666666666666;	4.6;	4.466666666666667
1376925106;	1;	2699.99866;	28.799985706666668;	1.0666666666666667;	93292.0;	28308.8;	0.0;	0.13333333333333333;	18.666666666666668;	18.8
1376925406;	1;	2699.99866;	26.999986600000003;	1.0;	93292.0;	29882.4;	0.0;	0.2;	112.13333333333334;	113.8
1376925706;	1;	2699.99866;	71.99996426666668;	2.666666666666667;	93292.0;	31979.2;	0.0;	0.26666666666666666;	943.0666666666667;	958.4
1376926006;	1;	2699.99866;	80.9999598;	3.0;	93292.0;	30231.733333333334;	0.0;	0.2;	496.53333333333336;	504.53333333333336
1376926306;	1;	2699.99866;	25.19998749333333;	0.9333333333333332;	93292.0;	29882.4;	0.0;	0.13333333333333333;	2.2666666666666666;	2.2
1376926606;	1;	2699.99866;	21.599989280000003;	0.8;	93292.0;	29357.6;	0.0;	0.13333333333333333;	7.133333333333334;	7.2
1376926906;	1;	2699.99866;	25.19998749333333;	0.9333333333333332;	93292.0;	35300.8;	0.0;	0.2;	0.13333333333333333;	0.13333333333333333
1376927206;	1;	2699.99866;	28.799985706666668;	1.0666666666666667;	93292.0;	33552.0;	0.0;	0.2;	0.13333333333333333;	0.13333333333333333
1376927506;	1;	2699.99866;	21.599989280000003;	0.8;	93292.0;	30755.733333333334;	0.0;	0.13333333333333333;	0.13333333333333333;	0.13333333333333333
1376927806;	1;	2699.99866;	25.19998749333333;	0.9333333333333332;	93292.0;	28833.866666666665;	0.0;	0.3333333333333333;	0.2;	0.2
1376928106;	1;	2699.99866;	28.799985706666668;	1.0666666666666667;	93292.0;	30931.2;	0.0;	0.2;	4.533333333333333;	4.6
1376928406;	1;	2699.99866;	21.599989280000003;	0.8;	93292.0;	30757.066666666666;	0.0;	0.13333333333333333;	2.6666666666666665;	2.6
1376928706;	1;	2699.99866;	23.399988386666667;	0.8666666666666667;	93292.0;	33552.8;	0.0;	0.2;	4.533333333333333;	4.6
1376929006;	1;	2699.99866;	28.799985706666668;	1.0666666666666667;	93292.0;	33027.73333333333;	0.0;	0.3333333333333333;	2.6666666666666665;	2.6666666666666665
1376929306;	1;	2699.99866;	23.399988386666667;	0.8666666666666667;	93292.0;	41416.0;	0.0;	0.13333333333333333;	9.0;	8.866666666666667
1376929606;	1;	2699.99866;	21.599989280000003;	0.8;	93292.0;	36699.2;	0.0;	0.2;	3.0;	3.0
1376929906;	1;	2699.99866;	28.799985706666668;	1.0666666666666667;	93292.0;	29357.6;	0.0;	0.26666666666666666;	6.266666666666667;	6.266666666666667
1376930207;	1;	2699.99866;	25.19998749333333;	0.9333333333333332;	93292.0;	34601.6;	0.0;	0.13333333333333333;	0.06666666666666667;	0.06666666666666667
1376930507;	1;	2699.99866;	21.599989280000003;	0.8;	93292.0;	32504.0;	0.0;	0.13333333333333333;	0.06666666666666667;	0.06666666666666667
1376930807;	1;	2699.99866;	25.19998749333333;	0.9333333333333332;	93292.0;	31455.466666666667;	0.0;	0.4;	0.06666666666666667;	0.06666666666666667
1376931107;	1;	2699.99866;	28.799985706666668;	1.0666666666666667;	93292.0;	31979.2;	0.0;	0.13333333333333333;	0.06666666666666667;	0.06666666666666667
1376931407;	1;	2699.99866;	21.599989280000003;	0.8;	93292.0;	27260.0;	0.0;	0.13333333333333333;	0.06666666666666667;	0.06666666666666667
1376931707;	1;	2699.99866;	25.19998749333333;	0.9333333333333332;	93292.0;	25687.2;	0.0;	0.26666666666666666;	0.13333333333333333;	0.13333333333333333
1376932007;	1;	2699.99866;	28.799985706666668;	1.0666666666666667;	93292.0;	29357.6;	0.0;	0.13333333333333333;	0.06666666666666667;	0.06666666666666667
1376932307;	1;	2699.99866;	21.599989280000003;	0.8;	93292.0;	32329.066666666666;	0.0;	0.13333333333333333;	1.0666666666666667;	1.0666666666666667
1376932607;	1;	2699.99866;	21.599989280000003;	0.8;	93292.0;	37397.333333333336;	0.0;	0.3333333333333333;	0.06666666666666667;	0.06666666666666667
1376932907;	1;	2699.99866;	28.799985706666668;	1.0666666666666667;	93292.0;	34076.0;	0.0;	0.26666666666666666;	0.06666666666666667;	0.06666666666666667
1376933207;	1;	2699.99866;	23.399988386666667;	0.8666666666666667;	93292.0;	29357.6;	0.0;	0.13333333333333333;	0.06666666666666667;	0.06666666666666667
1376933507;	1;	2699.99866;	21.599989280000003;	0.8;	93292.0;	27260.8;	0.0;	0.13333333333333333;	0.06666666666666667;	0.06666666666666667
1376933807;	1;	2699.99866;	28.799985706666668;	1.0666666666666667;	93292.0;	28833.6;	0.0;	0.26666666666666666;	0.06666666666666667;	0.06666666666666667
1376934107;	1;	2699.99866;	25.19998749333333;	0.9333333333333332;	93292.0;	33028.0;	0.0;	0.13333333333333333;	0.13333333333333333;	0.13333333333333333
1376934407;	1;	2699.99866;	21.599989280000003;	0.8;	93292.0;	37746.4;	0.0;	0.26666666666666666;	0.2;	0.2
1376934707;	1;	2699.99866;	25.19998749333333;	0.9333333333333332;	93292.0;	27260.0;	0.0;	0.26666666666666666;	0.13333333333333333;	0.13333333333333333
1376935007;	1;	2699.99866;	28.799985706666668;	1.0666666666666667;	93292.0;	24638.4;	0.0;	0.13333333333333333;	0.13333333333333333;	0.13333333333333333
1376935307;	1;	2699.99866;	21.599989280000003;	0.8;	93292.0;	29881.6;	0.0;	0.13333333333333333;	0.13333333333333333;	0.13333333333333333
1376935607;	1;	2699.99866;	21.599989280000003;	0.8;	93292.0;	27260.8;	0.0;	0.2;	0.13333333333333333;	0.13333333333333333
1376935907;	1;	2699.99866;	30.599984813333336;	1.1333333333333333;	93292.0;	35649.6;	0.0;	0.13333333333333333;	1.1333333333333333;	1.1333333333333333
1376936207;	1;	2699.99866;	21.599989280000003;	0.8;	93292.0;	36174.4;	0.0;	0.2;	0.13333333333333333;	0.13333333333333333
1376936507;	1;	2699.99866;	21.599989280000003;	0.8;	93292.0;	33552.8;	0.0;	0.13333333333333333;	0.13333333333333333;	0.13333333333333333
1376936807;	1;	2699.99866;	28.799985706666668;	1.0666666666666667;	93292.0;	34426.933333333334;	0.0;	0.2;	0.13333333333333333;	0.13333333333333333
1376937107;	1;	2699.99866;	25.19998749333333;	0.9333333333333332;	93292.0;	33027.2;	0.0;	0.2;	0.2;	0.2
1376937407;	1;	2699.99866;	21.599989280000003;	0.8;	93292.0;	34600.0;	0.0;	0.13333333333333333;	0.13333333333333333;	0.13333333333333333
1376937707;	1;	2699.99866;	25.19998749333333;	0.9333333333333332;	93292.0;	31455.2;	0.0;	0.2;	0.13333333333333333;	0.13333333333333333
1376938007;	1;	2699.99866;	28.799985706666668;	1.0666666666666667;	93292.8;	31980.0;	0.0;	0.26666666666666666;	0.2;	0.2
1376938307;	1;	2699.99866;	21.599989280000003;	0.8;	93313.6;	33027.73333333333;	0.0;	0.13333333333333333;	0.06666666666666667;	0.06666666666666667
1376938607;	1;	2699.99866;	25.19998749333333;	0.9333333333333332;	93326.13333333333;	33028.0;	0.0;	0.26666666666666666;	0.06666666666666667;	0.06666666666666667
1376938907;	1;	2699.99866;	28.799985706666668;	1.0666666666666667;	93344.8;	35649.6;	0.0;	0.2;	0.13333333333333333;	0.06666666666666667
1376939208;	1;	2699.99866;	21.599989280000003;	0.8;	93348.0;	29532.8;	0.0;	0.13333333333333333;	0.06666666666666667;	0.06666666666666667
1376939508;	1;	2699.99866;	21.599989280000003;	0.8;	93348.0;	28833.6;	0.0;	0.2;	1.1333333333333333;	1.1333333333333333
1376939808;	1;	2699.99866;	32.39998392;	1.2;	93348.0;	29357.6;	0.0;	0.26666666666666666;	0.13333333333333333;	0.13333333333333333
1376940108;	1;	2699.99866;	21.599989280000003;	0.8;	93348.0;	29532.533333333333;	0.0;	0.13333333333333333;	0.2;	0.2
1376940408;	1;	2699.99866;	21.599989280000003;	0.8;	93348.0;	28309.6;	0.0;	0.2;	0.06666666666666667;	0.06666666666666667
1376940708;	1;	2699.99866;	28.799985706666668;	1.0666666666666667;	93349.6;	26212.0;	0.0;	0.26666666666666666;	0.06666666666666667;	0.06666666666666667
1376941008;	1;	2699.99866;	25.19998749333333;	0.9333333333333332;	93364.26666666666;	33376.8;	0.0;	0.2;	0.06666666666666667;	0.06666666666666667
1376941308;	1;	2699.99866;	21.599989280000003;	0.8;	93392.0;	33377.86666666667;	0.0;	0.13333333333333333;	0.06666666666666667;	0.06666666666666667
1376941608;	1;	2699.99866;	25.19998749333333;	0.9333333333333332;	93416.53333333334;	34601.6;	0.0;	0.3333333333333333;	0.06666666666666667;	0.06666666666666667
1376941908;	1;	2699.99866;	28.799985706666668;	1.0666666666666667;	93424.0;	31454.933333333334;	0.0;	0.13333333333333333;	0.06666666666666667;	0.06666666666666667
1376942208;	1;	2699.99866;	21.599989280000003;	0.8;	93426.66666666667;	31456.0;	0.0;	0.13333333333333333;	0.06666666666666667;	0.06666666666666667
1376942508;	1;	2699.99866;	21.599989280000003;	0.8;	93448.8;	31279.466666666667;	0.0;	0.13333333333333333;	0.06666666666666667;	0.06666666666666667
1376942808;	1;	2699.99866;	28.799985706666668;	1.0666666666666667;	93466.4;	33028.0;	0.0;	0.2;	0.06666666666666667;	0.06666666666666667
1376943108;	1;	2699.99866;	25.19998749333333;	0.9333333333333332;	93529.33333333333;	32503.2;	0.0;	0.2;	1.0666666666666667;	1.0666666666666667
1376943408;	1;	2699.99866;	21.599989280000003;	0.8;	93540.0;	27260.8;	0.0;	0.2;	0.06666666666666667;	0.06666666666666667
1376943708;	1;	2699.99866;	25.19998749333333;	0.9333333333333332;	93543.46666666666;	29358.133333333335;	0.0;	0.2;	0.06666666666666667;	0.06666666666666667
1376944008;	1;	2699.99866;	28.799985706666668;	1.0666666666666667;	93592.0;	33901.066666666666;	0.0;	0.2;	0.06666666666666667;	0.06666666666666667
1376944308;	1;	2699.99866;	21.599989280000003;	0.8;	93656.0;	28658.933333333334;	0.0;	0.13333333333333333;	0.06666666666666667;	0.06666666666666667
1376944608;	1;	2699.99866;	21.599989280000003;	0.8;	93672.0;	26735.733333333334;	0.0;	0.2;	0.06666666666666667;	0.06666666666666667
1376944908;	1;	2699.99866;	26.999986600000003;	1.0;	93684.0;	28833.6;	0.0;	0.2;	0.06666666666666667;	0.06666666666666667
1376945208;	1;	2699.99866;	23.399988386666667;	0.8666666666666667;	93692.0;	29707.2;	0.0;	0.2;	0.06666666666666667;	0.06666666666666667
1376945508;	1;	2699.99866;	21.599989280000003;	0.8;	93692.0;	26736.533333333333;	0.0;	0.13333333333333333;	0.06666666666666667;	0.06666666666666667
1376945808;	1;	2699.99866;	26.999986600000003;	1.0;	93700.53333333334;	29880.8;	0.0;	0.2;	0.06666666666666667;	0.06666666666666667
1376946108;	1;	2699.99866;	25.19998749333333;	0.9333333333333332;	93716.0;	30932.266666666666;	0.0;	0.26666666666666666;	0.06666666666666667;	0.06666666666666667
1376946408;	1;	2699.99866;	21.599989280000003;	0.8;	93724.8;	34077.6;	0.0;	0.13333333333333333;	0.06666666666666667;	0.06666666666666667
1376946708;	1;	2699.99866;	25.19998749333333;	0.9333333333333332;	93759.73333333334;	28833.066666666666;	0.0;	0.2;	1.0666666666666667;	1.0666666666666667
1376947008;	1;	2699.99866;	28.799985706666668;	1.0666666666666667;	93787.2;	33552.8;	0.0;	0.2;	0.13333333333333333;	0.13333333333333333
1376947309;	1;	2699.99866;	21.599989280000003;	0.8;	93806.4;	36697.6;	0.0;	0.13333333333333333;	0.06666666666666667;	0.06666666666666667
1376947609;	1;	2699.99866;	25.19998749333333;	0.9333333333333332;	93934.93333333333;	36872.26666666667;	0.0;	0.3333333333333333;	0.06666666666666667;	0.06666666666666667
1376947909;	1;	2699.99866;	25.19998749333333;	0.9333333333333332;	95340.0;	30930.133333333335;	0.0;	0.13333333333333333;	0.06666666666666667;	0.06666666666666667
1376948209;	1;	2699.99866;	25.19998749333333;	0.9333333333333332;	95340.0;	31454.933333333334;	0.0;	0.13333333333333333;	0.06666666666666667;	0.06666666666666667
1376948509;	1;	2699.99866;	21.599989280000003;	0.8;	95340.0;	31454.933333333334;	0.0;	0.13333333333333333;	0.06666666666666667;	0.06666666666666667
1376948809;	1;	2699.99866;	25.19998749333333;	0.9333333333333332;	95340.0;	31280.533333333333;	0.0;	0.3333333333333333;	0.13333333333333333;	0.13333333333333333
1376949109;	1;	2699.99866;	28.799985706666668;	1.0666666666666667;	95340.0;	31105.6;	0.0;	0.26666666666666666;	0.13333333333333333;	0.13333333333333333
1376949408;	1;	2699.99866;	21.599989280000003;	0.8;	95340.0;	30756.266666666666;	0.0;	0.2;	0.13333333333333333;	0.13333333333333333
1376949709;	1;	2699.99866;	21.599989280000003;	0.8;	95340.0;	29358.4;	0.0;	0.13333333333333333;	0.2;	0.13333333333333333
1376950009;	1;	2699.99866;	26.999986600000003;	1.0;	95340.0;	31979.466666666667;	0.0;	0.2;	0.13333333333333333;	0.13333333333333333
1376950309;	1;	2699.99866;	25.19998749333333;	0.9333333333333332;	95340.0;	29358.4;	0.0;	0.13333333333333333;	1.1333333333333333;	1.1333333333333333
1376950609;	1;	2699.99866;	21.599989280000003;	0.8;	95340.0;	26736.8;	0.0;	0.2;	0.2;	0.2
1376950909;	1;	2699.99866;	25.19998749333333;	0.9333333333333332;	95340.0;	28134.4;	0.0;	0.26666666666666666;	0.13333333333333333;	0.13333333333333333
1376951209;	1;	2699.99866;	28.799985706666668;	1.0666666666666667;	95340.0;	25687.2;	0.0;	0.13333333333333333;	0.13333333333333333;	0.13333333333333333
1376951509;	1;	2699.99866;	21.599989280000003;	0.8;	95340.0;	30057.6;	0.0;	0.13333333333333333;	0.13333333333333333;	0.13333333333333333
1376951809;	1;	2699.99866;	21.599989280000003;	0.8;	95340.0;	31979.466666666667;	0.0;	0.2;	0.13333333333333333;	0.13333333333333333
1376952109;	1;	2699.99866;	28.799985706666668;	1.0666666666666667;	95340.0;	33552.26666666667;	0.0;	0.2;	0.13333333333333333;	0.13333333333333333
1376952409;	1;	2699.99866;	25.19998749333333;	0.9333333333333332;	95340.0;	29357.066666666666;	0.0;	0.2;	0.2;	0.2
1376952709;	1;	2699.99866;	21.599989280000003;	0.8;	95340.0;	28309.866666666665;	0.0;	0.13333333333333333;	0.13333333333333333;	0.13333333333333333
1376953009;	1;	2699.99866;	28.799985706666668;	1.0666666666666667;	95340.0;	26735.2;	0.0;	0.2;	0.13333333333333333;	0.13333333333333333
1376953309;	1;	2699.99866;	25.19998749333333;	0.9333333333333332;	95340.0;	29882.933333333334;	0.0;	0.13333333333333333;	0.2;	0.2
1376953610;	1;	2699.99866;	21.599989280000003;	0.8;	95340.0;	29533.333333333332;	0.0;	0.13333333333333333;	0.3333333333333333;	0.3333333333333333
1376953910;	1;	2699.99866;	25.19998749333333;	0.9333333333333332;	95340.0;	27784.533333333333;	0.0;	0.2;	1.1333333333333333;	1.1333333333333333
1376954210;	1;	2699.99866;	28.799985706666668;	1.0666666666666667;	95340.0;	35125.86666666667;	0.0;	0.26666666666666666;	0.06666666666666667;	0.06666666666666667
1376954510;	1;	2699.99866;	21.599989280000003;	0.8;	95340.0;	30407.2;	0.0;	0.13333333333333333;	0.06666666666666667;	0.06666666666666667
1376954810;	1;	2699.99866;	21.599989280000003;	0.8;	95340.0;	27435.2;	0.0;	0.26666666666666666;	0.06666666666666667;	0.06666666666666667
1376955110;	1;	2699.99866;	28.799985706666668;	1.0666666666666667;	95340.0;	31279.733333333334;	0.0;	0.2;	0.06666666666666667;	0.06666666666666667
1376955410;	1;	2699.99866;	25.19998749333333;	0.9333333333333332;	95340.0;	35823.73333333333;	0.0;	0.2;	0.06666666666666667;	0.06666666666666667
1376955710;	1;	2699.99866;	21.599989280000003;	0.8;	95340.0;	31105.333333333332;	0.0;	0.13333333333333333;	0.06666666666666667;	0.06666666666666667
1376956010;	1;	2699.99866;	25.19998749333333;	0.9333333333333332;	95340.0;	28309.066666666666;	0.0;	0.4;	0.06666666666666667;	0.06666666666666667
1376956310;	1;	2699.99866;	28.799985706666668;	1.0666666666666667;	95340.0;	31280.8;	0.0;	0.2;	0.06666666666666667;	0.06666666666666667
1376956610;	1;	2699.99866;	21.599989280000003;	0.8;	95340.0;	33202.933333333334;	0.0;	0.13333333333333333;	0.06666666666666667;	0.06666666666666667
1376956910;	1;	2699.99866;	25.19998749333333;	0.9333333333333332;	95340.0;	30406.4;	0.0;	0.26666666666666666;	0.13333333333333333;	0.13333333333333333
1376957210;	1;	2699.99866;	26.999986600000003;	1.0;	95340.0;	28833.866666666665;	0.0;	0.13333333333333333;	0.06666666666666667;	0.06666666666666667
1376957510;	1;	2699.99866;	21.599989280000003;	0.8;	95340.0;	27435.733333333334;	0.0;	0.2;	1.0666666666666667;	1.0666666666666667
1376957810;	1;	2699.99866;	21.599989280000003;	0.8;	95340.0;	30407.2;	0.0;	0.2;	0.06666666666666667;	0.06666666666666667
1376958110;	1;	2699.99866;	28.799985706666668;	1.0666666666666667;	95340.0;	34776.26666666667;	0.0;	0.2;	0.26666666666666666;	0.26666666666666666
1376958410;	1;	2699.99866;	25.19998749333333;	0.9333333333333332;	95340.0;	33027.2;	0.0;	0.26666666666666666;	0.06666666666666667;	0.06666666666666667
1376958710;	1;	2699.99866;	21.599989280000003;	0.8;	95340.0;	30581.866666666665;	0.0;	0.13333333333333333;	0.13333333333333333;	0.06666666666666667
1376959010;	1;	2699.99866;	25.19998749333333;	0.9333333333333332;	95340.0;	26561.6;	0.0;	0.2;	0.06666666666666667;	0.06666666666666667
1376959310;	1;	2699.99866;	26.999986600000003;	1.0;	95340.0;	26561.6;	0.0;	0.26666666666666666;	0.06666666666666667;	0.06666666666666667
1376959610;	1;	2699.99866;	21.599989280000003;	0.8;	95340.0;	29182.933333333334;	0.0;	0.3333333333333333;	0.06666666666666667;	0.06666666666666667
1376959910;	1;	2699.99866;	21.599989280000003;	0.8;	95340.0;	34950.666666666664;	0.0;	0.26666666666666666;	0.13333333333333333;	0.13333333333333333
1376960210;	1;	2699.99866;	28.799985706666668;	1.0666666666666667;	95340.0;	30756.0;	0.0;	0.2;	0.06666666666666667;	0.06666666666666667
1376960510;	1;	2699.99866;	25.19998749333333;	0.9333333333333332;	95340.0;	35649.6;	0.0;	0.13333333333333333;	0.06666666666666667;	0.06666666666666667
1376960810;	1;	2699.99866;	21.599989280000003;	0.8;	95340.0;	30405.866666666665;	0.0;	0.13333333333333333;	0.06666666666666667;	0.06666666666666667
1376961110;	1;	2699.99866;	25.19998749333333;	0.9333333333333332;	95340.0;	25687.733333333334;	0.0;	0.2;	1.1333333333333333;	1.1333333333333333
1376961410;	1;	2699.99866;	28.799985706666668;	1.0666666666666667;	95340.0;	27958.666666666668;	0.0;	0.2;	0.06666666666666667;	0.06666666666666667
1376961710;	1;	2699.99866;	21.599989280000003;	0.8;	95340.0;	29182.933333333334;	0.0;	0.2;	0.06666666666666667;	0.06666666666666667
1376962010;	1;	2699.99866;	25.19998749333333;	0.9333333333333332;	95340.0;	30231.733333333334;	0.0;	0.26666666666666666;	0.06666666666666667;	0.06666666666666667
1376962311;	1;	2699.99866;	25.19998749333333;	0.9333333333333332;	95340.0;	26036.8;	0.0;	0.13333333333333333;	0.0;	0.0
1376962611;	1;	2699.99866;	25.19998749333333;	0.9333333333333332;	95340.0;	31280.0;	0.0;	0.13333333333333333;	0.06666666666666667;	0.06666666666666667
1376962911;	1;	2699.99866;	21.599989280000003;	0.8;	95340.0;	31629.6;	0.0;	0.13333333333333333;	0.06666666666666667;	0.06666666666666667
1376963211;	1;	2699.99866;	28.799985706666668;	1.0666666666666667;	95340.0;	34951.2;	0.0;	0.4;	0.13333333333333333;	0.13333333333333333
1376963511;	1;	2699.99866;	25.19998749333333;	0.9333333333333332;	95340.0;	32153.6;	0.0;	0.26666666666666666;	0.2;	0.2
1376963811;	1;	2699.99866;	21.599989280000003;	0.8;	95340.0;	31455.466666666667;	0.0;	0.13333333333333333;	0.13333333333333333;	0.13333333333333333
1376964111;	1;	2699.99866;	28.799985706666668;	1.0666666666666667;	95340.0;	29532.266666666666;	0.0;	0.2;	0.2;	0.2
1376964411;	1;	2699.99866;	25.19998749333333;	0.9333333333333332;	95340.0;	29532.0;	0.0;	0.26666666666666666;	0.13333333333333333;	0.13333333333333333
1376964711;	1;	2699.99866;	21.599989280000003;	0.8;	95340.0;	27785.6;	0.0;	0.13333333333333333;	1.1333333333333333;	1.1333333333333333
1376965011;	1;	2699.99866;	28.799985706666668;	1.0666666666666667;	95340.0;	30581.333333333332;	0.0;	0.3333333333333333;	0.13333333333333333;	0.13333333333333333
1376965311;	1;	2699.99866;	25.19998749333333;	0.9333333333333332;	95340.0;	24289.6;	0.0;	0.2;	0.2;	0.2
1376965611;	1;	2699.99866;	21.599989280000003;	0.8;	95340.0;	24813.6;	0.0;	0.13333333333333333;	0.13333333333333333;	0.13333333333333333
1376965911;	1;	2699.99866;	25.19998749333333;	0.9333333333333332;	95340.0;	29183.2;	0.0;	0.2;	0.13333333333333333;	0.13333333333333333
1376966211;	1;	2699.99866;	28.799985706666668;	1.0666666666666667;	95340.0;	28658.933333333334;	0.0;	0.13333333333333333;	0.13333333333333333;	0.13333333333333333
1376966511;	1;	2699.99866;	21.599989280000003;	0.8;	95340.0;	29881.333333333332;	0.0;	0.13333333333333333;	0.2;	0.2
1376966811;	1;	2699.99866;	25.19998749333333;	0.9333333333333332;	95340.0;	29707.466666666667;	0.0;	0.3333333333333333;	0.13333333333333333;	0.13333333333333333
1376967111;	1;	2699.99866;	28.799985706666668;	1.0666666666666667;	95340.0;	28834.133333333335;	0.0;	0.2;	0.13333333333333333;	0.13333333333333333
1376967411;	1;	2699.99866;	21.599989280000003;	0.8;	95340.0;	26037.333333333332;	0.0;	0.13333333333333333;	0.13333333333333333;	0.13333333333333333
1376967711;	1;	2699.99866;	25.19998749333333;	0.9333333333333332;	95340.0;	25861.866666666665;	0.0;	0.13333333333333333;	0.2;	0.2
1376968011;	1;	2699.99866;	28.799985706666668;	1.0666666666666667;	95340.0;	29007.466666666667;	0.0;	0.26666666666666666;	0.13333333333333333;	0.13333333333333333
1376968311;	1;	2699.99866;	21.599989280000003;	0.8;	95340.0;	26386.666666666668;	0.0;	0.13333333333333333;	1.1333333333333333;	1.1333333333333333
1376968611;	1;	2699.99866;	21.599989280000003;	0.8;	95340.0;	30930.933333333334;	0.0;	0.3333333333333333;	0.06666666666666667;	0.06666666666666667
1376968911;	1;	2699.99866;	28.799985706666668;	1.0666666666666667;	95340.0;	35999.2;	0.0;	0.2;	0.06666666666666667;	0.06666666666666667
1376969211;	1;	2699.99866;	25.19998749333333;	0.9333333333333332;	95340.0;	29707.2;	0.0;	0.2;	0.06666666666666667;	0.06666666666666667
1376969511;	1;	2699.99866;	21.599989280000003;	0.8;	95340.0;	34251.46666666667;	0.0;	0.2;	0.06666666666666667;	0.06666666666666667
1376969811;	1;	2699.99866;	25.19998749333333;	0.9333333333333332;	95340.0;	35998.4;	0.0;	0.2;	0.06666666666666667;	0.06666666666666667
1376970111;	1;	2699.99866;	28.799985706666668;	1.0666666666666667;	95340.0;	31105.866666666665;	0.0;	0.2;	0.06666666666666667;	0.06666666666666667
1376970411;	1;	2699.99866;	21.599989280000003;	0.8;	95340.0;	33028.8;	0.0;	0.26666666666666666;	0.06666666666666667;	0.06666666666666667
1376970711;	1;	2699.99866;	25.19998749333333;	0.9333333333333332;	95340.0;	33202.666666666664;	0.0;	0.2;	0.06666666666666667;	0.06666666666666667
1376971011;	1;	2699.99866;	28.799985706666668;	1.0666666666666667;	95340.0;	33726.666666666664;	0.0;	0.13333333333333333;	0.06666666666666667;	0.06666666666666667
1376971311;	1;	2699.99866;	21.599989280000003;	0.8;	95340.0;	29531.466666666667;	0.0;	0.13333333333333333;	0.13333333333333333;	0.13333333333333333
1376971611;	1;	2699.99866;	25.19998749333333;	0.9333333333333332;	95340.0;	29882.133333333335;	0.0;	0.2;	0.06666666666666667;	0.06666666666666667
1376971911;	1;	2699.99866;	28.799985706666668;	1.0666666666666667;	95340.0;	24813.866666666665;	0.0;	0.2;	1.1333333333333333;	1.1333333333333333
1376972211;	1;	2699.99866;	21.599989280000003;	0.8;	95340.0;	29357.6;	0.0;	0.2;	0.06666666666666667;	0.06666666666666667
1376972512;	1;	2699.99866;	25.19998749333333;	0.9333333333333332;	95340.0;	28134.666666666668;	0.0;	0.26666666666666666;	0.06666666666666667;	0.06666666666666667
1376972812;	1;	2699.99866;	26.999986600000003;	1.0;	95340.0;	29881.866666666665;	0.0;	0.2;	0.13333333333333333;	0.13333333333333333
1376973112;	1;	2699.99866;	21.599989280000003;	0.8;	95340.0;	31455.466666666667;	0.0;	0.13333333333333333;	0.06666666666666667;	0.06666666666666667
1376973412;	1;	2699.99866;	21.599989280000003;	0.8;	95340.0;	30232.266666666666;	0.0;	0.13333333333333333;	0.06666666666666667;	0.06666666666666667
1376973712;	1;	2699.99866;	28.799985706666668;	1.0666666666666667;	95340.0;	39843.2;	0.0;	0.2;	0.06666666666666667;	0.06666666666666667
1376974012;	1;	2699.99866;	23.399988386666667;	0.8666666666666667;	95340.0;	29182.4;	0.0;	0.3333333333333333;	0.06666666666666667;	0.06666666666666667
1376974312;	1;	2699.99866;	21.599989280000003;	0.8;	95340.0;	37397.6;	0.0;	0.13333333333333333;	0.06666666666666667;	0.06666666666666667
1376974612;	1;	2699.99866;	26.999986600000003;	1.0;	95340.0;	33378.13333333333;	0.0;	0.2;	0.06666666666666667;	0.06666666666666667
1376974912;	1;	2699.99866;	25.19998749333333;	0.9333333333333332;	95340.0;	27435.2;	0.0;	0.13333333333333333;	0.06666666666666667;	0.06666666666666667
1376975212;	1;	2699.99866;	21.599989280000003;	0.8;	95340.0;	36000.0;	0.0;	0.13333333333333333;	0.06666666666666667;	0.06666666666666667
1376975512;	1;	2699.99866;	28.799985706666668;	1.0666666666666667;	95340.0;	27958.666666666668;	0.0;	0.26666666666666666;	1.0666666666666667;	1.0666666666666667
1376975812;	1;	2699.99866;	25.19998749333333;	0.9333333333333332;	95340.0;	31629.866666666665;	0.0;	0.2;	0.06666666666666667;	0.06666666666666667
1376976112;	1;	2699.99866;	21.599989280000003;	0.8;	95340.0;	27260.533333333333;	0.0;	0.13333333333333333;	0.13333333333333333;	0.13333333333333333
1376976412;	1;	2699.99866;	25.19998749333333;	0.9333333333333332;	95340.0;	24638.666666666668;	0.0;	0.26666666666666666;	0.06666666666666667;	0.06666666666666667
1376976712;	1;	2699.99866;	28.799985706666668;	1.0666666666666667;	95340.0;	32329.6;	0.0;	0.2;	7.8;	7.866666666666666
1376977012;	1;	2699.99866;	21.599989280000003;	0.8;	95340.0;	34427.46666666667;	0.0;	0.13333333333333333;	0.13333333333333333;	0.13333333333333333
1376977312;	1;	2699.99866;	25.19998749333333;	0.9333333333333332;	95340.0;	34774.933333333334;	0.0;	0.3333333333333333;	0.2;	0.2
1376977612;	1;	2699.99866;	28.799985706666668;	1.0666666666666667;	95340.0;	29881.6;	0.0;	0.26666666666666666;	0.13333333333333333;	0.13333333333333333
1376977912;	1;	2699.99866;	21.599989280000003;	0.8;	95340.0;	29533.333333333332;	0.0;	0.13333333333333333;	0.2;	0.2
1376978212;	1;	2699.99866;	21.599989280000003;	0.8;	95340.0;	27960.266666666666;	0.0;	0.2;	0.13333333333333333;	0.13333333333333333
1376978512;	1;	2699.99866;	28.799985706666668;	1.0666666666666667;	95340.0;	30232.266666666666;	0.0;	0.2;	0.13333333333333333;	0.13333333333333333
1376978812;	1;	2699.99866;	25.19998749333333;	0.9333333333333332;	95340.0;	30232.266666666666;	0.0;	0.13333333333333333;	0.13333333333333333;	0.13333333333333333
1376979112;	1;	2699.99866;	21.599989280000003;	0.8;	95340.0;	35125.86666666667;	0.0;	0.13333333333333333;	1.2666666666666666;	1.2666666666666666
1376979412;	1;	2699.99866;	32.39998392;	1.2;	95340.0;	32678.933333333334;	0.0;	0.26666666666666666;	0.13333333333333333;	0.13333333333333333
1376979712;	1;	2699.99866;	21.599989280000003;	0.8;	95340.0;	31979.733333333334;	0.0;	0.13333333333333333;	0.13333333333333333;	0.13333333333333333
1376980012;	1;	2699.99866;	21.599989280000003;	0.8;	95340.0;	27959.733333333334;	0.0;	0.26666666666666666;	0.13333333333333333;	0.13333333333333333
1376980312;	1;	2699.99866;	28.799985706666668;	1.0666666666666667;	95340.0;	32154.4;	0.0;	0.2;	0.13333333333333333;	0.13333333333333333
1376980612;	1;	2699.99866;	25.19998749333333;	0.9333333333333332;	95340.0;	27260.533333333333;	0.0;	0.13333333333333333;	0.13333333333333333;	0.13333333333333333
1376980912;	1;	2699.99866;	21.599989280000003;	0.8;	95340.0;	27085.866666666665;	0.0;	0.26666666666666666;	0.13333333333333333;	0.13333333333333333
1376981212;	1;	2699.99866;	28.799985706666668;	1.0666666666666667;	95340.0;	30057.6;	0.0;	0.3333333333333333;	0.13333333333333333;	0.13333333333333333
1376981512;	1;	2699.99866;	23.399988386666667;	0.8666666666666667;	95340.0;	38446.933333333334;	0.0;	0.13333333333333333;	0.06666666666666667;	0.06666666666666667
1376981812;	1;	2699.99866;	21.599989280000003;	0.8;	95340.0;	32853.6;	0.0;	0.13333333333333333;	0.06666666666666667;	0.06666666666666667
1376982112;	1;	2699.99866;	25.19998749333333;	0.9333333333333332;	95340.0;	28659.2;	0.0;	0.2;	0.13333333333333333;	0.13333333333333333
1376982412;	1;	2699.99866;	25.19998749333333;	0.9333333333333332;	95340.0;	27610.4;	0.0;	0.2;	0.26666666666666666;	0.26666666666666666
1376982712;	1;	2699.99866;	21.599989280000003;	0.8;	95340.0;	33028.53333333333;	0.0;	0.13333333333333333;	3.2666666666666666;	3.2666666666666666
1376983012;	1;	2699.99866;	25.19998749333333;	0.9333333333333332;	95340.0;	31804.8;	0.0;	0.3333333333333333;	0.06666666666666667;	0.06666666666666667
1376983312;	1;	2699.99866;	28.799985706666668;	1.0666666666666667;	95340.0;	27960.266666666666;	0.0;	0.13333333333333333;	0.06666666666666667;	0.06666666666666667
1376983612;	1;	2699.99866;	21.599989280000003;	0.8;	95340.0;	26037.333333333332;	0.0;	0.13333333333333333;	0.06666666666666667;	0.06666666666666667
1376983912;	1;	2699.99866;	25.19998749333333;	0.9333333333333332;	95340.0;	36523.46666666667;	0.0;	0.26666666666666666;	0.06666666666666667;	0.06666666666666667
1376984212;	1;	2699.99866;	28.799985706666668;	1.0666666666666667;	95340.0;	35301.066666666666;	0.0;	0.13333333333333333;	0.06666666666666667;	0.06666666666666667
1376984512;	1;	2699.99866;	21.599989280000003;	0.8;	95340.0;	26911.466666666667;	0.0;	0.13333333333333333;	0.06666666666666667;	0.06666666666666667
1376984812;	1;	2699.99866;	21.599989280000003;	0.8;	95340.0;	25163.2;	0.0;	0.26666666666666666;	0.13333333333333333;	0.13333333333333333
1376985112;	1;	2699.99866;	32.39998392;	1.2;	95340.0;	26561.333333333332;	0.0;	0.2;	0.06666666666666667;	0.06666666666666667
1376985412;	1;	2699.99866;	21.599989280000003;	0.8;	95340.0;	30407.2;	0.0;	0.13333333333333333;	0.06666666666666667;	0.06666666666666667
1376985712;	1;	2699.99866;	25.19998749333333;	0.9333333333333332;	95340.0;	29357.6;	0.0;	0.26666666666666666;	0.2;	0.13333333333333333
1376986012;	1;	2699.99866;	28.799985706666668;	1.0666666666666667;	95340.0;	29008.8;	0.0;	0.13333333333333333;	0.06666666666666667;	0.06666666666666667
1376986312;	1;	2699.99866;	21.599989280000003;	0.8;	95340.0;	29357.6;	0.0;	0.13333333333333333;	1.0666666666666667;	1.0666666666666667
1376986612;	1;	2699.99866;	21.599989280000003;	0.8;	95340.0;	30930.4;	0.0;	0.2;	0.13333333333333333;	0.06666666666666667
1376986912;	1;	2699.99866;	34.19998302666667;	1.2666666666666666;	95340.0;	29183.466666666667;	0.0;	0.2;	118.0;	119.86666666666666
1376987212;	1;	2699.99866;	52.19997409333334;	1.9333333333333333;	95340.0;	32853.333333333336;	0.0;	0.2;	523.2;	531.8
1376987512;	1;	2699.99866;	59.399970520000004;	2.2;	95340.0;	35650.666666666664;	0.0;	0.13333333333333333;	547.3333333333334;	556.2666666666667
1376987812;	1;	2699.99866;	50.39997498666666;	1.8666666666666665;	95340.0;	31105.333333333332;	0.0;	0.2;	310.4;	315.26666666666665
1376988112;	1;	2699.99866;	26.999986600000003;	1.0;	95340.0;	36698.4;	0.0;	0.13333333333333333;	46.266666666666666;	47.06666666666667
1376988412;	1;	2699.99866;	21.599989280000003;	0.8;	95340.0;	32678.133333333335;	0.0;	0.26666666666666666;	0.2;	0.13333333333333333
1376988712;	1;	2699.99866;	25.19998749333333;	0.9333333333333332;	95340.0;	30232.0;	0.0;	0.2;	0.2;	0.2
1376989012;	1;	2699.99866;	28.799985706666668;	1.0666666666666667;	95340.0;	24289.6;	0.0;	0.13333333333333333;	0.13333333333333333;	0.13333333333333333
1376989312;	1;	2699.99866;	21.599989280000003;	0.8;	95340.0;	28833.6;	0.0;	0.13333333333333333;	0.2;	0.2
1376989612;	1;	2699.99866;	25.19998749333333;	0.9333333333333332;	95340.0;	25513.333333333332;	0.0;	0.26666666666666666;	0.2;	0.2
1376989912;	1;	2699.99866;	28.799985706666668;	1.0666666666666667;	95340.0;	35300.26666666667;	0.0;	0.2;	1.1333333333333333;	1.0666666666666667
1376990212;	1;	2699.99866;	21.599989280000003;	0.8;	95340.0;	37222.933333333334;	0.0;	0.2;	2.0;	2.0
1376990512;	1;	2699.99866;	23.399988386666667;	0.8666666666666667;	95340.0;	26561.866666666665;	0.0;	0.2;	0.4;	0.4
1376990812;	1;	2699.99866;	30.599984813333336;	1.1333333333333333;	95340.0;	32853.86666666667;	0.0;	0.26666666666666666;	0.2;	0.2
1376991112;	1;	2699.99866;	21.599989280000003;	0.8;	95340.0;	34601.6;	0.0;	0.13333333333333333;	0.13333333333333333;	0.13333333333333333
1376991412;	1;	2699.99866;	21.599989280000003;	0.8;	95340.0;	32853.333333333336;	0.0;	0.2;	0.13333333333333333;	0.13333333333333333
1376991712;	1;	2699.99866;	32.39998392;	1.2;	95340.0;	27086.133333333335;	0.0;	0.2;	0.13333333333333333;	0.13333333333333333
1376992012;	1;	2699.99866;	21.599989280000003;	0.8;	95340.0;	28833.6;	0.0;	0.3333333333333333;	0.13333333333333333;	0.13333333333333333
1376992312;	1;	2699.99866;	21.599989280000003;	0.8;	95340.0;	30756.8;	0.0;	0.2;	0.13333333333333333;	0.13333333333333333
1376992612;	1;	2699.99866;	28.799985706666668;	1.0666666666666667;	95340.0;	33202.933333333334;	0.0;	0.2;	0.13333333333333333;	0.13333333333333333
1376992913;	1;	2699.99866;	21.599989280000003;	0.8;	95340.0;	35126.4;	0.0;	0.26666666666666666;	0.13333333333333333;	0.13333333333333333
1376993213;	1;	2699.99866;	23.399988386666667;	0.8666666666666667;	95340.0;	31454.933333333334;	0.0;	0.26666666666666666;	0.13333333333333333;	0.13333333333333333
1376993513;	1;	2699.99866;	30.599984813333336;	1.1333333333333333;	95340.0;	26911.2;	0.0;	0.13333333333333333;	1.0666666666666667;	1.0666666666666667
1376993813;	1;	2699.99866;	149.39992585333337;	5.533333333333334;	95340.0;	29182.666666666668;	0.0;	0.2;	4638.533333333334;	4714.533333333334
1376994123;	1;	2699.99866;	1094.3994568533335;	40.53333333333333;	95340.0;	34950.666666666664;	0.0;	0.13333333333333333;	9272.733333333334;	9424.466666666667
1376994423;	1;	2699.99866;	28.799985706666668;	1.0666666666666667;	95340.0;	29007.466666666667;	0.0;	0.26666666666666666;	1.3333333333333333;	1.3333333333333333
1376994724;	1;	2699.99866;	26.999986600000003;	1.0;	95340.0;	32678.4;	0.0;	0.13333333333333333;	3.6666666666666665;	3.6
1376995024;	1;	2699.99866;	21.599989280000003;	0.8;	95340.0;	31979.466666666667;	0.0;	0.13333333333333333;	2.3333333333333335;	2.3333333333333335
1376995324;	1;	2699.99866;	25.19998749333333;	0.9333333333333332;	95340.0;	31104.533333333333;	0.0;	0.2;	10.266666666666667;	10.266666666666667
1376995624;	1;	2699.99866;	28.799985706666668;	1.0666666666666667;	95340.0;	35824.8;	0.0;	0.3333333333333333;	1.2;	1.2
1376995924;	1;	2699.99866;	19.799990173333335;	0.7333333333333333;	95340.0;	31979.466666666667;	0.0;	0.2;	0.06666666666666667;	0.06666666666666667
1376996224;	1;	2699.99866;	21.599989280000003;	0.8;	95340.0;	31281.333333333332;	0.0;	0.13333333333333333;	0.06666666666666667;	0.06666666666666667
1376996524;	1;	2699.99866;	26.999986600000003;	1.0;	95340.0;	29533.333333333332;	0.0;	0.26666666666666666;	0.2;	0.2
1376996824;	1;	2699.99866;	25.19998749333333;	0.9333333333333332;	95340.0;	34251.46666666667;	0.0;	0.2;	0.06666666666666667;	0.06666666666666667
1376997124;	1;	2699.99866;	21.599989280000003;	0.8;	95340.0;	39670.4;	0.0;	0.2;	2.0;	2.0
1376997424;	1;	2699.99866;	25.19998749333333;	0.9333333333333332;	95340.0;	32154.4;	0.0;	0.4;	0.3333333333333333;	0.26666666666666666
1376997724;	1;	2699.99866;	26.999986600000003;	1.0;	95340.0;	35998.933333333334;	0.0;	0.13333333333333333;	0.3333333333333333;	0.3333333333333333
1376998024;	1;	2699.99866;	21.599989280000003;	0.8;	95340.0;	34076.53333333333;	0.0;	0.2;	0.06666666666666667;	0.06666666666666667
1376998324;	1;	2699.99866;	21.599989280000003;	0.8;	95340.0;	27959.733333333334;	0.0;	0.13333333333333333;	0.6;	0.6
1376998624;	1;	2699.99866;	28.799985706666668;	1.0666666666666667;	95340.0;	30057.066666666666;	0.0;	0.2;	0.06666666666666667;	0.06666666666666667
1376998924;	1;	2699.99866;	25.19998749333333;	0.9333333333333332;	95340.0;	27260.533333333333;	0.0;	0.13333333333333333;	0.06666666666666667;	0.06666666666666667
1376999224;	1;	2699.99866;	21.599989280000003;	0.8;	95340.0;	28134.933333333334;	0.0;	0.3333333333333333;	0.06666666666666667;	0.06666666666666667
1376999524;	1;	2699.99866;	25.19998749333333;	0.9333333333333332;	95340.0;	30407.2;	0.0;	0.26666666666666666;	0.06666666666666667;	0.06666666666666667
1376999824;	1;	2699.99866;	28.799985706666668;	1.0666666666666667;	95340.0;	28833.6;	0.0;	0.13333333333333333;	0.06666666666666667;	0.06666666666666667
1377000124;	1;	2699.99866;	21.599989280000003;	0.8;	95340.0;	30755.466666666667;	0.0;	0.13333333333333333;	0.06666666666666667;	0.06666666666666667
1377000424;	1;	2699.99866;	21.599989280000003;	0.8;	95340.0;	33552.53333333333;	0.0;	0.13333333333333333;	0.2;	0.2
1377000724;	1;	2699.99866;	28.799985706666668;	1.0666666666666667;	95340.0;	34426.13333333333;	0.0;	0.2;	1.0666666666666667;	1.0666666666666667
1377001024;	1;	2699.99866;	25.19998749333333;	0.9333333333333332;	95340.0;	31805.333333333332;	0.0;	0.2;	0.13333333333333333;	0.06666666666666667
1377001324;	1;	2699.99866;	21.599989280000003;	0.8;	95340.0;	33377.86666666667;	0.0;	0.13333333333333333;	1.4666666666666666;	1.4
1377001624;	1;	2699.99866;	97.19995176;	3.6;	95340.0;	34601.86666666667;	0.0;	1.2666666666666666;	2.4;	2.4
1377001924;	1;	2699.99866;	28.799985706666668;	1.0666666666666667;	95340.0;	28658.133333333335;	0.0;	0.13333333333333333;	3.3333333333333335;	3.3333333333333335
1377002224;	1;	2699.99866;	21.599989280000003;	0.8;	95340.0;	27086.933333333334;	0.0;	0.2;	0.06666666666666667;	0.06666666666666667
1377002524;	1;	2699.99866;	21.599989280000003;	0.8;	95340.0;	30231.733333333334;	0.0;	0.13333333333333333;	0.13333333333333333;	0.13333333333333333
1377002824;	1;	2699.99866;	28.799985706666668;	1.0666666666666667;	95340.0;	35475.73333333333;	0.0;	1.2666666666666666;	0.06666666666666667;	0.06666666666666667
1377003125;	1;	2699.99866;	28.799985706666668;	1.0666666666666667;	95340.0;	31280.266666666666;	0.0;	0.13333333333333333;	0.13333333333333333;	0.13333333333333333
1377003425;	1;	2699.99866;	21.599989280000003;	0.8;	95340.0;	33028.0;	0.0;	0.13333333333333333;	0.13333333333333333;	0.13333333333333333
1377003725;	1;	2699.99866;	25.19998749333333;	0.9333333333333332;	95340.0;	28134.133333333335;	0.0;	0.2;	0.13333333333333333;	0.13333333333333333
1377004025;	1;	2699.99866;	28.799985706666668;	1.0666666666666667;	95340.0;	30930.933333333334;	0.0;	0.2;	0.13333333333333333;	0.13333333333333333
1377004325;	1;	2699.99866;	19.799990173333335;	0.7333333333333333;	95340.0;	30231.466666666667;	0.0;	0.13333333333333333;	0.7333333333333333;	0.7333333333333333
1377004625;	1;	2699.99866;	21.599989280000003;	0.8;	95340.0;	29358.666666666668;	0.0;	0.2;	0.13333333333333333;	0.13333333333333333
1377004925;	1;	2699.99866;	28.799985706666668;	1.0666666666666667;	95340.0;	36698.666666666664;	0.0;	0.26666666666666666;	0.13333333333333333;	0.13333333333333333
1377005225;	1;	2699.99866;	25.19998749333333;	0.9333333333333332;	95340.0;	31280.0;	0.0;	0.2;	0.2;	0.2
1377005525;	1;	2699.99866;	21.599989280000003;	0.8;	95340.0;	26736.533333333333;	0.0;	0.2;	0.6;	0.6
1377005825;	1;	2699.99866;	25.19998749333333;	0.9333333333333332;	95340.0;	25512.8;	0.0;	0.2;	0.13333333333333333;	0.13333333333333333
1377006125;	1;	2699.99866;	28.799985706666668;	1.0666666666666667;	95340.0;	32853.066666666666;	0.0;	0.13333333333333333;	0.2;	0.2
1377006425;	1;	2699.99866;	21.599989280000003;	0.8;	95340.0;	31280.533333333333;	0.0;	0.4;	0.2;	0.2
1377006725;	1;	2699.99866;	21.599989280000003;	0.8;	95340.0;	28833.6;	0.0;	0.13333333333333333;	0.13333333333333333;	0.13333333333333333
1377007025;	1;	2699.99866;	28.799985706666668;	1.0666666666666667;	95340.0;	30231.466666666667;	0.0;	0.2;	0.6;	0.5333333333333333
1377007325;	1;	2699.99866;	25.19998749333333;	0.9333333333333332;	95340.0;	33028.53333333333;	0.0;	0.2;	0.13333333333333333;	0.13333333333333333
1377007625;	1;	2699.99866;	21.599989280000003;	0.8;	95340.0;	32153.333333333332;	0.0;	0.13333333333333333;	0.13333333333333333;	0.13333333333333333
1377007925;	1;	2699.99866;	28.799985706666668;	1.0666666666666667;	95340.0;	27610.933333333334;	0.0;	0.26666666666666666;	0.7333333333333333;	0.7333333333333333
1377008225;	1;	2699.99866;	25.19998749333333;	0.9333333333333332;	95340.0;	29183.466666666667;	0.0;	0.2;	0.06666666666666667;	0.06666666666666667
1377008525;	1;	2699.99866;	21.599989280000003;	0.8;	95340.0;	28309.066666666666;	0.0;	0.13333333333333333;	0.13333333333333333;	0.13333333333333333
1377008825;	1;	2699.99866;	25.19998749333333;	0.9333333333333332;	95340.0;	32679.2;	0.0;	0.2;	0.13333333333333333;	0.06666666666666667
1377009125;	1;	2699.99866;	28.799985706666668;	1.0666666666666667;	95340.0;	28659.2;	0.0;	0.13333333333333333;	0.6;	0.6
1377009425;	1;	2699.99866;	21.599989280000003;	0.8;	95340.0;	28134.133333333335;	0.0;	0.13333333333333333;	0.5333333333333333;	0.5333333333333333
1377009725;	1;	2699.99866;	21.599989280000003;	0.8;	95340.0;	27436.0;	0.0;	0.13333333333333333;	0.06666666666666667;	0.06666666666666667
1377010025;	1;	2699.99866;	28.799985706666668;	1.0666666666666667;	95340.0;	28833.333333333332;	0.0;	0.4;	0.06666666666666667;	0.06666666666666667
1377010325;	1;	2699.99866;	25.19998749333333;	0.9333333333333332;	95340.0;	25337.866666666665;	0.0;	0.13333333333333333;	0.06666666666666667;	0.06666666666666667
1377010625;	1;	2699.99866;	21.599989280000003;	0.8;	95340.0;	26386.133333333335;	0.0;	0.2;	0.06666666666666667;	0.06666666666666667
1377010925;	1;	2699.99866;	23.399988386666667;	0.8666666666666667;	95340.0;	28309.866666666665;	0.0;	0.13333333333333333;	0.06666666666666667;	0.06666666666666667
1377011226;	1;	2699.99866;	25.19998749333333;	0.9333333333333332;	95340.0;	34426.666666666664;	0.0;	0.26666666666666666;	0.2;	0.2
1377011526;	1;	2699.99866;	21.599989280000003;	0.8;	95340.0;	36872.8;	0.0;	0.13333333333333333;	0.6666666666666666;	0.6666666666666666
1377011826;	1;	2699.99866;	21.599989280000003;	0.8;	95340.0;	28658.933333333334;	0.0;	0.2;	0.06666666666666667;	0.06666666666666667
1377012126;	1;	2699.99866;	28.799985706666668;	1.0666666666666667;	95340.0;	29008.8;	0.0;	0.2;	0.06666666666666667;	0.06666666666666667
1377012426;	1;	2699.99866;	25.19998749333333;	0.9333333333333332;	95340.0;	27960.266666666666;	0.0;	0.2;	0.06666666666666667;	0.06666666666666667
1377012726;	1;	2699.99866;	21.599989280000003;	0.8;	95340.0;	36348.53333333333;	0.0;	0.13333333333333333;	0.6;	0.6
1377013026;	1;	2699.99866;	25.19998749333333;	0.9333333333333332;	95340.0;	30056.8;	0.0;	0.26666666666666666;	0.13333333333333333;	0.13333333333333333
1377013326;	1;	2699.99866;	28.799985706666668;	1.0666666666666667;	95340.0;	29707.2;	0.0;	0.13333333333333333;	0.06666666666666667;	0.06666666666666667
1377013626;	1;	2699.99866;	21.599989280000003;	0.8;	95340.0;	33028.26666666667;	0.0;	0.26666666666666666;	0.06666666666666667;	0.06666666666666667
1377013926;	1;	2699.99866;	21.599989280000003;	0.8;	95340.0;	29533.333333333332;	0.0;	0.13333333333333333;	0.06666666666666667;	0.06666666666666667
1377014226;	1;	2699.99866;	28.799985706666668;	1.0666666666666667;	95340.0;	26037.333333333332;	0.0;	0.2;	0.06666666666666667;	0.06666666666666667
1377014526;	1;	2699.99866;	25.19998749333333;	0.9333333333333332;	95340.0;	25512.8;	0.0;	0.13333333333333333;	0.13333333333333333;	0.13333333333333333
1377014825;	1;	2699.99866;	21.599989280000003;	0.8;	95340.0;	31105.333333333332;	0.0;	0.2;	0.06666666666666667;	0.06666666666666667
1377015125;	1;	2699.99866;	23.399988386666667;	0.8666666666666667;	95340.0;	33027.46666666667;	0.0;	0.13333333333333333;	0.6666666666666666;	0.6666666666666666
1377015425;	1;	2699.99866;	26.999986600000003;	1.0;	95340.0;	29707.733333333334;	0.0;	0.26666666666666666;	0.06666666666666667;	0.06666666666666667
1377015725;	1;	2699.99866;	25.19998749333333;	0.9333333333333332;	95340.0;	29008.8;	0.0;	0.13333333333333333;	0.13333333333333333;	0.13333333333333333
1377016025;	1;	2699.99866;	21.599989280000003;	0.8;	95340.0;	31629.866666666665;	0.0;	0.13333333333333333;	0.13333333333333333;	0.13333333333333333
1377016325;	1;	2699.99866;	25.19998749333333;	0.9333333333333332;	95340.0;	30580.533333333333;	0.0;	0.26666666666666666;	0.6;	0.6
1377016625;	1;	2699.99866;	28.799985706666668;	1.0666666666666667;	95340.0;	29008.0;	0.0;	0.13333333333333333;	0.13333333333333333;	0.13333333333333333
1377016925;	1;	2699.99866;	21.599989280000003;	0.8;	95340.0;	28309.333333333332;	0.0;	0.13333333333333333;	0.13333333333333333;	0.13333333333333333
1377017225;	1;	2699.99866;	21.599989280000003;	0.8;	95340.0;	29533.866666666665;	0.0;	0.26666666666666666;	0.13333333333333333;	0.13333333333333333
1377017526;	1;	2699.99866;	28.799985706666668;	1.0666666666666667;	95340.0;	25862.933333333334;	0.0;	0.2;	0.2;	0.13333333333333333
1377017826;	1;	2699.99866;	25.19998749333333;	0.9333333333333332;	95340.0;	39669.333333333336;	0.0;	0.13333333333333333;	0.2;	0.2
1377018126;	1;	2699.99866;	21.599989280000003;	0.8;	95340.0;	33202.933333333334;	0.0;	0.13333333333333333;	0.13333333333333333;	0.13333333333333333
1377018426;	1;	2699.99866;	25.19998749333333;	0.9333333333333332;	95340.0;	32328.533333333333;	0.0;	0.26666666666666666;	0.2;	0.13333333333333333
1377018726;	1;	2699.99866;	28.799985706666668;	1.0666666666666667;	95340.0;	26386.4;	0.0;	0.13333333333333333;	0.7333333333333333;	0.7333333333333333
1377019026;	1;	2699.99866;	21.599989280000003;	0.8;	95340.0;	35125.333333333336;	0.0;	0.3333333333333333;	0.2;	0.2
1377019326;	1;	2699.99866;	21.599989280000003;	0.8;	95340.0;	33727.2;	0.0;	0.13333333333333333;	0.13333333333333333;	0.13333333333333333
1377019626;	1;	2699.99866;	28.799985706666668;	1.0666666666666667;	95340.0;	33727.46666666667;	0.0;	0.26666666666666666;	0.26666666666666666;	0.26666666666666666
1377019926;	1;	2699.99866;	25.19998749333333;	0.9333333333333332;	95340.0;	31105.066666666666;	0.0;	0.13333333333333333;	0.6;	0.6
1377020226;	1;	2699.99866;	21.599989280000003;	0.8;	95340.0;	28133.866666666665;	0.0;	0.13333333333333333;	0.13333333333333333;	0.13333333333333333
1377020526;	1;	2699.99866;	28.799985706666668;	1.0666666666666667;	95340.0;	30406.4;	0.0;	0.26666666666666666;	0.13333333333333333;	0.13333333333333333
1377020826;	1;	2699.99866;	23.399988386666667;	0.8666666666666667;	95340.0;	30756.8;	0.0;	0.3333333333333333;	0.2;	0.2
1377021126;	1;	2699.99866;	21.599989280000003;	0.8;	95340.0;	25338.4;	0.0;	0.13333333333333333;	0.06666666666666667;	0.06666666666666667
1377021426;	1;	2699.99866;	23.399988386666667;	0.8666666666666667;	95340.0;	24639.2;	0.0;	0.2;	0.06666666666666667;	0.06666666666666667
1377021726;	1;	2699.99866;	28.799985706666668;	1.0666666666666667;	95340.0;	25338.4;	0.0;	0.13333333333333333;	0.06666666666666667;	0.06666666666666667
1377022026;	1;	2699.99866;	21.599989280000003;	0.8;	95340.0;	28484.266666666666;	0.0;	0.2;	0.2;	0.2
1377022326;	1;	2699.99866;	21.599989280000003;	0.8;	95340.0;	25512.533333333333;	0.0;	0.13333333333333333;	0.6666666666666666;	0.6666666666666666
1377022626;	1;	2699.99866;	25.19998749333333;	0.9333333333333332;	95340.0;	25862.933333333334;	0.0;	0.4;	0.06666666666666667;	0.06666666666666667
1377022926;	1;	2699.99866;	28.799985706666668;	1.0666666666666667;	95340.0;	28310.133333333335;	0.0;	0.13333333333333333;	0.06666666666666667;	0.06666666666666667
1377023226;	1;	2699.99866;	21.599989280000003;	0.8;	95340.0;	27086.4;	0.0;	0.13333333333333333;	0.4666666666666667;	0.4666666666666667
1377023526;	1;	2699.99866;	21.599989280000003;	0.8;	95340.0;	27435.2;	0.0;	0.13333333333333333;	0.5333333333333333;	0.5333333333333333
1377023826;	1;	2699.99866;	28.799985706666668;	1.0666666666666667;	95340.0;	26911.2;	0.0;	0.26666666666666666;	0.06666666666666667;	0.06666666666666667
1377024126;	1;	2699.99866;	25.19998749333333;	0.9333333333333332;	95340.0;	26210.933333333334;	0.0;	0.13333333333333333;	0.06666666666666667;	0.06666666666666667
1377024426;	1;	2699.99866;	21.599989280000003;	0.8;	95340.0;	27086.933333333334;	0.0;	0.3333333333333333;	0.06666666666666667;	0.06666666666666667
1377024726;	1;	2699.99866;	25.19998749333333;	0.9333333333333332;	95340.0;	34076.8;	0.0;	0.26666666666666666;	0.06666666666666667;	0.06666666666666667
1377025026;	1;	2699.99866;	28.799985706666668;	1.0666666666666667;	95340.0;	29881.6;	0.0;	0.13333333333333333;	0.06666666666666667;	0.06666666666666667
1377025326;	1;	2699.99866;	21.599989280000003;	0.8;	95340.0;	34600.8;	0.0;	0.13333333333333333;	0.13333333333333333;	0.06666666666666667
1377025627;	1;	2699.99866;	25.19998749333333;	0.9333333333333332;	95340.0;	32852.8;	0.0;	0.2;	0.06666666666666667;	0.06666666666666667
1377025927;	1;	2699.99866;	28.799985706666668;	1.0666666666666667;	95340.0;	34951.2;	0.0;	0.13333333333333333;	0.6666666666666666;	0.6666666666666666
1377026227;	1;	2699.99866;	21.599989280000003;	0.8;	95340.0;	31979.2;	0.0;	0.26666666666666666;	0.2;	0.2
1377026527;	1;	2699.99866;	21.599989280000003;	0.8;	95340.0;	27261.066666666666;	0.0;	0.13333333333333333;	0.13333333333333333;	0.13333333333333333
1377026827;	1;	2699.99866;	25.19998749333333;	0.9333333333333332;	95340.0;	27436.266666666666;	0.0;	0.26666666666666666;	0.06666666666666667;	0.06666666666666667
1377027127;	1;	2699.99866;	28.799985706666668;	1.0666666666666667;	95340.0;	27784.8;	0.0;	0.13333333333333333;	0.6;	0.5333333333333333
1377027427;	1;	2699.99866;	21.599989280000003;	0.8;	95340.0;	29009.333333333332;	0.0;	0.13333333333333333;	0.06666666666666667;	0.06666666666666667
1377027727;	1;	2699.99866;	21.599989280000003;	0.8;	95340.0;	37748.0;	0.0;	0.13333333333333333;	0.06666666666666667;	0.06666666666666667
1377028027;	1;	2699.99866;	28.799985706666668;	1.0666666666666667;	95340.0;	30930.4;	0.0;	0.26666666666666666;	0.13333333333333333;	0.06666666666666667
1377028327;	1;	2699.99866;	25.19998749333333;	0.9333333333333332;	95340.0;	27085.6;	0.0;	0.13333333333333333;	0.06666666666666667;	0.06666666666666667
1377028627;	1;	2699.99866;	21.599989280000003;	0.8;	95340.0;	33028.8;	0.0;	0.13333333333333333;	0.13333333333333333;	0.13333333333333333
1377028927;	1;	2699.99866;	25.19998749333333;	0.9333333333333332;	95340.0;	28832.8;	0.0;	0.26666666666666666;	0.13333333333333333;	0.13333333333333333
1377029227;	1;	2699.99866;	28.799985706666668;	1.0666666666666667;	95340.0;	37748.0;	0.0;	0.2;	0.13333333333333333;	0.13333333333333333
1377029527;	1;	2699.99866;	21.599989280000003;	0.8;	95340.0;	34600.8;	0.0;	0.13333333333333333;	0.7333333333333333;	0.7333333333333333
1377029827;	1;	2699.99866;	25.19998749333333;	0.9333333333333332;	95340.0;	32154.666666666668;	0.0;	0.26666666666666666;	0.13333333333333333;	0.13333333333333333
1377030127;	1;	2699.99866;	28.799985706666668;	1.0666666666666667;	95340.0;	34600.0;	0.0;	0.13333333333333333;	0.13333333333333333;	0.13333333333333333
1377030427;	1;	2699.99866;	21.599989280000003;	0.8;	95340.0;	38270.4;	0.0;	0.2;	0.2;	0.2
1377030727;	1;	2699.99866;	21.599989280000003;	0.8;	95340.0;	27260.0;	0.0;	0.13333333333333333;	0.6;	0.6
1377031027;	1;	2699.99866;	28.799985706666668;	1.0666666666666667;	95340.0;	28658.4;	0.0;	0.26666666666666666;	0.13333333333333333;	0.13333333333333333
1377031327;	1;	2699.99866;	25.19998749333333;	0.9333333333333332;	95340.0;	31455.466666666667;	0.0;	0.13333333333333333;	0.13333333333333333;	0.13333333333333333
1377031627;	1;	2699.99866;	21.599989280000003;	0.8;	95340.0;	29357.6;	0.0;	0.3333333333333333;	0.13333333333333333;	0.13333333333333333
1377031927;	1;	2699.99866;	25.19998749333333;	0.9333333333333332;	95340.0;	33552.8;	0.0;	0.2;	0.13333333333333333;	0.13333333333333333
1377032227;	1;	2699.99866;	28.799985706666668;	1.0666666666666667;	95340.0;	34600.8;	0.0;	0.2;	0.2;	0.2
1377032527;	1;	2699.99866;	21.599989280000003;	0.8;	95340.0;	29881.6;	0.0;	0.13333333333333333;	0.13333333333333333;	0.13333333333333333
1377032827;	1;	2699.99866;	21.599989280000003;	0.8;	95340.0;	25338.933333333334;	0.0;	0.13333333333333333;	0.13333333333333333;	0.13333333333333333
1377033127;	1;	2699.99866;	28.799985706666668;	1.0666666666666667;	95340.0;	31456.0;	0.0;	0.2;	0.6;	0.6
1377033427;	1;	2699.99866;	25.19998749333333;	0.9333333333333332;	95340.0;	29883.2;	0.0;	0.3333333333333333;	0.13333333333333333;	0.13333333333333333
1377033727;	1;	2699.99866;	21.599989280000003;	0.8;	95340.0;	27260.8;	0.0;	0.2;	0.13333333333333333;	0.13333333333333333
1377034027;	1;	2699.99866;	25.19998749333333;	0.9333333333333332;	95340.0;	28309.6;	0.0;	0.2;	0.0;	0.0
1377034327;	1;	2699.99866;	28.799985706666668;	1.0666666666666667;	95340.0;	27260.8;	0.0;	0.2;	0.6;	0.6
1377034627;	1;	2699.99866;	21.599989280000003;	0.8;	95340.0;	30406.4;	0.0;	0.13333333333333333;	0.06666666666666667;	0.06666666666666667
1377034928;	1;	2699.99866;	21.599989280000003;	0.8;	95340.0;	30930.4;	0.0;	0.13333333333333333;	0.06666666666666667;	0.13333333333333333
1377035228;	1;	2699.99866;	25.19998749333333;	0.9333333333333332;	95340.0;	32503.2;	0.0;	0.4;	0.06666666666666667;	0.06666666666666667
1377035528;	1;	2699.99866;	26.999986600000003;	1.0;	95340.0;	26736.0;	0.0;	0.13333333333333333;	0.06666666666666667;	0.06666666666666667
1377035828;	1;	2699.99866;	21.599989280000003;	0.8;	95340.0;	21493.6;	0.0;	0.13333333333333333;	0.06666666666666667;	0.06666666666666667
1377036128;	1;	2699.99866;	21.599989280000003;	0.8;	95340.0;	23765.866666666665;	0.0;	0.13333333333333333;	0.26666666666666666;	0.2
1377036428;	1;	2699.99866;	28.799985706666668;	1.0666666666666667;	95340.0;	27260.8;	0.0;	0.26666666666666666;	0.4;	0.4
1377036728;	1;	2699.99866;	25.19998749333333;	0.9333333333333332;	95340.0;	28834.4;	0.0;	0.13333333333333333;	0.6666666666666666;	0.6666666666666666
1377037028;	1;	2699.99866;	21.599989280000003;	0.8;	95340.0;	29881.6;	0.0;	0.2;	0.06666666666666667;	0.06666666666666667
1377037328;	1;	2699.99866;	21.599989280000003;	0.8;	95340.0;	30931.2;	0.0;	0.2;	0.06666666666666667;	0.06666666666666667
1377037628;	1;	2699.99866;	28.799985706666668;	1.0666666666666667;	95340.0;	29882.4;	0.0;	0.2;	0.06666666666666667;	0.06666666666666667
1377037928;	1;	2699.99866;	25.19998749333333;	0.9333333333333332;	95340.0;	24289.333333333332;	0.0;	0.13333333333333333;	0.6;	0.6
1377038229;	1;	2699.99866;	21.599989280000003;	0.8;	95340.0;	30757.066666666666;	0.0;	0.13333333333333333;	0.06666666666666667;	0.06666666666666667
1377038529;	1;	2699.99866;	25.19998749333333;	0.9333333333333332;	95340.0;	29008.266666666666;	0.0;	0.26666666666666666;	0.06666666666666667;	0.06666666666666667
1377038829;	1;	2699.99866;	28.799985706666668;	1.0666666666666667;	95340.0;	28832.8;	0.0;	0.3333333333333333;	0.06666666666666667;	0.06666666666666667
1377039129;	1;	2699.99866;	21.599989280000003;	0.8;	95340.0;	37748.0;	0.0;	0.2;	0.06666666666666667;	0.06666666666666667
1377039429;	1;	2699.99866;	21.599989280000003;	0.8;	95340.0;	31455.2;	0.0;	0.13333333333333333;	0.13333333333333333;	0.13333333333333333
1377039729;	1;	2699.99866;	28.799985706666668;	1.0666666666666667;	95340.0;	30057.333333333332;	0.0;	0.26666666666666666;	0.2;	0.2
1377040029;	1;	2699.99866;	25.19998749333333;	0.9333333333333332;	95340.0;	29357.6;	0.0;	0.13333333333333333;	0.26666666666666666;	0.2
1377040329;	1;	2699.99866;	21.599989280000003;	0.8;	95340.0;	26910.933333333334;	0.0;	0.26666666666666666;	0.6666666666666666;	0.6666666666666666
1377040629;	1;	2699.99866;	21.599989280000003;	0.8;	95340.0;	26212.0;	0.0;	0.2;	0.06666666666666667;	0.06666666666666667
1377040929;	1;	2699.99866;	28.799985706666668;	1.0666666666666667;	95340.0;	28308.8;	0.0;	0.2;	0.06666666666666667;	0.06666666666666667
1377041229;	1;	2699.99866;	25.19998749333333;	0.9333333333333332;	95340.0;	36872.8;	0.0;	0.2;	0.06666666666666667;	0.06666666666666667
1377041529;	1;	2699.99866;	21.599989280000003;	0.8;	95340.0;	33027.2;	0.0;	0.13333333333333333;	0.7333333333333333;	0.6666666666666666
1377041829;	1;	2699.99866;	25.19998749333333;	0.9333333333333332;	95340.0;	34077.6;	0.0;	0.2;	0.13333333333333333;	0.13333333333333333
1377042129;	1;	2699.99866;	28.799985706666668;	1.0666666666666667;	95340.0;	35126.4;	0.0;	0.13333333333333333;	0.13333333333333333;	0.13333333333333333
1377042429;	1;	2699.99866;	21.599989280000003;	0.8;	95340.0;	31979.2;	0.0;	0.26666666666666666;	0.13333333333333333;	0.13333333333333333
1377042729;	1;	2699.99866;	21.599989280000003;	0.8;	95340.0;	35300.53333333333;	0.0;	0.13333333333333333;	0.13333333333333333;	0.13333333333333333
1377043029;	1;	2699.99866;	28.799985706666668;	1.0666666666666667;	95340.0;	26212.0;	0.0;	0.26666666666666666;	0.13333333333333333;	0.13333333333333333
1377043329;	1;	2699.99866;	25.19998749333333;	0.9333333333333332;	95340.0;	26037.866666666665;	0.0;	0.13333333333333333;	0.2;	0.2
1377043629;	1;	2699.99866;	21.599989280000003;	0.8;	95340.0;	28484.533333333333;	0.0;	0.13333333333333333;	0.13333333333333333;	0.13333333333333333
1377043929;	1;	2699.99866;	25.19998749333333;	0.9333333333333332;	95340.0;	30057.066666666666;	0.0;	0.26666666666666666;	0.7333333333333333;	0.7333333333333333
1377044229;	1;	2699.99866;	28.799985706666668;	1.0666666666666667;	95340.0;	29707.2;	0.0;	0.2;	0.2;	0.2
1377044529;	1;	2699.99866;	21.599989280000003;	0.8;	95340.0;	37746.4;	0.0;	0.13333333333333333;	0.13333333333333333;	0.13333333333333333
1377044829;	1;	2699.99866;	25.19998749333333;	0.9333333333333332;	95340.0;	32503.2;	0.0;	0.2;	0.2;	0.13333333333333333
1377045129;	1;	2699.99866;	34.19998302666667;	1.2666666666666666;	95340.0;	27784.8;	0.0;	0.13333333333333333;	67.66666666666667;	68.6
1377045429;	1;	2699.99866;	21.599989280000003;	0.8;	95340.0;	35650.4;	0.0;	0.2;	0.2;	0.2
1377045729;	1;	2699.99866;	21.599989280000003;	0.8;	95340.0;	30931.2;	0.0;	0.2;	0.13333333333333333;	0.13333333333333333
1377046029;	1;	2699.99866;	28.799985706666668;	1.0666666666666667;	95340.0;	31454.4;	0.0;	0.4;	0.26666666666666666;	0.26666666666666666
1377046329;	1;	2699.99866;	25.19998749333333;	0.9333333333333332;	95340.0;	26735.733333333334;	0.0;	0.13333333333333333;	0.06666666666666667;	0.06666666666666667
1377046629;	1;	2699.99866;	21.599989280000003;	0.8;	95340.0;	29881.866666666665;	0.0;	0.13333333333333333;	0.2;	0.2
1377046929;	1;	2699.99866;	25.19998749333333;	0.9333333333333332;	95340.0;	30930.4;	0.0;	0.3333333333333333;	0.13333333333333333;	0.13333333333333333
1377047230;	1;	2699.99866;	28.799985706666668;	1.0666666666666667;	95340.0;	32853.6;	0.0;	0.13333333333333333;	0.13333333333333333;	0.13333333333333333
1377047529;	1;	2699.99866;	21.599989280000003;	0.8;	95340.0;	31978.4;	0.0;	0.2;	0.6666666666666666;	0.6666666666666666
1377047829;	1;	2699.99866;	25.19998749333333;	0.9333333333333332;	95340.0;	30580.533333333333;	0.0;	0.26666666666666666;	0.2;	0.2
1377048129;	1;	2699.99866;	28.799985706666668;	1.0666666666666667;	95340.0;	31979.2;	0.0;	0.13333333333333333;	0.06666666666666667;	0.06666666666666667
1377048429;	1;	2699.99866;	21.599989280000003;	0.8;	95340.0;	27260.0;	0.0;	0.2;	0.13333333333333333;	0.13333333333333333
1377048729;	1;	2699.99866;	21.599989280000003;	0.8;	95340.0;	30231.733333333334;	0.0;	0.13333333333333333;	0.5333333333333333;	0.5333333333333333
1377049029;	1;	2699.99866;	28.799985706666668;	1.0666666666666667;	95340.0;	35124.8;	0.0;	0.2;	0.13333333333333333;	0.13333333333333333
1377049329;	1;	2699.99866;	25.19998749333333;	0.9333333333333332;	95340.0;	26386.133333333335;	0.0;	0.13333333333333333;	0.06666666666666667;	0.06666666666666667
1377049629;	1;	2699.99866;	21.599989280000003;	0.8;	95340.0;	31106.133333333335;	0.0;	0.3333333333333333;	0.13333333333333333;	0.06666666666666667
1377049929;	1;	2699.99866;	25.19998749333333;	0.9333333333333332;	95340.0;	28308.8;	0.0;	0.2;	0.06666666666666667;	0.06666666666666667
1377050229;	1;	2699.99866;	32.39998392;	1.2;	95340.0;	23765.6;	0.0;	0.13333333333333333;	0.06666666666666667;	0.06666666666666667
1377050529;	1;	2699.99866;	21.599989280000003;	0.8;	95340.0;	29357.6;	0.0;	0.2;	0.2;	0.13333333333333333
1377050829;	1;	2699.99866;	21.599989280000003;	0.8;	95340.0;	31454.666666666668;	0.0;	0.13333333333333333;	0.06666666666666667;	0.06666666666666667
1377051129;	1;	2699.99866;	28.799985706666668;	1.0666666666666667;	95340.0;	28834.4;	0.0;	0.26666666666666666;	0.6666666666666666;	0.6666666666666666
1377051429;	1;	2699.99866;	25.19998749333333;	0.9333333333333332;	95340.0;	28308.8;	0.0;	0.2;	0.13333333333333333;	0.06666666666666667
1377051729;	1;	2699.99866;	21.599989280000003;	0.8;	95340.0;	32503.2;	0.0;	0.13333333333333333;	0.13333333333333333;	0.13333333333333333
1377052029;	1;	2699.99866;	21.599989280000003;	0.8;	95340.0;	30930.4;	0.0;	0.13333333333333333;	0.06666666666666667;	0.06666666666666667
1377052329;	1;	2699.99866;	28.799985706666668;	1.0666666666666667;	95340.0;	29357.6;	0.0;	0.2;	0.6666666666666666;	0.5333333333333333
1377052629;	1;	2699.99866;	25.19998749333333;	0.9333333333333332;	95340.0;	32505.066666666666;	0.0;	0.13333333333333333;	0.06666666666666667;	0.06666666666666667
1377052929;	1;	2699.99866;	21.599989280000003;	0.8;	95340.0;	33726.933333333334;	0.0;	0.13333333333333333;	0.13333333333333333;	0.13333333333333333
1377053229;	1;	2699.99866;	26.999986600000003;	1.0;	95340.0;	28134.4;	0.0;	0.4;	0.13333333333333333;	0.06666666666666667
1377053529;	1;	2699.99866;	25.19998749333333;	0.9333333333333332;	95340.0;	28484.0;	0.0;	0.13333333333333333;	0.06666666666666667;	0.06666666666666667
1377053830;	1;	2699.99866;	21.599989280000003;	0.8;	95340.0;	28659.466666666667;	0.0;	0.13333333333333333;	0.06666666666666667;	0.06666666666666667
1377054130;	1;	2699.99866;	25.19998749333333;	0.9333333333333332;	95340.0;	29182.133333333335;	0.0;	0.2;	0.06666666666666667;	0.06666666666666667
1377054430;	1;	2699.99866;	28.799985706666668;	1.0666666666666667;	95340.0;	32853.6;	0.0;	0.2;	0.06666666666666667;	0.06666666666666667
1377054730;	1;	2699.99866;	21.599989280000003;	0.8;	95340.0;	31629.866666666665;	0.0;	0.2;	0.6666666666666666;	0.6666666666666666
1377055030;	1;	2699.99866;	21.599989280000003;	0.8;	95340.0;	32504.533333333333;	0.0;	0.2;	0.06666666666666667;	0.06666666666666667
1377055330;	1;	2699.99866;	26.999986600000003;	1.0;	95340.0;	28483.733333333334;	0.0;	0.2;	0.06666666666666667;	0.06666666666666667
1377055630;	1;	2699.99866;	23.399988386666667;	0.8666666666666667;	95340.0;	27086.4;	0.0;	0.2;	0.13333333333333333;	0.13333333333333333
1377055930;	1;	2699.99866;	19.799990173333335;	0.7333333333333333;	95340.0;	29533.066666666666;	0.0;	0.13333333333333333;	0.7333333333333333;	0.6666666666666666
1377056230;	1;	2699.99866;	28.799985706666668;	1.0666666666666667;	95340.0;	30406.133333333335;	0.0;	0.2;	0.13333333333333333;	0.13333333333333333
1377056530;	1;	2699.99866;	25.19998749333333;	0.9333333333333332;	95340.0;	25862.666666666668;	0.0;	0.13333333333333333;	0.13333333333333333;	0.13333333333333333
1377056830;	1;	2699.99866;	21.599989280000003;	0.8;	95340.0;	31105.333333333332;	0.0;	0.3333333333333333;	0.13333333333333333;	0.13333333333333333
1377057130;	1;	2699.99866;	26.999986600000003;	1.0;	95340.0;	33726.13333333333;	0.0;	0.26666666666666666;	0.2;	0.2
1377057430;	1;	2699.99866;	25.19998749333333;	0.9333333333333332;	95340.0;	28484.0;	0.0;	0.13333333333333333;	0.13333333333333333;	0.13333333333333333
1377057730;	1;	2699.99866;	23.399988386666667;	0.8666666666666667;	95340.0;	26388.0;	0.0;	0.13333333333333333;	0.2;	0.2
1377058030;	1;	2699.99866;	25.19998749333333;	0.9333333333333332;	95340.0;	24639.466666666667;	0.0;	0.2;	0.13333333333333333;	0.13333333333333333
1377058330;	1;	2699.99866;	28.799985706666668;	1.0666666666666667;	95340.0;	31455.2;	0.0;	0.13333333333333333;	0.7333333333333333;	0.7333333333333333
1377058630;	1;	2699.99866;	21.599989280000003;	0.8;	95340.0;	37747.73333333333;	0.0;	0.26666666666666666;	0.13333333333333333;	0.13333333333333333
1377058930;	1;	2699.99866;	21.599989280000003;	0.8;	95340.0;	29532.8;	0.0;	0.13333333333333333;	0.13333333333333333;	0.13333333333333333
1377059230;	1;	2699.99866;	28.799985706666668;	1.0666666666666667;	95340.0;	37048.26666666667;	0.0;	0.3333333333333333;	0.26666666666666666;	0.26666666666666666
1377059530;	1;	2699.99866;	25.19998749333333;	0.9333333333333332;	95340.0;	29881.333333333332;	0.0;	0.13333333333333333;	0.6666666666666666;	0.6666666666666666
1377059830;	1;	2699.99866;	19.799990173333335;	0.7333333333333333;	95340.0;	34950.666666666664;	0.0;	0.2;	0.13333333333333333;	0.06666666666666667
1377060130;	1;	2699.99866;	25.19998749333333;	0.9333333333333332;	95340.0;	30581.333333333332;	0.0;	0.26666666666666666;	0.06666666666666667;	0.06666666666666667
1377060430;	1;	2699.99866;	28.799985706666668;	1.0666666666666667;	95340.0;	31105.866666666665;	0.0;	0.3333333333333333;	0.06666666666666667;	0.06666666666666667
1377060730;	1;	2699.99866;	21.599989280000003;	0.8;	95340.0;	32328.8;	0.0;	0.2;	0.06666666666666667;	0.06666666666666667
1377061030;	1;	2699.99866;	21.599989280000003;	0.8;	95340.0;	26910.4;	0.0;	0.13333333333333333;	0.06666666666666667;	0.06666666666666667
1377061330;	1;	2699.99866;	28.799985706666668;	1.0666666666666667;	95340.0;	30230.933333333334;	0.0;	0.26666666666666666;	0.06666666666666667;	0.06666666666666667
1377061631;	1;	2699.99866;	25.19998749333333;	0.9333333333333332;	95340.0;	29356.8;	0.0;	0.26666666666666666;	0.06666666666666667;	0.06666666666666667
1377061931;	1;	2699.99866;	21.599989280000003;	0.8;	95340.0;	34076.8;	0.0;	0.13333333333333333;	0.6666666666666666;	0.6666666666666666
1377062231;	1;	2699.99866;	26.999986600000003;	1.0;	95340.0;	30754.666666666668;	0.0;	0.26666666666666666;	0.06666666666666667;	0.06666666666666667
1377062531;	1;	2699.99866;	25.19998749333333;	0.9333333333333332;	95340.0;	27784.8;	0.0;	0.13333333333333333;	0.06666666666666667;	0.06666666666666667
1377062831;	1;	2699.99866;	21.599989280000003;	0.8;	95340.0;	28833.6;	0.0;	0.13333333333333333;	0.06666666666666667;	0.06666666666666667
1377063131;	1;	2699.99866;	28.799985706666668;	1.0666666666666667;	95340.0;	28308.0;	0.0;	0.26666666666666666;	0.6;	0.6
1377063431;	1;	2699.99866;	25.19998749333333;	0.9333333333333332;	95340.0;	27435.466666666667;	0.0;	0.2;	0.06666666666666667;	0.06666666666666667
1377063731;	1;	2699.99866;	21.599989280000003;	0.8;	95340.0;	28484.0;	0.0;	0.2;	0.06666666666666667;	0.06666666666666667
1377064031;	1;	2699.99866;	25.19998749333333;	0.9333333333333332;	95340.0;	30932.266666666666;	0.0;	0.4;	0.13333333333333333;	0.13333333333333333
1377064331;	1;	2699.99866;	28.799985706666668;	1.0666666666666667;	95340.0;	33377.333333333336;	0.0;	0.13333333333333333;	0.06666666666666667;	0.06666666666666667
1377064631;	1;	2699.99866;	21.599989280000003;	0.8;	95340.0;	34251.73333333333;	0.0;	0.13333333333333333;	0.06666666666666667;	0.06666666666666667
1377064931;	1;	2699.99866;	25.19998749333333;	0.9333333333333332;	95340.0;	29358.666666666668;	0.0;	0.13333333333333333;	0.06666666666666667;	0.06666666666666667
1377065231;	1;	2699.99866;	28.799985706666668;	1.0666666666666667;	95340.0;	27785.066666666666;	0.0;	0.2;	0.13333333333333333;	0.13333333333333333
1377065531;	1;	2699.99866;	21.599989280000003;	0.8;	95340.0;	31454.933333333334;	0.0;	0.2;	0.6666666666666666;	0.6666666666666666
1377065831;	1;	2699.99866;	25.19998749333333;	0.9333333333333332;	95340.0;	30406.133333333335;	0.0;	0.3333333333333333;	0.06666666666666667;	0.06666666666666667
1377066131;	1;	2699.99866;	25.19998749333333;	0.9333333333333332;	95340.0;	31105.866666666665;	0.0;	0.13333333333333333;	0.06666666666666667;	0.06666666666666667
1377066431;	1;	2699.99866;	25.19998749333333;	0.9333333333333332;	95340.0;	27261.066666666666;	0.0;	0.2;	0.06666666666666667;	0.06666666666666667
1377066731;	1;	2699.99866;	21.599989280000003;	0.8;	95340.0;	32853.066666666666;	0.0;	0.13333333333333333;	0.6666666666666666;	0.6
1377067031;	1;	2699.99866;	28.799985706666668;	1.0666666666666667;	95340.0;	27435.466666666667;	0.0;	0.26666666666666666;	0.06666666666666667;	0.06666666666666667
1377067331;	1;	2699.99866;	25.19998749333333;	0.9333333333333332;	95340.0;	30756.8;	0.0;	0.13333333333333333;	0.06666666666666667;	0.06666666666666667
1377067631;	1;	2699.99866;	21.599989280000003;	0.8;	95340.0;	25863.2;	0.0;	0.3333333333333333;	0.13333333333333333;	0.06666666666666667
1377067931;	1;	2699.99866;	25.19998749333333;	0.9333333333333332;	95340.0;	26736.8;	0.0;	0.2;	0.06666666666666667;	0.06666666666666667
1377068231;	1;	2699.99866;	28.799985706666668;	1.0666666666666667;	95340.0;	29008.533333333333;	0.0;	0.13333333333333333;	0.06666666666666667;	0.06666666666666667
1377068531;	1;	2699.99866;	21.599989280000003;	0.8;	95340.0;	27959.466666666667;	0.0;	0.2;	0.2;	0.2
1377068831;	1;	2699.99866;	23.399988386666667;	0.8666666666666667;	95340.0;	30756.8;	0.0;	0.13333333333333333;	0.26666666666666666;	0.26666666666666666
1377069131;	1;	2699.99866;	30.599984813333336;	1.1333333333333333;	95340.0;	33552.0;	0.0;	0.2;	0.7333333333333333;	0.7333333333333333
1377069432;	1;	2699.99866;	21.599989280000003;	0.8;	95340.0;	24114.933333333334;	0.0;	0.26666666666666666;	0.13333333333333333;	0.13333333333333333
1377069732;	1;	2699.99866;	21.599989280000003;	0.8;	95340.0;	25862.933333333334;	0.0;	0.13333333333333333;	0.13333333333333333;	0.13333333333333333
1377070032;	1;	2699.99866;	28.799985706666668;	1.0666666666666667;	95340.0;	32853.066666666666;	0.0;	0.26666666666666666;	0.13333333333333333;	0.13333333333333333
1377070332;	1;	2699.99866;	25.19998749333333;	0.9333333333333332;	95340.0;	35649.066666666666;	0.0;	0.13333333333333333;	0.6666666666666666;	0.6666666666666666
1377070632;	1;	2699.99866;	21.599989280000003;	0.8;	95340.0;	30405.866666666665;	0.0;	0.13333333333333333;	0.13333333333333333;	0.13333333333333333
1377070932;	1;	2699.99866;	25.19998749333333;	0.9333333333333332;	95340.0;	32504.266666666666;	0.0;	0.26666666666666666;	0.2;	0.2
1377071232;	1;	2699.99866;	26.999986600000003;	1.0;	95340.0;	31630.133333333335;	0.0;	0.3333333333333333;	0.2;	0.13333333333333333
1377071532;	1;	2699.99866;	21.599989280000003;	0.8;	95340.0;	27958.933333333334;	0.0;	0.2;	0.13333333333333333;	0.13333333333333333
1377071832;	1;	2699.99866;	25.19998749333333;	0.9333333333333332;	95340.0;	28658.4;	0.0;	0.2;	0.13333333333333333;	0.13333333333333333
1377072132;	1;	2699.99866;	28.799985706666668;	1.0666666666666667;	95340.0;	29008.266666666666;	0.0;	0.13333333333333333;	0.06666666666666667;	0.06666666666666667
1377072432;	1;	2699.99866;	21.599989280000003;	0.8;	95340.0;	28658.666666666668;	0.0;	0.26666666666666666;	0.13333333333333333;	0.13333333333333333
1377072732;	1;	2699.99866;	109.79994550666666;	4.066666666666666;	95340.0;	29357.066666666666;	0.0;	0.2;	606.6666666666666;	622.4
1377073032;	1;	2699.99866;	25.19998749333333;	0.9333333333333332;	95340.0;	31629.6;	0.0;	0.26666666666666666;	1.5333333333333334;	1.5333333333333334
1377073332;	1;	2699.99866;	25.19998749333333;	0.9333333333333332;	95340.0;	33202.666666666664;	0.0;	0.13333333333333333;	0.13333333333333333;	0.13333333333333333
1377073632;	1;	2699.99866;	21.599989280000003;	0.8;	95340.0;	30406.933333333334;	0.0;	0.13333333333333333;	0.06666666666666667;	0.06666666666666667
1377073932;	1;	2699.99866;	226.79988744000002;	8.4;	95340.0;	35999.73333333333;	0.0;	0.2;	1451.6;	1489.2
1377074232;	1;	2699.99866;	70.19996516;	2.6;	95340.0;	34426.4;	0.0;	0.13333333333333333;	2.066666666666667;	2.1333333333333333
1377074532;	1;	2699.99866;	21.599989280000003;	0.8;	95340.0;	30406.666666666668;	0.0;	0.13333333333333333;	0.7333333333333333;	0.7333333333333333
1377074832;	1;	2699.99866;	25.19998749333333;	0.9333333333333332;	95340.0;	28833.6;	0.0;	0.4;	2.7333333333333334;	2.7333333333333334
1377075132;	1;	2699.99866;	28.799985706666668;	1.0666666666666667;	95340.0;	34076.8;	0.0;	0.13333333333333333;	2.8;	2.933333333333333
1377075432;	1;	2699.99866;	21.599989280000003;	0.8;	95340.0;	35824.53333333333;	0.0;	0.13333333333333333;	3.2666666666666666;	3.3333333333333335
1377075732;	1;	2699.99866;	25.19998749333333;	0.9333333333333332;	95340.0;	35649.86666666667;	0.0;	0.26666666666666666;	0.9333333333333333;	0.9333333333333333
1377076032;	1;	2699.99866;	28.799985706666668;	1.0666666666666667;	95340.0;	30580.533333333333;	0.0;	0.2;	0.06666666666666667;	0.06666666666666667
1377076332;	1;	2699.99866;	21.599989280000003;	0.8;	95340.0;	29881.6;	0.0;	0.13333333333333333;	0.6666666666666666;	0.6666666666666666
1377076632;	1;	2699.99866;	25.19998749333333;	0.9333333333333332;	95340.0;	32328.8;	0.0;	0.2;	0.6;	0.6
1377076932;	1;	2699.99866;	28.799985706666668;	1.0666666666666667;	95340.0;	38270.933333333334;	0.0;	0.26666666666666666;	3.466666666666667;	3.533333333333333
1377077232;	1;	2699.99866;	21.599989280000003;	0.8;	95340.0;	34950.13333333333;	0.0;	0.2;	1.7333333333333334;	1.8666666666666667
1377077532;	1;	2699.99866;	25.19998749333333;	0.9333333333333332;	95340.0;	26036.266666666666;	0.0;	0.13333333333333333;	1.5333333333333334;	1.5333333333333334
1377077832;	1;	2699.99866;	25.19998749333333;	0.9333333333333332;	95340.0;	27085.6;	0.0;	0.2;	0.4;	0.3333333333333333
1377078132;	1;	2699.99866;	25.19998749333333;	0.9333333333333332;	95340.0;	28833.333333333332;	0.0;	0.13333333333333333;	3.2;	3.2
1377078432;	1;	2699.99866;	21.599989280000003;	0.8;	95340.0;	26910.933333333334;	0.0;	0.26666666666666666;	0.06666666666666667;	0.06666666666666667
1377078732;	1;	2699.99866;	26.999986600000003;	1.0;	95340.0;	29183.466666666667;	0.0;	0.2;	0.13333333333333333;	0.13333333333333333
1377079032;	1;	2699.99866;	26.999986600000003;	1.0;	95340.0;	37572.0;	0.0;	0.2;	0.06666666666666667;	0.06666666666666667
1377079332;	1;	2699.99866;	21.599989280000003;	0.8;	95340.0;	30231.733333333334;	0.0;	0.2;	0.2;	0.2
1377079632;	1;	2699.99866;	25.19998749333333;	0.9333333333333332;	95340.0;	28834.133333333335;	0.0;	0.26666666666666666;	0.06666666666666667;	0.06666666666666667
1377079932;	1;	2699.99866;	28.799985706666668;	1.0666666666666667;	95340.0;	31280.533333333333;	0.0;	0.13333333333333333;	0.6666666666666666;	0.6666666666666666
1377080232;	1;	2699.99866;	21.599989280000003;	0.8;	95340.0;	37571.2;	0.0;	0.26666666666666666;	2.533333333333333;	2.6666666666666665
1377080532;	1;	2699.99866;	21.599989280000003;	0.8;	95340.0;	36173.86666666667;	0.0;	0.13333333333333333;	1.0666666666666667;	1.0666666666666667
1377080832;	1;	2699.99866;	28.799985706666668;	1.0666666666666667;	95340.0;	29182.4;	0.0;	0.26666666666666666;	2.4;	2.466666666666667
1377081132;	1;	2699.99866;	25.19998749333333;	0.9333333333333332;	95340.0;	29882.4;	0.0;	0.13333333333333333;	1.2666666666666666;	1.3333333333333333
1377081432;	1;	2699.99866;	21.599989280000003;	0.8;	95340.0;	35998.933333333334;	0.0;	0.13333333333333333;	0.2;	0.13333333333333333
1377081732;	1;	2699.99866;	25.19998749333333;	0.9333333333333332;	95340.0;	31978.933333333334;	0.0;	0.26666666666666666;	0.2;	0.2
1377082032;	1;	2699.99866;	28.799985706666668;	1.0666666666666667;	95340.0;	30057.6;	0.0;	0.4;	0.2;	0.2
1377082332;	1;	2699.99866;	21.599989280000003;	0.8;	95340.0;	33378.4;	0.0;	0.13333333333333333;	0.13333333333333333;	0.2
1377082632;	1;	2699.99866;	25.19998749333333;	0.9333333333333332;	95340.0;	27959.733333333334;	0.0;	0.2;	0.13333333333333333;	0.13333333333333333
1377082932;	1;	2699.99866;	28.799985706666668;	1.0666666666666667;	95340.0;	35650.13333333333;	0.0;	0.13333333333333333;	0.3333333333333333;	0.3333333333333333
1377083232;	1;	2699.99866;	21.599989280000003;	0.8;	95340.0;	35824.53333333333;	0.0;	0.2;	0.13333333333333333;	0.13333333333333333
1377083532;	1;	2699.99866;	21.599989280000003;	0.8;	95340.0;	26910.666666666668;	0.0;	0.13333333333333333;	0.7333333333333333;	0.8
1377083832;	1;	2699.99866;	28.799985706666668;	1.0666666666666667;	95340.0;	30581.866666666665;	0.0;	0.26666666666666666;	0.13333333333333333;	0.2
1377084132;	1;	2699.99866;	25.19998749333333;	0.9333333333333332;	95340.0;	28658.933333333334;	0.0;	0.13333333333333333;	0.26666666666666666;	0.26666666666666666
1377084432;	1;	2699.99866;	21.599989280000003;	0.8;	95340.0;	30756.266666666666;	0.0;	0.2;	0.13333333333333333;	0.13333333333333333
1377084732;	1;	2699.99866;	23.142845657142857;	0.8571428571428571;	95340.0;	36697.142857142855;	0.0;	0.35714285714285715;	0.7142857142857143;	0.6428571428571429
1377085032;	1;	2699.99866;	28.799985706666668;	1.0666666666666667;	95340.0;	29532.0;	0.0;	0.13333333333333333;	0.2;	0.2
1377085332;	1;	2699.99866;	21.599989280000003;	0.8;	95340.0;	37048.0;	0.0;	0.13333333333333333;	0.13333333333333333;	0.13333333333333333
1377085632;	1;	2699.99866;	21.599989280000003;	0.8;	95340.0;	30056.266666666666;	0.0;	0.26666666666666666;	0.13333333333333333;	0.13333333333333333
1377085932;	1;	2699.99866;	30.599984813333336;	1.1333333333333333;	95340.0;	30757.066666666666;	0.0;	0.26666666666666666;	0.2;	0.2
1377086232;	1;	2699.99866;	23.399988386666667;	0.8666666666666667;	95340.0;	27785.066666666666;	0.0;	0.13333333333333333;	0.06666666666666667;	0.06666666666666667
1377086532;	1;	2699.99866;	21.599989280000003;	0.8;	95340.0;	33028.0;	0.0;	0.13333333333333333;	0.2;	0.2
1377086832;	1;	2699.99866;	25.19998749333333;	0.9333333333333332;	95340.0;	29882.4;	0.0;	0.26666666666666666;	0.13333333333333333;	0.06666666666666667
1377087132;	1;	2699.99866;	28.799985706666668;	1.0666666666666667;	95340.0;	29183.466666666667;	0.0;	0.2;	0.7333333333333333;	0.6666666666666666
1377087432;	1;	2699.99866;	21.599989280000003;	0.8;	95340.0;	34600.8;	0.0;	0.3333333333333333;	0.06666666666666667;	0.06666666666666667
1377087732;	1;	2699.99866;	21.599989280000003;	0.8;	95340.0;	34951.73333333333;	0.0;	0.13333333333333333;	0.06666666666666667;	0.06666666666666667
1377088032;	1;	2699.99866;	28.799985706666668;	1.0666666666666667;	95340.0;	30406.133333333335;	0.0;	0.26666666666666666;	0.06666666666666667;	0.06666666666666667
1377088332;	1;	2699.99866;	25.19998749333333;	0.9333333333333332;	95340.0;	35649.6;	0.0;	0.13333333333333333;	0.6666666666666666;	0.6
1377088633;	1;	2699.99866;	21.599989280000003;	0.8;	95340.0;	35474.666666666664;	0.0;	0.13333333333333333;	0.13333333333333333;	0.13333333333333333
1377088933;	1;	2699.99866;	25.19998749333333;	0.9333333333333332;	95340.0;	30057.866666666665;	0.0;	0.2;	0.13333333333333333;	0.13333333333333333
1377089233;	1;	2699.99866;	28.799985706666668;	1.0666666666666667;	95340.0;	35475.73333333333;	0.0;	1.1333333333333333;	0.13333333333333333;	0.06666666666666667
1377089533;	1;	2699.99866;	21.599989280000003;	0.8;	95340.0;	36873.066666666666;	0.0;	0.13333333333333333;	0.13333333333333333;	0.13333333333333333
1377089833;	1;	2699.99866;	21.599989280000003;	0.8;	95340.0;	33378.13333333333;	0.0;	0.13333333333333333;	0.13333333333333333;	0.13333333333333333
1377090133;	1;	2699.99866;	26.999986600000003;	1.0;	95340.0;	32678.133333333335;	0.0;	0.2;	0.13333333333333333;	0.13333333333333333
1377090433;	1;	2699.99866;	23.399988386666667;	0.8666666666666667;	95340.0;	29706.4;	0.0;	0.26666666666666666;	0.13333333333333333;	0.13333333333333333
1377090733;	1;	2699.99866;	21.599989280000003;	0.8;	95340.0;	29182.933333333334;	0.0;	0.13333333333333333;	0.6666666666666666;	0.6666666666666666
1377091033;	1;	2699.99866;	28.799985706666668;	1.0666666666666667;	95340.0;	30056.266666666666;	0.0;	0.26666666666666666;	0.13333333333333333;	0.06666666666666667
1377091333;	1;	2699.99866;	25.19998749333333;	0.9333333333333332;	95340.0;	25338.4;	0.0;	0.13333333333333333;	0.13333333333333333;	0.13333333333333333
1377091633;	1;	2699.99866;	21.599989280000003;	0.8;	95340.0;	31280.0;	0.0;	0.13333333333333333;	0.13333333333333333;	0.06666666666666667
1377091933;	1;	2699.99866;	25.19998749333333;	0.9333333333333332;	95340.0;	37398.666666666664;	0.0;	0.26666666666666666;	0.7333333333333333;	0.6666666666666666
1377092233;	1;	2699.99866;	25.19998749333333;	0.9333333333333332;	95340.0;	30930.666666666668;	0.0;	0.2;	0.13333333333333333;	0.06666666666666667
1377092533;	1;	2699.99866;	21.599989280000003;	0.8;	95340.0;	26911.2;	0.0;	0.13333333333333333;	0.06666666666666667;	0.06666666666666667
1377092833;	1;	2699.99866;	23.399988386666667;	0.8666666666666667;	95340.0;	28658.4;	0.0;	0.3333333333333333;	0.2;	0.13333333333333333
1377093133;	1;	2699.99866;	26.999986600000003;	1.0;	95340.0;	31080.0;	0.0;	0.14285714285714285;	0.21428571428571427;	0.21428571428571427
1377093433;	1;	2699.99866;	21.599989280000003;	0.8;	95340.0;	30407.2;	0.0;	0.2;	0.2;	0.13333333333333333
1377093733;	1;	2699.99866;	21.599989280000003;	0.8;	95340.0;	29706.4;	0.0;	0.2;	0.2;	0.2
1377094033;	1;	2699.99866;	32.39998392;	1.2;	95340.0;	36174.666666666664;	0.0;	0.2;	0.06666666666666667;	0.06666666666666667
1377094333;	1;	2699.99866;	21.599989280000003;	0.8;	95340.0;	34250.933333333334;	0.0;	0.2;	0.8;	0.8
1377094633;	1;	2699.99866;	21.599989280000003;	0.8;	95340.0;	34250.933333333334;	0.0;	0.2;	2.8;	2.8
1377094933;	1;	2699.99866;	28.799985706666668;	1.0666666666666667;	95340.0;	34076.53333333333;	0.0;	0.2;	0.8;	0.7333333333333333
1377095233;	1;	2699.99866;	25.19998749333333;	0.9333333333333332;	95340.0;	24639.2;	0.0;	0.13333333333333333;	0.13333333333333333;	0.2
1377095533;	1;	2699.99866;	23.142845657142857;	0.8571428571428571;	95340.0;	27897.714285714286;	0.0;	0.14285714285714285;	0.7142857142857143;	0.7142857142857143
1377095833;	1;	2699.99866;	25.19998749333333;	0.9333333333333332;	95340.0;	26736.0;	0.0;	0.2;	1.3333333333333333;	1.4
1377096133;	1;	2699.99866;	28.799985706666668;	1.0666666666666667;	95340.0;	39144.53333333333;	0.0;	0.13333333333333333;	0.26666666666666666;	0.26666666666666666
1377096433;	1;	2699.99866;	21.599989280000003;	0.8;	95340.0;	29357.6;	0.0;	0.4;	0.2;	0.13333333333333333
1377096733;	1;	2699.99866;	25.19998749333333;	0.9333333333333332;	95340.0;	31630.133333333335;	0.0;	0.2;	0.2;	0.2
1377097033;	1;	2699.99866;	23.142845657142857;	0.8571428571428571;	95340.0;	27335.14285714286;	0.0;	0.21428571428571427;	0.07142857142857142;	0.07142857142857142
1377097333;	1;	2699.99866;	25.19998749333333;	0.9333333333333332;	95340.0;	28483.733333333334;	0.0;	0.2;	0.2;	0.2
1377097633;	1;	2699.99866;	21.599989280000003;	0.8;	95340.0;	32679.2;	0.0;	0.13333333333333333;	0.4;	0.4
1377097933;	1;	2699.99866;	26.999986600000003;	1.0;	95340.0;	27522.571428571428;	0.0;	0.21428571428571427;	0.7142857142857143;	0.7142857142857143
1377098234;	1;	2699.99866;	25.19998749333333;	0.9333333333333332;	95340.0;	28310.4;	0.0;	0.3333333333333333;	0.4666666666666667;	0.4
1377098534;	1;	2699.99866;	21.599989280000003;	0.8;	95340.0;	34426.4;	0.0;	0.13333333333333333;	0.2;	0.13333333333333333
1377098834;	1;	2699.99866;	25.19998749333333;	0.9333333333333332;	95340.0;	28134.4;	0.0;	0.2;	0.13333333333333333;	0.13333333333333333
1377099134;	1;	2699.99866;	28.799985706666668;	1.0666666666666667;	95340.0;	30756.533333333333;	0.0;	0.13333333333333333;	0.6666666666666666;	0.6
1377099434;	1;	2699.99866;	21.599989280000003;	0.8;	95340.0;	28658.133333333335;	0.0;	0.2;	0.13333333333333333;	0.13333333333333333
1377099734;	1;	2699.99866;	25.19998749333333;	0.9333333333333332;	95340.0;	29706.933333333334;	0.0;	0.2;	0.13333333333333333;	0.06666666666666667
1377100034;	1;	2699.99866;	28.799985706666668;	1.0666666666666667;	95340.0;	28658.4;	0.0;	0.4;	0.2;	0.2
1377100334;	1;	2699.99866;	21.599989280000003;	0.8;	95340.0;	30931.2;	0.0;	0.13333333333333333;	0.13333333333333333;	0.06666666666666667
1377100634;	1;	2699.99866;	23.142845657142857;	0.8571428571428571;	95340.0;	32953.71428571428;	0.0;	0.14285714285714285;	0.0;	0.07142857142857142
1377100934;	1;	2699.99866;	28.799985706666668;	1.0666666666666667;	95340.0;	32679.2;	0.0;	0.2;	0.2;	0.2
1377101234;	1;	2699.99866;	25.19998749333333;	0.9333333333333332;	95340.0;	32504.533333333333;	0.0;	0.2;	0.5333333333333333;	0.4666666666666667
1377101534;	1;	2699.99866;	21.599989280000003;	0.8;	95340.0;	32329.066666666666;	0.0;	0.2;	0.7333333333333333;	0.7333333333333333
1377101834;	1;	2699.99866;	28.799985706666668;	1.0666666666666667;	95340.0;	28309.066666666666;	0.0;	0.3333333333333333;	0.2;	0.13333333333333333
1377102134;	1;	2699.99866;	26.999986600000003;	1.0;	95340.0;	29396.285714285714;	0.0;	0.14285714285714285;	0.2857142857142857;	0.2857142857142857
1377102434;	1;	2699.99866;	21.599989280000003;	0.8;	95340.0;	24289.6;	0.0;	0.26666666666666666;	0.2;	0.13333333333333333
1377102734;	1;	2699.99866;	25.19998749333333;	0.9333333333333332;	95340.0;	32503.733333333334;	0.0;	0.2;	0.6666666666666666;	0.6666666666666666
1377103034;	1;	2699.99866;	28.799985706666668;	1.0666666666666667;	95340.0;	33202.666666666664;	0.0;	0.13333333333333333;	0.06666666666666667;	0.06666666666666667
1377103334;	1;	2699.99866;	25.19998749333333;	0.9333333333333332;	95340.0;	27085.066666666666;	0.0;	0.13333333333333333;	0.06666666666666667;	0.06666666666666667
1377103634;	1;	2699.99866;	21.599989280000003;	0.8;	95340.0;	27261.333333333332;	0.0;	0.3333333333333333;	0.13333333333333333;	0.13333333333333333
1377103934;	1;	2699.99866;	26.999986600000003;	1.0;	95340.0;	30232.0;	0.0;	0.26666666666666666;	0.06666666666666667;	0.06666666666666667
1377104234;	1;	2699.99866;	26.999986600000003;	1.0;	95340.0;	30756.0;	0.0;	0.13333333333333333;	0.06666666666666667;	0.06666666666666667
1377104534;	1;	2699.99866;	21.599989280000003;	0.8;	95340.0;	25862.666666666668;	0.0;	0.2;	0.4;	0.4
1377104834;	1;	2699.99866;	23.399988386666667;	0.8666666666666667;	95340.0;	35299.73333333333;	0.0;	0.26666666666666666;	0.2;	0.2
1377105134;	1;	2699.99866;	26.999986600000003;	1.0;	95340.0;	25688.0;	0.0;	0.2;	0.8;	0.8
1377105434;	1;	2699.99866;	23.142845657142857;	0.8571428571428571;	95340.0;	24713.714285714286;	0.0;	0.2857142857142857;	0.35714285714285715;	0.35714285714285715
1377105735;	1;	2699.99866;	21.599989280000003;	0.8;	95340.0;	30581.066666666666;	0.0;	0.13333333333333333;	0.13333333333333333;	0.2
1377106035;	1;	2699.99866;	26.999986600000003;	1.0;	95340.0;	31268.285714285714;	0.0;	0.21428571428571427;	0.14285714285714285;	0.14285714285714285
1377106335;	1;	2699.99866;	25.19998749333333;	0.9333333333333332;	95340.0;	33377.066666666666;	0.0;	0.13333333333333333;	0.6;	0.6
1377106635;	1;	2699.99866;	21.599989280000003;	0.8;	95340.0;	30930.133333333335;	0.0;	0.13333333333333333;	0.13333333333333333;	0.2
1377106935;	1;	2699.99866;	23.142845657142857;	0.8571428571428571;	95340.0;	32205.14285714286;	0.0;	0.14285714285714285;	0.14285714285714285;	0.14285714285714285
1377107235;	1;	2699.99866;	28.799985706666668;	1.0666666666666667;	95340.0;	30756.0;	0.0;	0.3333333333333333;	0.13333333333333333;	0.13333333333333333
1377107535;	1;	2699.99866;	21.599989280000003;	0.8;	95340.0;	34600.8;	0.0;	0.13333333333333333;	0.13333333333333333;	0.2
1377107835;	1;	2699.99866;	25.19998749333333;	0.9333333333333332;	95340.0;	31979.2;	0.0;	0.2;	0.2;	0.13333333333333333
1377108135;	1;	2699.99866;	28.799985706666668;	1.0666666666666667;	95340.0;	32853.066666666666;	0.0;	0.13333333333333333;	0.26666666666666666;	0.26666666666666666
1377108435;	1;	2699.99866;	25.19998749333333;	0.9333333333333332;	95340.0;	32153.6;	0.0;	0.13333333333333333;	0.4;	0.3333333333333333
1377108735;	1;	2699.99866;	21.599989280000003;	0.8;	95340.0;	33378.4;	0.0;	0.13333333333333333;	0.8;	0.7333333333333333
1377109035;	1;	2699.99866;	26.999986600000003;	1.0;	95340.0;	36138.0;	0.0;	0.35714285714285715;	0.21428571428571427;	0.21428571428571427
1377109335;	1;	2699.99866;	25.19998749333333;	0.9333333333333332;	95340.0;	30581.333333333332;	0.0;	0.13333333333333333;	0.2;	0.2
1377109635;	1;	2699.99866;	21.599989280000003;	0.8;	95340.0;	28658.4;	0.0;	0.13333333333333333;	0.13333333333333333;	0.13333333333333333
1377109935;	1;	2699.99866;	21.599989280000003;	0.8;	95340.0;	33028.26666666667;	0.0;	0.13333333333333333;	0.6666666666666666;	0.6666666666666666
1377110235;	1;	2699.99866;	28.799985706666668;	1.0666666666666667;	95340.0;	29881.866666666665;	0.0;	0.26666666666666666;	0.26666666666666666;	0.3333333333333333
1377110535;	1;	2699.99866;	25.19998749333333;	0.9333333333333332;	95340.0;	35824.8;	0.0;	0.13333333333333333;	0.13333333333333333;	0.13333333333333333
1377110835;	1;	2699.99866;	21.599989280000003;	0.8;	95340.0;	33552.26666666667;	0.0;	0.26666666666666666;	0.26666666666666666;	0.26666666666666666
1377111135;	1;	2699.99866;	23.142845657142857;	0.8571428571428571;	95340.0;	27522.571428571428;	0.0;	0.14285714285714285;	0.14285714285714285;	0.14285714285714285
1377111435;	1;	2699.99866;	28.799985706666668;	1.0666666666666667;	95340.0;	29707.466666666667;	0.0;	0.2;	0.13333333333333333;	0.13333333333333333
1377111735;	1;	2699.99866;	21.599989280000003;	0.8;	95340.0;	26561.6;	0.0;	0.13333333333333333;	0.26666666666666666;	0.26666666666666666
1377112036;	1;	2699.99866;	21.599989280000003;	0.8;	95340.0;	26561.333333333332;	0.0;	0.13333333333333333;	0.13333333333333333;	0.13333333333333333
1377112336;	1;	2699.99866;	23.142845657142857;	0.8571428571428571;	95340.0;	39695.142857142855;	0.0;	0.21428571428571427;	0.7857142857142857;	0.7857142857142857
1377112636;	1;	2699.99866;	25.19998749333333;	0.9333333333333332;	95340.0;	32677.6;	0.0;	0.2;	0.2;	0.2
1377112935;	1;	2699.99866;	21.599989280000003;	0.8;	95340.0;	24114.666666666668;	0.0;	0.2;	0.13333333333333333;	0.13333333333333333
1377113235;	1;	2699.99866;	23.399988386666667;	0.8666666666666667;	95340.0;	28133.333333333332;	0.0;	0.26666666666666666;	0.26666666666666666;	0.26666666666666666
1377113535;	1;	2699.99866;	28.799985706666668;	1.0666666666666667;	95340.0;	29881.866666666665;	0.0;	0.2;	0.6666666666666666;	0.5333333333333333
1377113835;	1;	2699.99866;	21.599989280000003;	0.8;	95340.0;	24639.2;	0.0;	0.13333333333333333;	0.3333333333333333;	0.3333333333333333
1377114135;	1;	2699.99866;	21.599989280000003;	0.8;	95340.0;	27959.466666666667;	0.0;	0.2;	0.06666666666666667;	0.06666666666666667
1377114435;	1;	2699.99866;	28.799985706666668;	1.0666666666666667;	95340.0;	29008.0;	0.0;	0.3333333333333333;	0.2;	0.2
1377114735;	1;	2699.99866;	25.19998749333333;	0.9333333333333332;	95340.0;	30232.0;	0.0;	0.13333333333333333;	0.06666666666666667;	0.13333333333333333
1377115035;	1;	2699.99866;	21.599989280000003;	0.8;	95340.0;	32503.2;	0.0;	0.2;	0.13333333333333333;	0.13333333333333333
1377115335;	1;	2699.99866;	25.19998749333333;	0.9333333333333332;	95340.0;	30232.266666666666;	0.0;	0.2;	0.13333333333333333;	0.13333333333333333
1377115635;	1;	2699.99866;	26.999986600000003;	1.0;	95340.0;	28833.066666666666;	0.0;	0.2;	0.13333333333333333;	0.13333333333333333
1377115935;	1;	2699.99866;	21.599989280000003;	0.8;	95340.0;	32154.933333333334;	0.0;	0.2;	0.7333333333333333;	0.6666666666666666
1377116235;	1;	2699.99866;	21.599989280000003;	0.8;	95340.0;	28833.866666666665;	0.0;	0.26666666666666666;	0.26666666666666666;	0.26666666666666666
1377116535;	1;	2699.99866;	28.799985706666668;	1.0666666666666667;	95340.0;	29008.8;	0.0;	0.26666666666666666;	0.13333333333333333;	0.06666666666666667
1377116835;	1;	2699.99866;	25.19998749333333;	0.9333333333333332;	95340.0;	30581.333333333332;	0.0;	0.2;	0.13333333333333333;	0.13333333333333333
1377117135;	1;	2699.99866;	23.142845657142857;	0.8571428571428571;	95340.0;	34638.0;	0.0;	0.21428571428571427;	0.8571428571428571;	0.8571428571428571
1377117435;	1;	2699.99866;	25.19998749333333;	0.9333333333333332;	95340.0;	32853.6;	0.0;	0.26666666666666666;	0.13333333333333333;	0.13333333333333333
1377117735;	1;	2699.99866;	28.799985706666668;	1.0666666666666667;	95340.0;	35999.2;	0.0;	0.26666666666666666;	0.13333333333333333;	0.13333333333333333
1377118036;	1;	2699.99866;	21.599989280000003;	0.8;	95340.0;	33726.666666666664;	0.0;	0.26666666666666666;	0.2;	0.2
1377118336;	1;	2699.99866;	25.19998749333333;	0.9333333333333332;	95340.0;	32153.6;	0.0;	0.26666666666666666;	0.2;	0.13333333333333333
1377118636;	1;	2699.99866;	25.19998749333333;	0.9333333333333332;	95340.0;	26735.733333333334;	0.0;	0.26666666666666666;	0.2;	0.13333333333333333
1377118936;	1;	2699.99866;	25.19998749333333;	0.9333333333333332;	95340.0;	27261.333333333332;	0.0;	0.13333333333333333;	0.3333333333333333;	0.3333333333333333
1377119236;	1;	2699.99866;	21.599989280000003;	0.8;	95340.0;	33377.6;	0.0;	0.13333333333333333;	0.2;	0.13333333333333333
1377119536;	1;	2699.99866;	25.19998749333333;	0.9333333333333332;	95340.0;	33553.333333333336;	0.0;	0.2;	0.8;	0.7333333333333333
1377119836;	1;	2699.99866;	28.799985706666668;	1.0666666666666667;	95340.0;	32678.4;	0.0;	0.2;	0.3333333333333333;	0.26666666666666666
1377120136;	1;	2699.99866;	21.599989280000003;	0.8;	95340.0;	31280.8;	0.0;	0.13333333333333333;	0.3333333333333333;	0.3333333333333333
1377120436;	1;	2699.99866;	21.599989280000003;	0.8;	95340.0;	30930.933333333334;	0.0;	0.2;	0.2;	0.13333333333333333
1377120736;	1;	2699.99866;	25.19998749333333;	0.9333333333333332;	95340.0;	32503.733333333334;	0.0;	0.2;	0.6666666666666666;	0.6666666666666666
1377121036;	1;	2699.99866;	28.799985706666668;	1.0666666666666667;	95340.0;	34950.933333333334;	0.0;	0.2;	0.2;	0.2
1377121336;	1;	2699.99866;	21.599989280000003;	0.8;	95340.0;	27260.0;	0.0;	0.13333333333333333;	0.2;	0.2
1377121636;	1;	2699.99866;	21.599989280000003;	0.8;	95340.0;	33202.4;	0.0;	0.3333333333333333;	0.6;	0.5333333333333333
1377121936;	1;	2699.99866;	28.799985706666668;	1.0666666666666667;	95340.0;	31804.8;	0.0;	0.26666666666666666;	0.26666666666666666;	0.26666666666666666
1377122236;	1;	2699.99866;	25.19998749333333;	0.9333333333333332;	95340.0;	24814.4;	0.0;	0.13333333333333333;	0.2;	0.2
1377122537;	1;	2699.99866;	21.599989280000003;	0.8;	95340.0;	27260.533333333333;	0.0;	0.26666666666666666;	0.4666666666666667;	0.4666666666666667
1377122837;	1;	2699.99866;	25.19998749333333;	0.9333333333333332;	95340.0;	31630.933333333334;	0.0;	0.2;	0.2;	0.2
1377123137;	1;	2699.99866;	28.799985706666668;	1.0666666666666667;	95340.0;	24464.266666666666;	0.0;	0.13333333333333333;	0.7333333333333333;	0.7333333333333333
1377123437;	1;	2699.99866;	21.599989280000003;	0.8;	95340.0;	27610.133333333335;	0.0;	0.2;	0.26666666666666666;	0.26666666666666666
1377123737;	1;	2699.99866;	25.19998749333333;	0.9333333333333332;	95340.0;	22716.8;	0.0;	0.13333333333333333;	0.13333333333333333;	0.13333333333333333
1377124037;	1;	2699.99866;	25.19998749333333;	0.9333333333333332;	95340.0;	36698.933333333334;	0.0;	0.26666666666666666;	0.13333333333333333;	0.2
1377124337;	1;	2699.99866;	25.19998749333333;	0.9333333333333332;	95340.0;	30580.266666666666;	0.0;	0.13333333333333333;	0.6666666666666666;	0.7333333333333333
1377124637;	1;	2699.99866;	21.599989280000003;	0.8;	95340.0;	28658.933333333334;	0.0;	0.2;	0.13333333333333333;	0.2
1377124937;	1;	2699.99866;	28.799985706666668;	1.0666666666666667;	95340.0;	35649.333333333336;	0.0;	0.2;	0.06666666666666667;	0.13333333333333333
1377125237;	1;	2699.99866;	25.19998749333333;	0.9333333333333332;	95340.0;	32678.4;	0.0;	0.4;	0.13333333333333333;	0.2
1377125537;	1;	2699.99866;	21.599989280000003;	0.8;	95340.0;	29357.6;	0.0;	0.2;	0.13333333333333333;	0.06666666666666667
1377125837;	1;	2699.99866;	26.999986600000003;	1.0;	95340.0;	31105.333333333332;	0.0;	0.2;	0.2;	0.2
1377126137;	1;	2699.99866;	26.999986600000003;	1.0;	95340.0;	27785.6;	0.0;	0.2;	0.4;	0.3333333333333333
1377126437;	1;	2699.99866;	21.599989280000003;	0.8;	95340.0;	31454.4;	0.0;	0.2;	0.3333333333333333;	0.3333333333333333
1377126737;	1;	2699.99866;	21.599989280000003;	0.8;	95340.0;	29531.733333333334;	0.0;	0.2;	0.7333333333333333;	0.7333333333333333
1377127037;	1;	2699.99866;	28.799985706666668;	1.0666666666666667;	95340.0;	31805.066666666666;	0.0;	0.4;	0.6;	0.5333333333333333
1377127337;	1;	2699.99866;	23.399988386666667;	0.8666666666666667;	95340.0;	28308.8;	0.0;	0.13333333333333333;	0.2;	0.2
1377127637;	1;	2699.99866;	21.599989280000003;	0.8;	95340.0;	31280.533333333333;	0.0;	0.13333333333333333;	0.26666666666666666;	0.26666666666666666
1377127937;	1;	2699.99866;	25.19998749333333;	0.9333333333333332;	95340.0;	34076.26666666667;	0.0;	0.2;	0.6666666666666666;	0.7333333333333333
1377128237;	1;	2699.99866;	28.799985706666668;	1.0666666666666667;	95340.0;	33202.4;	0.0;	0.13333333333333333;	0.13333333333333333;	0.06666666666666667
1377128537;	1;	2699.99866;	21.599989280000003;	0.8;	95340.0;	36174.13333333333;	0.0;	0.13333333333333333;	0.26666666666666666;	0.26666666666666666
1377128837;	1;	2699.99866;	23.399988386666667;	0.8666666666666667;	95340.0;	31804.8;	0.0;	0.3333333333333333;	0.06666666666666667;	0.2
1377129137;	1;	2699.99866;	28.799985706666668;	1.0666666666666667;	95340.0;	30581.866666666665;	0.0;	0.13333333333333333;	0.06666666666666667;	0.06666666666666667
1377129437;	1;	2699.99866;	21.599989280000003;	0.8;	95340.0;	31280.533333333333;	0.0;	0.13333333333333333;	0.13333333333333333;	0.06666666666666667
1377129737;	1;	2699.99866;	21.599989280000003;	0.8;	95340.0;	28658.933333333334;	0.0;	0.13333333333333333;	0.2;	0.26666666666666666
1377130037;	1;	2699.99866;	28.799985706666668;	1.0666666666666667;	95340.0;	34251.73333333333;	0.0;	0.2;	0.13333333333333333;	0.13333333333333333
1377130337;	1;	2699.99866;	25.19998749333333;	0.9333333333333332;	95340.0;	31805.066666666666;	0.0;	0.13333333333333333;	0.8;	0.7333333333333333
1377130637;	1;	2699.99866;	21.599989280000003;	0.8;	95340.0;	29532.533333333333;	0.0;	0.26666666666666666;	0.2;	0.26666666666666666
1377130937;	1;	2699.99866;	23.399988386666667;	0.8666666666666667;	95340.0;	29358.133333333335;	0.0;	0.2;	0.13333333333333333;	0.13333333333333333
1377131237;	1;	2699.99866;	28.799985706666668;	1.0666666666666667;	95340.0;	23765.066666666666;	0.0;	0.13333333333333333;	0.3333333333333333;	0.2
1377131537;	1;	2699.99866;	19.799990173333335;	0.7333333333333333;	95340.0;	29183.733333333334;	0.0;	0.13333333333333333;	0.8;	0.7333333333333333
1377131837;	1;	2699.99866;	25.19998749333333;	0.9333333333333332;	95340.0;	35648.8;	0.0;	0.2;	0.2;	0.2
1377132138;	1;	2699.99866;	25.19998749333333;	0.9333333333333332;	95340.0;	30580.0;	0.0;	0.26666666666666666;	0.13333333333333333;	0.13333333333333333
1377132438;	1;	2699.99866;	25.19998749333333;	0.9333333333333332;	95340.0;	34076.26666666667;	0.0;	0.3333333333333333;	0.3333333333333333;	0.26666666666666666
1377132738;	1;	2699.99866;	21.599989280000003;	0.8;	95340.0;	25513.333333333332;	0.0;	0.2;	0.13333333333333333;	0.06666666666666667
1377133038;	1;	2699.99866;	28.799985706666668;	1.0666666666666667;	95340.0;	32678.933333333334;	0.0;	0.2;	0.13333333333333333;	0.06666666666666667
1377133338;	1;	2699.99866;	25.19998749333333;	0.9333333333333332;	95340.0;	34776.26666666667;	0.0;	0.13333333333333333;	0.4;	0.4
1377133638;	1;	2699.99866;	21.599989280000003;	0.8;	95340.0;	34776.0;	0.0;	0.2;	0.2;	0.2
1377133938;	1;	2699.99866;	25.19998749333333;	0.9333333333333332;	95340.0;	34251.2;	0.0;	0.2;	0.7333333333333333;	0.8
1377134238;	1;	2699.99866;	28.799985706666668;	1.0666666666666667;	95340.0;	34076.53333333333;	0.0;	0.26666666666666666;	0.4666666666666667;	0.4666666666666667
1377134538;	1;	2699.99866;	21.599989280000003;	0.8;	95340.0;	31280.8;	0.0;	0.13333333333333333;	0.26666666666666666;	0.26666666666666666
1377134838;	1;	2699.99866;	25.19998749333333;	0.9333333333333332;	95340.0;	26736.8;	0.0;	0.2;	0.13333333333333333;	0.13333333333333333
1377135138;	1;	2699.99866;	28.799985706666668;	1.0666666666666667;	95340.0;	28134.666666666668;	0.0;	0.13333333333333333;	0.7333333333333333;	0.7333333333333333
1377135438;	1;	2699.99866;	21.599989280000003;	0.8;	95340.0;	36173.6;	0.0;	0.13333333333333333;	0.2;	0.2
1377135738;	1;	2699.99866;	21.599989280000003;	0.8;	95340.0;	30580.8;	0.0;	0.2;	0.13333333333333333;	0.13333333333333333
1377136038;	1;	2699.99866;	28.799985706666668;	1.0666666666666667;	95340.0;	28483.733333333334;	0.0;	0.3333333333333333;	0.13333333333333333;	0.13333333333333333
1377136338;	1;	2699.99866;	25.19998749333333;	0.9333333333333332;	95340.0;	30232.266666666666;	0.0;	0.13333333333333333;	0.13333333333333333;	0.13333333333333333
1377136638;	1;	2699.99866;	21.599989280000003;	0.8;	95340.0;	30231.733333333334;	0.0;	0.2;	0.13333333333333333;	0.13333333333333333
1377136938;	1;	2699.99866;	25.19998749333333;	0.9333333333333332;	95340.0;	26561.333333333332;	0.0;	0.2;	0.26666666666666666;	0.26666666666666666
1377137238;	1;	2699.99866;	28.799985706666668;	1.0666666666666667;	95340.0;	24988.533333333333;	0.0;	0.13333333333333333;	0.2;	0.06666666666666667
1377137538;	1;	2699.99866;	21.599989280000003;	0.8;	95340.0;	26735.466666666667;	0.0;	0.13333333333333333;	0.7333333333333333;	0.7333333333333333
1377137838;	1;	2699.99866;	25.19998749333333;	0.9333333333333332;	95340.0;	30929.6;	0.0;	0.26666666666666666;	0.13333333333333333;	0.06666666666666667
1377138138;	1;	2699.99866;	28.799985706666668;	1.0666666666666667;	95340.0;	33202.666666666664;	0.0;	0.13333333333333333;	0.2;	0.13333333333333333
1377138438;	1;	2699.99866;	21.599989280000003;	0.8;	95340.0;	36523.46666666667;	0.0;	0.2;	0.13333333333333333;	0.13333333333333333
1377138738;	1;	2699.99866;	23.399988386666667;	0.8666666666666667;	95340.0;	27785.333333333332;	0.0;	0.13333333333333333;	0.6666666666666666;	0.6666666666666666
1377139038;	1;	2699.99866;	26.999986600000003;	1.0;	95340.0;	38271.46666666667;	0.0;	0.3333333333333333;	0.2;	0.13333333333333333
1377139338;	1;	2699.99866;	25.19998749333333;	0.9333333333333332;	95340.0;	28658.666666666668;	0.0;	0.13333333333333333;	0.13333333333333333;	0.13333333333333333
1377139638;	1;	2699.99866;	21.599989280000003;	0.8;	95340.0;	27259.733333333334;	0.0;	0.3333333333333333;	0.2;	0.2
1377139938;	1;	2699.99866;	28.799985706666668;	1.0666666666666667;	95340.0;	27434.933333333334;	0.0;	0.2;	0.13333333333333333;	0.06666666666666667
1377140238;	1;	2699.99866;	25.19998749333333;	0.9333333333333332;	95340.0;	34076.26666666667;	0.0;	0.13333333333333333;	0.13333333333333333;	0.13333333333333333
1377140538;	1;	2699.99866;	21.599989280000003;	0.8;	95340.0;	33202.933333333334;	0.0;	0.13333333333333333;	0.3333333333333333;	0.26666666666666666
1377140838;	1;	2699.99866;	25.19998749333333;	0.9333333333333332;	95340.0;	29357.6;	0.0;	0.2;	0.26666666666666666;	0.2
1377141138;	1;	2699.99866;	28.799985706666668;	1.0666666666666667;	95340.0;	33203.46666666667;	0.0;	0.13333333333333333;	0.6666666666666666;	0.6666666666666666
1377141438;	1;	2699.99866;	21.599989280000003;	0.8;	95340.0;	28834.4;	0.0;	0.2;	0.13333333333333333;	0.13333333333333333
1377141738;	1;	2699.99866;	21.599989280000003;	0.8;	95340.0;	31280.266666666666;	0.0;	0.13333333333333333;	0.06666666666666667;	0.06666666666666667
1377142038;	1;	2699.99866;	28.799985706666668;	1.0666666666666667;	95340.0;	37397.333333333336;	0.0;	0.26666666666666666;	0.06666666666666667;	0.06666666666666667
1377142338;	1;	2699.99866;	25.19998749333333;	0.9333333333333332;	95340.0;	35649.86666666667;	0.0;	0.13333333333333333;	0.6;	0.5333333333333333
1377142638;	1;	2699.99866;	21.599989280000003;	0.8;	95340.0;	39145.86666666667;	0.0;	0.13333333333333333;	0.06666666666666667;	0.06666666666666667
1377142938;	1;	2699.99866;	28.799985706666668;	1.0666666666666667;	95340.0;	35125.6;	0.0;	0.2;	0.13333333333333333;	0.13333333333333333
1377143238;	1;	2699.99866;	25.19998749333333;	0.9333333333333332;	95340.0;	29008.266666666666;	0.0;	0.4;	0.2;	0.2
1377143538;	1;	2699.99866;	21.599989280000003;	0.8;	95340.0;	22890.666666666668;	0.0;	0.13333333333333333;	0.13333333333333333;	0.13333333333333333
1377143838;	1;	2699.99866;	21.599989280000003;	0.8;	95340.0;	24639.2;	0.0;	0.13333333333333333;	0.13333333333333333;	0.13333333333333333
1377144138;	1;	2699.99866;	28.799985706666668;	1.0666666666666667;	95340.0;	32503.2;	0.0;	0.3333333333333333;	0.2;	0.2
1377144438;	1;	2699.99866;	25.19998749333333;	0.9333333333333332;	95340.0;	34252.0;	0.0;	0.2;	0.13333333333333333;	0.2
1377144738;	1;	2699.99866;	21.599989280000003;	0.8;	95340.0;	36699.2;	0.0;	0.2;	0.8;	0.8
1377145039;	1;	2699.99866;	25.19998749333333;	0.9333333333333332;	95340.0;	32328.8;	0.0;	0.26666666666666666;	0.13333333333333333;	0.13333333333333333
1377145339;	1;	2699.99866;	28.799985706666668;	1.0666666666666667;	95340.0;	30755.2;	0.0;	0.13333333333333333;	0.2;	0.13333333333333333
1377145638;	1;	2699.99866;	21.599989280000003;	0.8;	95340.0;	29532.533333333333;	0.0;	0.2;	0.2;	0.2
1377145938;	1;	2699.99866;	23.399988386666667;	0.8666666666666667;	95340.0;	36698.13333333333;	0.0;	0.2;	0.8666666666666667;	0.8666666666666667
1377146238;	1;	2699.99866;	30.599984813333336;	1.1333333333333333;	95340.0;	32503.466666666667;	0.0;	0.13333333333333333;	0.2;	0.2
1377146538;	1;	2699.99866;	21.599989280000003;	0.8;	95340.0;	28832.8;	0.0;	0.13333333333333333;	0.26666666666666666;	0.3333333333333333
1377146838;	1;	2699.99866;	21.599989280000003;	0.8;	95340.0;	35650.4;	0.0;	0.26666666666666666;	0.26666666666666666;	0.2
1377147138;	1;	2699.99866;	28.799985706666668;	1.0666666666666667;	95340.0;	35999.2;	0.0;	0.2;	0.13333333333333333;	0.13333333333333333
1377147438;	1;	2699.99866;	25.19998749333333;	0.9333333333333332;	95340.0;	27784.533333333333;	0.0;	0.13333333333333333;	0.3333333333333333;	0.3333333333333333
1377147738;	1;	2699.99866;	21.599989280000003;	0.8;	95340.0;	31629.066666666666;	0.0;	0.2;	0.26666666666666666;	0.2
1377148038;	1;	2699.99866;	28.799985706666668;	1.0666666666666667;	95340.0;	26736.533333333333;	0.0;	0.2;	0.2;	0.2
1377148338;	1;	2699.99866;	25.19998749333333;	0.9333333333333332;	95340.0;	29183.466666666667;	0.0;	0.13333333333333333;	0.7333333333333333;	0.7333333333333333
1377148638;	1;	2699.99866;	21.599989280000003;	0.8;	95340.0;	29707.733333333334;	0.0;	0.26666666666666666;	0.2;	0.2
1377148938;	1;	2699.99866;	26.999986600000003;	1.0;	95340.0;	30406.933333333334;	0.0;	0.2;	0.13333333333333333;	0.13333333333333333
1377149238;	1;	2699.99866;	26.999986600000003;	1.0;	95340.0;	27086.666666666668;	0.0;	0.2;	0.13333333333333333;	0.13333333333333333
1377149538;	1;	2699.99866;	21.599989280000003;	0.8;	95340.0;	26037.6;	0.0;	0.2;	0.6;	0.6
1377149839;	1;	2699.99866;	25.19998749333333;	0.9333333333333332;	95340.0;	29881.066666666666;	0.0;	0.2;	0.13333333333333333;	0.13333333333333333
1377150139;	1;	2699.99866;	28.799985706666668;	1.0666666666666667;	95340.0;	30756.266666666666;	0.0;	0.2;	0.13333333333333333;	0.06666666666666667
1377150439;	1;	2699.99866;	21.599989280000003;	0.8;	95340.0;	32678.666666666668;	0.0;	0.3333333333333333;	0.2;	0.13333333333333333
1377150739;	1;	2699.99866;	21.599989280000003;	0.8;	95340.0;	37746.13333333333;	0.0;	0.13333333333333333;	0.2;	0.2
1377151039;	1;	2699.99866;	28.799985706666668;	1.0666666666666667;	95340.0;	28657.866666666665;	0.0;	0.2;	0.4666666666666667;	0.5333333333333333
1377151339;	1;	2699.99866;	25.19998749333333;	0.9333333333333332;	95340.0;	29182.666666666668;	0.0;	0.13333333333333333;	0.26666666666666666;	0.2
1377151639;	1;	2699.99866;	19.799990173333335;	0.7333333333333333;	95340.0;	36173.86666666667;	0.0;	0.2;	0.13333333333333333;	0.2
1377151939;	1;	2699.99866;	25.19998749333333;	0.9333333333333332;	95340.0;	32154.133333333335;	0.0;	0.26666666666666666;	0.7333333333333333;	0.7333333333333333
1377152239;	1;	2699.99866;	28.799985706666668;	1.0666666666666667;	95340.0;	32502.666666666668;	0.0;	0.26666666666666666;	0.26666666666666666;	0.2
1377152539;	1;	2699.99866;	21.599989280000003;	0.8;	95340.0;	30755.2;	0.0;	0.13333333333333333;	0.2;	0.2
1377152839;	1;	2699.99866;	25.19998749333333;	0.9333333333333332;	95340.0;	38970.933333333334;	0.0;	0.2;	0.13333333333333333;	0.13333333333333333
1377153139;	1;	2699.99866;	28.799985706666668;	1.0666666666666667;	95340.0;	39844.0;	0.0;	0.2;	0.6666666666666666;	0.6666666666666666
1377153439;	1;	2699.99866;	21.599989280000003;	0.8;	95340.0;	33202.933333333334;	0.0;	0.13333333333333333;	0.2;	0.26666666666666666
1377153739;	1;	2699.99866;	21.599989280000003;	0.8;	95340.0;	31980.0;	0.0;	0.13333333333333333;	0.2;	0.2
1377154039;	1;	2699.99866;	32.39998392;	1.2;	95340.0;	30755.2;	0.0;	0.4666666666666667;	0.13333333333333333;	0.06666666666666667
1377154339;	1;	2699.99866;	21.599989280000003;	0.8;	95340.0;	25512.8;	0.0;	0.13333333333333333;	0.06666666666666667;	0.13333333333333333
1377154639;	1;	2699.99866;	21.599989280000003;	0.8;	95340.0;	34426.4;	0.0;	0.2;	0.06666666666666667;	0.06666666666666667
1377154939;	1;	2699.99866;	28.799985706666668;	1.0666666666666667;	95340.0;	37049.066666666666;	0.0;	0.2;	0.2;	0.2
1377155239;	1;	2699.99866;	25.19998749333333;	0.9333333333333332;	95340.0;	30406.4;	0.0;	0.13333333333333333;	0.3333333333333333;	0.3333333333333333
1377155539;	1;	2699.99866;	21.599989280000003;	0.8;	95340.0;	31455.2;	0.0;	0.26666666666666666;	0.7333333333333333;	0.7333333333333333
1377155839;	1;	2699.99866;	25.19998749333333;	0.9333333333333332;	95340.0;	30931.2;	0.0;	0.26666666666666666;	0.26666666666666666;	0.2
1377156139;	1;	2699.99866;	26.999986600000003;	1.0;	95340.0;	30407.2;	0.0;	0.2;	0.2;	0.13333333333333333
1377156439;	1;	2699.99866;	21.599989280000003;	0.8;	95340.0;	27261.6;	0.0;	0.2;	0.2;	0.2
1377156739;	1;	2699.99866;	25.19998749333333;	0.9333333333333332;	95340.0;	25688.8;	0.0;	0.2;	0.6666666666666666;	0.6666666666666666
1377157039;	1;	2699.99866;	26.999986600000003;	1.0;	95340.0;	26561.333333333332;	0.0;	0.13333333333333333;	0.26666666666666666;	0.26666666666666666
1377157339;	1;	2699.99866;	23.399988386666667;	0.8666666666666667;	95340.0;	28833.6;	0.0;	0.13333333333333333;	0.2;	0.13333333333333333
1377157639;	1;	2699.99866;	21.599989280000003;	0.8;	95340.0;	28832.8;	0.0;	0.26666666666666666;	0.2;	0.2
1377157939;	1;	2699.99866;	28.799985706666668;	1.0666666666666667;	95340.0;	34077.6;	0.0;	0.2;	0.2;	0.06666666666666667
1377158239;	1;	2699.99866;	25.19998749333333;	0.9333333333333332;	95340.0;	24988.8;	0.0;	0.13333333333333333;	0.13333333333333333;	0.06666666666666667
1377158539;	1;	2699.99866;	21.599989280000003;	0.8;	95340.0;	26212.0;	0.0;	0.2;	0.26666666666666666;	0.2
1377158839;	1;	2699.99866;	25.19998749333333;	0.9333333333333332;	95340.0;	34951.46666666667;	0.0;	0.2;	0.2;	0.2
1377159140;	1;	2699.99866;	28.799985706666668;	1.0666666666666667;	95340.0;	33028.0;	0.0;	0.2;	0.8;	0.8
1377159440;	1;	2699.99866;	21.599989280000003;	0.8;	95340.0;	35648.8;	0.0;	0.2;	0.3333333333333333;	0.3333333333333333
1377159740;	1;	2699.99866;	21.599989280000003;	0.8;	95340.0;	36174.4;	0.0;	0.13333333333333333;	0.13333333333333333;	0.13333333333333333
1377160040;	1;	2699.99866;	28.799985706666668;	1.0666666666666667;	95340.0;	30930.4;	0.0;	0.2;	0.13333333333333333;	0.13333333333333333
1377160340;	1;	2699.99866;	25.19998749333333;	0.9333333333333332;	95340.0;	32853.6;	0.0;	0.13333333333333333;	0.8;	0.8
1377160640;	1;	2699.99866;	21.599989280000003;	0.8;	95340.0;	35125.6;	0.0;	0.2;	0.13333333333333333;	0.13333333333333333
1377160940;	1;	2699.99866;	25.19998749333333;	0.9333333333333332;	95340.0;	30930.666666666668;	0.0;	0.2;	0.13333333333333333;	0.13333333333333333
1377161240;	1;	2699.99866;	28.799985706666668;	1.0666666666666667;	95340.0;	36697.6;	0.0;	0.3333333333333333;	0.13333333333333333;	0.13333333333333333
1377161540;	1;	2699.99866;	21.599989280000003;	0.8;	95340.0;	34077.6;	0.0;	0.13333333333333333;	0.13333333333333333;	0.13333333333333333
1377161840;	1;	2699.99866;	23.142845657142857;	0.8571428571428571;	95340.0;	27522.85714285714;	0.0;	0.14285714285714285;	0.07142857142857142;	0.07142857142857142
1377162140;	1;	2699.99866;	28.799985706666668;	1.0666666666666667;	95340.0;	27260.8;	0.0;	0.3333333333333333;	0.13333333333333333;	0.13333333333333333
1377162439;	1;	2699.99866;	25.19998749333333;	0.9333333333333332;	95340.0;	29882.133333333335;	0.0;	0.13333333333333333;	0.13333333333333333;	0.13333333333333333
1377162739;	1;	2699.99866;	21.599989280000003;	0.8;	95340.0;	29357.6;	0.0;	0.13333333333333333;	0.8;	0.8
1377163039;	1;	2699.99866;	28.799985706666668;	1.0666666666666667;	95340.0;	30056.8;	0.0;	0.3333333333333333;	0.26666666666666666;	0.26666666666666666
1377163339;	1;	2699.99866;	25.19998749333333;	0.9333333333333332;	95340.0;	34076.8;	0.0;	0.13333333333333333;	0.13333333333333333;	0.13333333333333333
1377163639;	1;	2699.99866;	21.599989280000003;	0.8;	95340.0;	29357.6;	0.0;	0.2;	0.0;	0.0
1377163939;	1;	2699.99866;	25.19998749333333;	0.9333333333333332;	95340.0;	31454.4;	0.0;	0.2;	0.6;	0.6
1377164239;	1;	2699.99866;	28.799985706666668;	1.0666666666666667;	95340.0;	29882.4;	0.0;	0.26666666666666666;	0.13333333333333333;	0.2
1377164539;	1;	2699.99866;	21.599989280000003;	0.8;	95340.0;	28833.6;	0.0;	0.13333333333333333;	0.13333333333333333;	0.06666666666666667
1377164840;	1;	2699.99866;	21.599989280000003;	0.8;	95340.0;	34601.6;	0.0;	0.3333333333333333;	0.26666666666666666;	0.26666666666666666
1377165140;	1;	2699.99866;	19.799990173333335;	0.7333333333333333;	95340.0;	33552.8;	0.0;	0.13333333333333333;	0.06666666666666667;	0.13333333333333333
1377165440;	1;	2699.99866;	28.799985706666668;	1.0666666666666667;	95340.0;	29357.6;	0.0;	0.26666666666666666;	0.13333333333333333;	0.2
1377165740;	1;	2699.99866;	25.19998749333333;	0.9333333333333332;	95340.0;	29883.2;	0.0;	0.13333333333333333;	0.2;	0.2
1377166040;	1;	2699.99866;	21.599989280000003;	0.8;	95340.0;	29182.133333333335;	0.0;	0.2;	0.06666666666666667;	0.06666666666666667
1377166340;	1;	2699.99866;	28.799985706666668;	1.0666666666666667;	95340.0;	30232.0;	0.0;	0.2;	0.8666666666666667;	0.8666666666666667
1377166640;	1;	2699.99866;	25.19998749333333;	0.9333333333333332;	95340.0;	33552.0;	0.0;	0.3333333333333333;	0.26666666666666666;	0.26666666666666666
1377166940;	1;	2699.99866;	21.599989280000003;	0.8;	95340.0;	36174.4;	0.0;	0.13333333333333333;	0.13333333333333333;	0.13333333333333333
1377167240;	1;	2699.99866;	25.19998749333333;	0.9333333333333332;	95340.0;	30930.4;	0.0;	0.2;	0.06666666666666667;	0.13333333333333333
1377167540;	1;	2699.99866;	28.799985706666668;	1.0666666666666667;	95340.0;	24464.8;	0.0;	0.2;	0.7333333333333333;	0.6666666666666666
1377167840;	1;	2699.99866;	21.599989280000003;	0.8;	95340.0;	30929.6;	0.0;	0.13333333333333333;	0.13333333333333333;	0.06666666666666667
1377168140;	1;	2699.99866;	21.599989280000003;	0.8;	95340.0;	31979.2;	0.0;	0.13333333333333333;	0.2;	0.13333333333333333
1377168440;	1;	2699.99866;	28.799985706666668;	1.0666666666666667;	95340.0;	28834.4;	0.0;	0.4666666666666667;	0.2;	0.2
1377168740;	1;	2699.99866;	25.19998749333333;	0.9333333333333332;	95340.0;	30231.2;	0.0;	0.13333333333333333;	0.13333333333333333;	0.2
1377169040;	1;	2699.99866;	21.599989280000003;	0.8;	95340.0;	38794.4;	0.0;	0.2;	0.26666666666666666;	0.2
1377169340;	1;	2699.99866;	25.19998749333333;	0.9333333333333332;	95340.0;	29881.6;	0.0;	0.2;	0.26666666666666666;	0.2
1377169640;	1;	2699.99866;	28.799985706666668;	1.0666666666666667;	95340.0;	25513.333333333332;	0.0;	0.13333333333333333;	0.2;	0.06666666666666667
1377169940;	1;	2699.99866;	21.599989280000003;	0.8;	95340.0;	33727.73333333333;	0.0;	0.13333333333333333;	0.8;	0.8
1377170240;	1;	2699.99866;	21.599989280000003;	0.8;	95340.0;	34600.8;	0.0;	0.2;	0.2;	0.13333333333333333
1377170540;	1;	2699.99866;	28.799985706666668;	1.0666666666666667;	95340.0;	30407.2;	0.0;	0.2;	0.2;	0.2
1377170840;	1;	2699.99866;	25.19998749333333;	0.9333333333333332;	95340.0;	33028.26666666667;	0.0;	0.2;	0.26666666666666666;	0.13333333333333333
1377171140;	1;	2699.99866;	21.599989280000003;	0.8;	95340.0;	40368.0;	0.0;	0.2;	0.7333333333333333;	0.6666666666666666
1377171440;	1;	2699.99866;	25.19998749333333;	0.9333333333333332;	95340.0;	35125.6;	0.0;	0.2;	0.26666666666666666;	0.26666666666666666
1377171740;	1;	2699.99866;	25.19998749333333;	0.9333333333333332;	95340.0;	27086.133333333335;	0.0;	0.2;	0.2;	0.13333333333333333
1377172041;	1;	2699.99866;	25.19998749333333;	0.9333333333333332;	95340.0;	36698.4;	0.0;	0.26666666666666666;	0.26666666666666666;	0.2
1377172341;	1;	2699.99866;	21.599989280000003;	0.8;	95340.0;	29356.8;	0.0;	0.2;	0.13333333333333333;	0.06666666666666667
1377172641;	1;	2699.99866;	25.19998749333333;	0.9333333333333332;	95340.0;	31805.6;	0.0;	0.2;	0.13333333333333333;	0.06666666666666667
1377172941;	1;	2699.99866;	25.19998749333333;	0.9333333333333332;	95340.0;	33552.53333333333;	0.0;	0.13333333333333333;	0.4;	0.4
1377173241;	1;	2699.99866;	25.19998749333333;	0.9333333333333332;	95340.0;	36348.0;	0.0;	0.13333333333333333;	0.13333333333333333;	0.13333333333333333
1377173541;	1;	2699.99866;	21.599989280000003;	0.8;	95340.0;	33028.0;	0.0;	0.2;	0.8;	0.8
1377173841;	1;	2699.99866;	25.19998749333333;	0.9333333333333332;	95340.0;	28308.8;	0.0;	0.3333333333333333;	0.13333333333333333;	0.13333333333333333
1377174141;	1;	2699.99866;	25.19998749333333;	0.9333333333333332;	95340.0;	32503.2;	0.0;	0.2;	0.13333333333333333;	0.13333333333333333
1377174441;	1;	2699.99866;	19.799990173333335;	0.7333333333333333;	95340.0;	31454.4;	0.0;	0.13333333333333333;	0.13333333333333333;	0.2
1377174741;	1;	2699.99866;	25.19998749333333;	0.9333333333333332;	95340.0;	25688.0;	0.0;	0.2;	0.7333333333333333;	0.7333333333333333
1377175041;	1;	2699.99866;	28.799985706666668;	1.0666666666666667;	95340.0;	26212.0;	0.0;	0.2;	0.13333333333333333;	0.13333333333333333
1377175341;	1;	2699.99866;	21.599989280000003;	0.8;	95340.0;	31629.6;	0.0;	0.13333333333333333;	0.13333333333333333;	0.13333333333333333
1377175641;	1;	2699.99866;	21.599989280000003;	0.8;	95340.0;	29882.4;	0.0;	0.4666666666666667;	0.26666666666666666;	0.26666666666666666
1377175941;	1;	2699.99866;	28.799985706666668;	1.0666666666666667;	95340.0;	27784.0;	0.0;	1.0;	0.13333333333333333;	0.13333333333333333
1377176241;	1;	2699.99866;	25.19998749333333;	0.9333333333333332;	95340.0;	31979.733333333334;	0.0;	0.2;	0.5333333333333333;	0.5333333333333333
1377176541;	1;	2699.99866;	21.599989280000003;	0.8;	95340.0;	36174.4;	0.0;	0.13333333333333333;	0.2;	0.2
1377176841;	1;	2699.99866;	25.19998749333333;	0.9333333333333332;	95340.0;	37222.4;	0.0;	0.2;	0.6;	0.6
1377177141;	1;	2699.99866;	28.799985706666668;	1.0666666666666667;	95340.0;	26736.0;	0.0;	0.2;	0.9333333333333333;	0.8666666666666667
1377177441;	1;	2699.99866;	21.599989280000003;	0.8;	95340.0;	26736.8;	0.0;	0.2;	2.2;	0.4
1377177741;	1;	2699.99866;	21.599989280000003;	0.8;	95340.0;	29882.4;	0.0;	0.2;	0.13333333333333333;	0.13333333333333333
1377178041;	1;	2699.99866;	28.799985706666668;	1.0666666666666667;	95340.0;	38795.2;	0.0;	0.2;	0.2;	0.2
1377178341;	1;	2699.99866;	25.19998749333333;	0.9333333333333332;	95340.0;	30930.4;	0.0;	0.2;	0.5333333333333333;	0.5333333333333333
1377178641;	1;	2699.99866;	21.599989280000003;	0.8;	95340.0;	34600.8;	0.0;	0.2;	0.13333333333333333;	0.13333333333333333
1377178941;	1;	2699.99866;	21.599989280000003;	0.8;	95340.0;	26910.666666666668;	0.0;	0.13333333333333333;	0.6666666666666666;	0.6666666666666666
1377179241;	1;	2699.99866;	28.799985706666668;	1.0666666666666667;	95340.0;	32504.0;	0.0;	0.26666666666666666;	0.13333333333333333;	0.13333333333333333
1377179541;	1;	2699.99866;	25.19998749333333;	0.9333333333333332;	95340.0;	31105.333333333332;	0.0;	0.13333333333333333;	0.2;	0.13333333333333333
1377179841;	1;	2699.99866;	21.599989280000003;	0.8;	95340.0;	31980.0;	0.0;	0.2;	0.13333333333333333;	0.13333333333333333
1377180141;	1;	2699.99866;	25.19998749333333;	0.9333333333333332;	95340.0;	31980.0;	0.0;	0.2;	0.13333333333333333;	0.13333333333333333
1377180441;	1;	2699.99866;	28.799985706666668;	1.0666666666666667;	95340.0;	33203.73333333333;	0.0;	0.2;	0.2;	0.2
1377180741;	1;	2699.99866;	21.599989280000003;	0.8;	95340.0;	29882.4;	0.0;	0.13333333333333333;	3.8666666666666667;	3.8666666666666667
1377181041;	1;	2699.99866;	25.19998749333333;	0.9333333333333332;	95340.0;	30231.733333333334;	0.0;	0.26666666666666666;	1.8666666666666667;	1.8666666666666667
1377181341;	1;	2699.99866;	26.999986600000003;	1.0;	95340.0;	30931.2;	0.0;	0.3333333333333333;	0.2;	0.2
1377181641;	1;	2699.99866;	21.599989280000003;	0.8;	95340.0;	29358.133333333335;	0.0;	0.26666666666666666;	0.13333333333333333;	0.13333333333333333
1377181941;	1;	2699.99866;	21.599989280000003;	0.8;	95340.0;	33027.73333333333;	0.0;	0.2;	0.6;	0.5333333333333333
1377182241;	1;	2699.99866;	28.799985706666668;	1.0666666666666667;	95340.0;	38270.4;	0.0;	0.3333333333333333;	0.13333333333333333;	0.06666666666666667
1377182542;	1;	2699.99866;	25.19998749333333;	0.9333333333333332;	95340.0;	31980.0;	0.0;	0.13333333333333333;	0.13333333333333333;	0.13333333333333333
1377182842;	1;	2699.99866;	21.599989280000003;	0.8;	95340.0;	28309.6;	0.0;	0.3333333333333333;	0.06666666666666667;	0.06666666666666667
1377183142;	1;	2699.99866;	25.19998749333333;	0.9333333333333332;	95340.0;	29706.666666666668;	0.0;	0.26666666666666666;	0.06666666666666667;	0.06666666666666667
1377183442;	1;	2699.99866;	28.799985706666668;	1.0666666666666667;	95340.0;	33028.8;	0.0;	0.26666666666666666;	0.13333333333333333;	0.13333333333333333
1377183742;	1;	2699.99866;	21.599989280000003;	0.8;	95340.0;	29358.133333333335;	0.0;	0.2;	0.06666666666666667;	0.06666666666666667
1377184042;	1;	2699.99866;	21.599989280000003;	0.8;	95340.0;	31455.2;	0.0;	0.13333333333333333;	0.3333333333333333;	0.3333333333333333
1377184342;	1;	2699.99866;	28.799985706666668;	1.0666666666666667;	95340.0;	29881.6;	0.0;	0.3333333333333333;	0.7333333333333333;	0.7333333333333333
1377184642;	1;	2699.99866;	25.19998749333333;	0.9333333333333332;	95340.0;	29882.4;	0.0;	0.26666666666666666;	0.06666666666666667;	0.06666666666666667
1377184942;	1;	2699.99866;	21.599989280000003;	0.8;	95340.0;	29357.6;	0.0;	0.26666666666666666;	0.2;	0.2
1377185242;	1;	2699.99866;	25.19998749333333;	0.9333333333333332;	95340.0;	32503.466666666667;	0.0;	0.26666666666666666;	0.13333333333333333;	0.06666666666666667
1377185542;	1;	2699.99866;	28.799985706666668;	1.0666666666666667;	95340.0;	34076.26666666667;	0.0;	0.3333333333333333;	0.5333333333333333;	0.5333333333333333
1377185842;	1;	2699.99866;	21.599989280000003;	0.8;	95340.0;	29532.533333333333;	0.0;	0.2;	0.13333333333333333;	0.13333333333333333
1377186142;	1;	2699.99866;	23.399988386666667;	0.8666666666666667;	95340.0;	30232.8;	0.0;	0.2;	0.2;	0.13333333333333333
1377186442;	1;	2699.99866;	26.999986600000003;	1.0;	95340.0;	29706.933333333334;	0.0;	0.3333333333333333;	0.13333333333333333;	0.06666666666666667
1377186742;	1;	2699.99866;	25.19998749333333;	0.9333333333333332;	95340.0;	34077.6;	0.0;	0.13333333333333333;	0.06666666666666667;	0.06666666666666667
1377187042;	1;	2699.99866;	21.599989280000003;	0.8;	95340.0;	33726.933333333334;	0.0;	0.26666666666666666;	0.13333333333333333;	0.13333333333333333
1377187342;	1;	2699.99866;	25.19998749333333;	0.9333333333333332;	95340.0;	28309.6;	0.0;	0.26666666666666666;	0.13333333333333333;	0.13333333333333333
1377187642;	1;	2699.99866;	28.799985706666668;	1.0666666666666667;	95340.0;	26212.0;	0.0;	0.26666666666666666;	0.13333333333333333;	0.13333333333333333
1377187942;	1;	2699.99866;	21.599989280000003;	0.8;	95340.0;	33551.2;	0.0;	0.2;	0.7333333333333333;	0.7333333333333333
1377188242;	1;	2699.99866;	21.599989280000003;	0.8;	95340.0;	31804.8;	0.0;	0.13333333333333333;	0.13333333333333333;	0.13333333333333333
1377188542;	1;	2699.99866;	32.39998392;	1.2;	95340.0;	33726.4;	0.0;	0.3333333333333333;	0.13333333333333333;	0.13333333333333333
1377188842;	1;	2699.99866;	21.599989280000003;	0.8;	95340.0;	29883.2;	0.0;	0.26666666666666666;	0.13333333333333333;	0.13333333333333333
1377189142;	1;	2699.99866;	21.599989280000003;	0.8;	95340.0;	31455.466666666667;	0.0;	0.2;	0.6;	0.6
1377189442;	1;	2699.99866;	25.19998749333333;	0.9333333333333332;	95340.0;	30406.4;	0.0;	0.2;	0.13333333333333333;	0.13333333333333333
1377189742;	1;	2699.99866;	28.799985706666668;	1.0666666666666667;	95340.0;	30930.4;	0.0;	0.26666666666666666;	0.13333333333333333;	0.13333333333333333
1377190042;	1;	2699.99866;	21.599989280000003;	0.8;	95340.0;	36524.8;	0.0;	0.26666666666666666;	0.13333333333333333;	0.13333333333333333
1377190342;	1;	2699.99866;	21.599989280000003;	0.8;	95340.0;	33028.0;	0.0;	0.3333333333333333;	0.2;	0.2
1377190643;	1;	2699.99866;	25.19998749333333;	0.9333333333333332;	95340.0;	33726.933333333334;	0.0;	0.26666666666666666;	0.13333333333333333;	0.13333333333333333
1377190943;	1;	2699.99866;	25.19998749333333;	0.9333333333333332;	95340.0;	33552.8;	0.0;	0.2;	0.2;	0.2
1377191243;	1;	2699.99866;	25.19998749333333;	0.9333333333333332;	95340.0;	34952.0;	0.0;	0.3333333333333333;	0.06666666666666667;	0.06666666666666667
1377191543;	1;	2699.99866;	21.599989280000003;	0.8;	95340.0;	31454.133333333335;	0.0;	0.2;	0.8;	0.8
1377191843;	1;	2699.99866;	25.19998749333333;	0.9333333333333332;	95340.0;	29357.6;	0.0;	0.2;	0.2;	0.2
1377192143;	1;	2699.99866;	28.799985706666668;	1.0666666666666667;	95340.0;	31980.0;	0.0;	0.26666666666666666;	0.06666666666666667;	0.06666666666666667
1377192443;	1;	2699.99866;	21.599989280000003;	0.8;	95340.0;	28832.533333333333;	0.0;	0.26666666666666666;	0.06666666666666667;	0.06666666666666667
1377192743;	1;	2699.99866;	21.599989280000003;	0.8;	95340.0;	31980.0;	0.0;	0.13333333333333333;	0.6;	0.6
1377193043;	1;	2699.99866;	25.19998749333333;	0.9333333333333332;	95340.0;	29356.8;	0.0;	0.3333333333333333;	0.06666666666666667;	0.06666666666666667
1377193343;	1;	2699.99866;	28.799985706666668;	1.0666666666666667;	95340.0;	30406.4;	0.0;	0.2;	0.13333333333333333;	0.13333333333333333
1377193643;	1;	2699.99866;	21.599989280000003;	0.8;	95340.0;	27784.8;	0.0;	0.3333333333333333;	0.13333333333333333;	0.13333333333333333
1377193943;	1;	2699.99866;	21.599989280000003;	0.8;	95340.0;	31629.066666666666;	0.0;	0.2;	0.06666666666666667;	0.06666666666666667
1377194243;	1;	2699.99866;	21.599989280000003;	0.8;	95340.0;	30056.8;	0.0;	0.26666666666666666;	0.06666666666666667;	0.06666666666666667
1377194543;	1;	2699.99866;	28.799985706666668;	1.0666666666666667;	95340.0;	29882.4;	0.0;	0.4;	0.13333333333333333;	0.13333333333333333
1377194843;	1;	2699.99866;	25.19998749333333;	0.9333333333333332;	95340.0;	31106.4;	0.0;	0.2;	0.06666666666666667;	0.06666666666666667
1377195143;	1;	2699.99866;	21.599989280000003;	0.8;	95340.0;	28658.666666666668;	0.0;	0.26666666666666666;	0.8;	0.8
1377195443;	1;	2699.99866;	21.599989280000003;	0.8;	95340.0;	24988.533333333333;	0.0;	0.13333333333333333;	0.13333333333333333;	0.13333333333333333
1377195743;	1;	2699.99866;	32.39998392;	1.2;	95340.0;	32504.0;	0.0;	0.3333333333333333;	0.06666666666666667;	0.06666666666666667
1377196043;	1;	2699.99866;	21.599989280000003;	0.8;	95340.0;	31279.2;	0.0;	0.2;	0.06666666666666667;	0.06666666666666667
1377196343;	1;	2699.99866;	21.599989280000003;	0.8;	95340.0;	29357.333333333332;	0.0;	0.2;	0.6666666666666666;	0.6666666666666666
1377196643;	1;	2699.99866;	25.19998749333333;	0.9333333333333332;	95340.0;	30930.666666666668;	0.0;	0.3333333333333333;	0.06666666666666667;	0.06666666666666667
1377196943;	1;	2699.99866;	28.799985706666668;	1.0666666666666667;	95340.0;	27435.466666666667;	0.0;	0.13333333333333333;	0.26666666666666666;	0.26666666666666666
1377197243;	1;	2699.99866;	21.599989280000003;	0.8;	95340.0;	30057.066666666666;	0.0;	0.4;	0.06666666666666667;	0.06666666666666667
1377197543;	1;	2699.99866;	25.19998749333333;	0.9333333333333332;	95340.0;	26560.8;	0.0;	0.2;	0.06666666666666667;	0.06666666666666667
1377197843;	1;	2699.99866;	28.799985706666668;	1.0666666666666667;	95340.0;	25513.066666666666;	0.0;	0.26666666666666666;	0.06666666666666667;	0.06666666666666667
1377198143;	1;	2699.99866;	21.599989280000003;	0.8;	95340.0;	25338.666666666668;	0.0;	0.13333333333333333;	0.2;	0.13333333333333333
1377198443;	1;	2699.99866;	21.599989280000003;	0.8;	95340.0;	31454.933333333334;	0.0;	0.26666666666666666;	0.06666666666666667;	0.06666666666666667
1377198743;	1;	2699.99866;	25.19998749333333;	0.9333333333333332;	95340.0;	34425.86666666667;	0.0;	0.2;	0.6666666666666666;	0.6666666666666666
1377199043;	1;	2699.99866;	28.799985706666668;	1.0666666666666667;	95340.0;	34076.53333333333;	0.0;	0.3333333333333333;	0.06666666666666667;	0.06666666666666667
1377199343;	1;	2699.99866;	21.599989280000003;	0.8;	95340.0;	27260.0;	0.0;	0.13333333333333333;	0.13333333333333333;	0.13333333333333333
1377199643;	1;	2699.99866;	21.599989280000003;	0.8;	95340.0;	32329.333333333332;	0.0;	0.2;	0.5333333333333333;	0.5333333333333333
1377199943;	1;	2699.99866;	25.19998749333333;	0.9333333333333332;	95340.0;	29882.133333333335;	0.0;	0.26666666666666666;	0.6666666666666666;	0.6
1377200243;	1;	2699.99866;	28.799985706666668;	1.0666666666666667;	95340.0;	30581.333333333332;	0.0;	0.26666666666666666;	0.4;	0.4
1377200543;	1;	2699.99866;	21.599989280000003;	0.8;	95340.0;	36174.666666666664;	0.0;	0.2;	0.13333333333333333;	0.13333333333333333
1377200843;	1;	2699.99866;	21.599989280000003;	0.8;	95340.0;	32329.6;	0.0;	0.2;	0.2;	0.2
1377201143;	1;	2699.99866;	28.799985706666668;	1.0666666666666667;	95340.0;	28309.066666666666;	0.0;	0.3333333333333333;	0.13333333333333333;	0.13333333333333333
1377201443;	1;	2699.99866;	25.19998749333333;	0.9333333333333332;	95340.0;	33552.0;	0.0;	0.2;	0.13333333333333333;	0.13333333333333333
1377201743;	1;	2699.99866;	21.599989280000003;	0.8;	95340.0;	35299.2;	0.0;	0.26666666666666666;	0.26666666666666666;	0.26666666666666666
1377202043;	1;	2699.99866;	25.19998749333333;	0.9333333333333332;	95340.0;	26911.466666666667;	0.0;	0.2;	0.13333333333333333;	0.13333333333333333
1377202343;	1;	2699.99866;	25.19998749333333;	0.9333333333333332;	95340.0;	26037.333333333332;	0.0;	0.26666666666666666;	0.8666666666666667;	0.8
1377202643;	1;	2699.99866;	25.19998749333333;	0.9333333333333332;	95340.0;	30756.8;	0.0;	0.2;	0.2;	0.2
1377202943;	1;	2699.99866;	21.599989280000003;	0.8;	95340.0;	27260.0;	0.0;	0.2;	0.2;	0.2
1377203243;	1;	2699.99866;	28.799985706666668;	1.0666666666666667;	95340.0;	32677.866666666665;	0.0;	0.3333333333333333;	0.13333333333333333;	0.13333333333333333
1377203543;	1;	2699.99866;	25.19998749333333;	0.9333333333333332;	95340.0;	42465.333333333336;	0.0;	0.13333333333333333;	0.7333333333333333;	0.6666666666666666
1377203844;	1;	2699.99866;	21.599989280000003;	0.8;	95340.0;	29007.733333333334;	0.0;	0.26666666666666666;	0.13333333333333333;	0.13333333333333333
1377204144;	1;	2699.99866;	21.599989280000003;	0.8;	95340.0;	35649.86666666667;	0.0;	0.13333333333333333;	0.06666666666666667;	0.06666666666666667
1377204444;	1;	2699.99866;	25.19998749333333;	0.9333333333333332;	95340.0;	32853.6;	0.0;	0.3333333333333333;	0.3333333333333333;	0.26666666666666666
1377204744;	1;	2699.99866;	28.799985706666668;	1.0666666666666667;	95340.0;	29008.533333333333;	0.0;	0.13333333333333333;	0.13333333333333333;	0.13333333333333333
1377205044;	1;	2699.99866;	21.599989280000003;	0.8;	95340.0;	29357.333333333332;	0.0;	0.26666666666666666;	0.2;	0.2
1377205344;	1;	2699.99866;	21.599989280000003;	0.8;	95340.0;	32329.066666666666;	0.0;	0.13333333333333333;	0.2;	0.13333333333333333
1377205644;	1;	2699.99866;	28.799985706666668;	1.0666666666666667;	95340.0;	27611.2;	0.0;	0.26666666666666666;	0.13333333333333333;	0.13333333333333333
1377205944;	1;	2699.99866;	25.19998749333333;	0.9333333333333332;	95340.0;	30581.866666666665;	0.0;	0.2;	0.7333333333333333;	0.7333333333333333
1377206244;	1;	2699.99866;	7.199996426666667;	0.26666666666666666;	95340.0;	33028.0;	0.0;	0.06666666666666667;	0.13333333333333333;	0.13333333333333333
1377206844;	1;	2699.99866;	21.599989280000003;	0.8;	95340.0;	21319.2;	0.0;	0.26666666666666666;	0.26666666666666666;	0.26666666666666666
1377207144;	1;	2699.99866;	21.599989280000003;	0.8;	95340.0;	32852.8;	0.0;	0.26666666666666666;	0.8;	0.8
1377207444;	1;	2699.99866;	28.799985706666668;	1.0666666666666667;	95340.0;	28135.2;	0.0;	0.26666666666666666;	0.2;	0.2
1377208044;	1;	2699.99866;	10.799994640000001;	0.4;	95340.0;	21318.933333333334;	0.0;	0.13333333333333333;	0.06666666666666667;	0.06666666666666667
1377208344;	1;	2699.99866;	17.99999106666667;	0.6666666666666667;	95340.0;	30756.8;	0.0;	0.06666666666666667;	0.2;	0.06666666666666667
1377208644;	1;	2699.99866;	21.599989280000003;	0.8;	95340.0;	31630.133333333335;	0.0;	0.13333333333333333;	0.2;	0.13333333333333333
1377208944;	1;	2699.99866;	25.19998749333333;	0.9333333333333332;	95340.0;	27785.866666666665;	0.0;	0.26666666666666666;	0.3333333333333333;	0.26666666666666666
1377209245;	1;	2699.99866;	0.0;	0.0;	95340.0;	23766.133333333335;	0.0;	0.0;	0.8666666666666667;	0.8
1377209845;	1;	2699.99866;	21.599989280000003;	0.8;	95340.0;	19571.2;	0.0;	0.26666666666666666;	0.2;	0.13333333333333333
1377210145;	1;	2699.99866;	21.599989280000003;	0.8;	95340.0;	31280.266666666666;	0.0;	0.2;	0.06666666666666667;	0.13333333333333333
1377210445;	1;	2699.99866;	25.19998749333333;	0.9333333333333332;	95340.0;	31105.333333333332;	0.0;	0.13333333333333333;	0.2;	0.06666666666666667
1377210745;	1;	2699.99866;	28.799985706666668;	1.0666666666666667;	95340.0;	31105.066666666666;	0.0;	0.3333333333333333;	0.7333333333333333;	0.6666666666666666
1377211045;	1;	2699.99866;	21.599989280000003;	0.8;	95340.0;	30058.133333333335;	0.0;	0.13333333333333333;	0.2;	0.13333333333333333
1377211345;	1;	2699.99866;	21.599989280000003;	0.8;	95340.0;	32503.733333333334;	0.0;	0.13333333333333333;	0.3333333333333333;	0.3333333333333333
1377211645;	1;	2699.99866;	28.799985706666668;	1.0666666666666667;	95340.0;	24988.533333333333;	0.0;	0.4;	0.2;	0.2
1377211945;	1;	2699.99866;	25.19998749333333;	0.9333333333333332;	95340.0;	29358.4;	0.0;	0.13333333333333333;	0.13333333333333333;	0.13333333333333333
1377212245;	1;	2699.99866;	25.19998749333333;	0.9333333333333332;	95340.0;	31804.8;	0.0;	0.26666666666666666;	0.13333333333333333;	0.13333333333333333
1377212545;	1;	2699.99866;	26.999986600000003;	1.0;	95340.0;	33028.8;	0.0;	0.2;	0.26666666666666666;	0.26666666666666666
1377212845;	1;	2699.99866;	23.399988386666667;	0.8666666666666667;	95340.0;	33028.26666666667;	0.0;	0.26666666666666666;	0.3333333333333333;	0.3333333333333333
1377213145;	1;	2699.99866;	21.599989280000003;	0.8;	95340.0;	33727.73333333333;	0.0;	0.2;	0.8;	0.7333333333333333
1377213445;	1;	2699.99866;	28.799985706666668;	1.0666666666666667;	95340.0;	32503.733333333334;	0.0;	0.26666666666666666;	0.13333333333333333;	0.13333333333333333
1377213745;	1;	2699.99866;	25.19998749333333;	0.9333333333333332;	95340.0;	29707.733333333334;	0.0;	0.2;	0.13333333333333333;	0.13333333333333333
1377214045;	1;	2699.99866;	21.599989280000003;	0.8;	95340.0;	30231.733333333334;	0.0;	0.3333333333333333;	0.2;	0.2
1377214345;	1;	2699.99866;	25.19998749333333;	0.9333333333333332;	95340.0;	29358.133333333335;	0.0;	0.2;	0.7333333333333333;	0.7333333333333333
1377214645;	1;	2699.99866;	28.799985706666668;	1.0666666666666667;	95340.0;	31280.266666666666;	0.0;	0.26666666666666666;	0.13333333333333333;	0.13333333333333333
1377214945;	1;	2699.99866;	21.599989280000003;	0.8;	95340.0;	35824.53333333333;	0.0;	0.13333333333333333;	0.2;	0.13333333333333333
1377215245;	1;	2699.99866;	21.599989280000003;	0.8;	95340.0;	29182.666666666668;	0.0;	0.2;	0.2;	0.2
1377215545;	1;	2699.99866;	28.799985706666668;	1.0666666666666667;	95340.0;	29707.466666666667;	0.0;	0.4666666666666667;	0.13333333333333333;	0.13333333333333333
1377215845;	1;	2699.99866;	25.19998749333333;	0.9333333333333332;	95340.0;	34951.46666666667;	0.0;	0.13333333333333333;	0.13333333333333333;	0.13333333333333333
1377216145;	1;	2699.99866;	21.599989280000003;	0.8;	95340.0;	32503.733333333334;	0.0;	0.13333333333333333;	0.2;	0.2
1377216445;	1;	2699.99866;	28.799985706666668;	1.0666666666666667;	95340.0;	33727.73333333333;	0.0;	0.4;	0.2;	0.2
1377216745;	1;	2699.99866;	25.19998749333333;	0.9333333333333332;	95340.0;	30057.066666666666;	0.0;	0.13333333333333333;	0.7333333333333333;	0.7333333333333333
1377217045;	1;	2699.99866;	21.599989280000003;	0.8;	95340.0;	34601.066666666666;	0.0;	0.13333333333333333;	0.13333333333333333;	0.2
1377217345;	1;	2699.99866;	28.799985706666668;	1.0666666666666667;	95340.0;	34601.6;	0.0;	0.4;	0.2;	0.2
1377217645;	1;	2699.99866;	25.19998749333333;	0.9333333333333332;	95340.0;	35824.53333333333;	0.0;	0.13333333333333333;	0.5333333333333333;	0.3333333333333333
1377217945;	1;	2699.99866;	21.599989280000003;	0.8;	95340.0;	31455.466666666667;	0.0;	0.2;	0.6666666666666666;	0.6
1377218245;	1;	2699.99866;	25.19998749333333;	0.9333333333333332;	95340.0;	27959.733333333334;	0.0;	0.3333333333333333;	0.2;	0.2
1377218545;	1;	2699.99866;	28.799985706666668;	1.0666666666666667;	95340.0;	30406.666666666668;	0.0;	0.2;	0.2;	0.13333333333333333
1377218845;	1;	2699.99866;	21.599989280000003;	0.8;	95340.0;	35475.46666666667;	0.0;	0.4;	0.2;	0.26666666666666666
1377219145;	1;	2699.99866;	25.19998749333333;	0.9333333333333332;	95340.0;	29182.133333333335;	0.0;	0.2;	0.13333333333333333;	0.13333333333333333
1377219445;	1;	2699.99866;	28.799985706666668;	1.0666666666666667;	95340.0;	29882.4;	0.0;	0.2;	0.13333333333333333;	0.13333333333333333
1377219745;	1;	2699.99866;	21.599989280000003;	0.8;	95340.0;	26736.8;	0.0;	0.2;	0.26666666666666666;	0.3333333333333333
1377220045;	1;	2699.99866;	25.19998749333333;	0.9333333333333332;	95340.0;	28833.6;	0.0;	0.2;	0.2;	0.13333333333333333
1377220345;	1;	2699.99866;	26.999986600000003;	1.0;	95340.0;	30407.466666666667;	0.0;	0.26666666666666666;	0.8666666666666667;	0.8666666666666667
1377220646;	1;	2699.99866;	21.599989280000003;	0.8;	95340.0;	32678.933333333334;	0.0;	0.13333333333333333;	0.3333333333333333;	0.4
1377220946;	1;	2699.99866;	21.599989280000003;	0.8;	95340.0;	39494.666666666664;	0.0;	0.13333333333333333;	0.2;	0.13333333333333333
1377221246;	1;	2699.99866;	26.999986600000003;	1.0;	95340.0;	37571.46666666667;	0.0;	0.3333333333333333;	0.06666666666666667;	0.06666666666666667
1377221546;	1;	2699.99866;	25.19998749333333;	0.9333333333333332;	95340.0;	35125.6;	0.0;	0.13333333333333333;	0.6666666666666666;	0.6666666666666666
1377221846;	1;	2699.99866;	19.799990173333335;	0.7333333333333333;	95340.0;	35126.13333333333;	0.0;	0.2;	0.13333333333333333;	0.06666666666666667
1377222146;	1;	2699.99866;	28.799985706666668;	1.0666666666666667;	95340.0;	30755.466666666667;	0.0;	0.3333333333333333;	0.2;	0.2
1377222446;	1;	2699.99866;	25.19998749333333;	0.9333333333333332;	95340.0;	31629.066666666666;	0.0;	0.3333333333333333;	0.2;	0.13333333333333333
1377222746;	1;	2699.99866;	21.599989280000003;	0.8;	95340.0;	30231.466666666667;	0.0;	0.13333333333333333;	0.2;	0.13333333333333333
1377223046;	1;	2699.99866;	26.999986600000003;	1.0;	95340.0;	34426.4;	0.0;	0.26666666666666666;	0.13333333333333333;	0.06666666666666667
1377223346;	1;	2699.99866;	26.999986600000003;	1.0;	95340.0;	28657.866666666665;	0.0;	0.13333333333333333;	0.2;	0.2
1377223646;	1;	2699.99866;	21.599989280000003;	0.8;	95340.0;	32853.6;	0.0;	0.26666666666666666;	0.13333333333333333;	0.13333333333333333
1377223946;	1;	2699.99866;	21.599989280000003;	0.8;	95340.0;	37222.666666666664;	0.0;	0.2;	0.8666666666666667;	0.8666666666666667
1377224246;	1;	2699.99866;	25.19998749333333;	0.9333333333333332;	95340.0;	32852.53333333333;	0.0;	0.26666666666666666;	0.2;	0.2
1377224546;	1;	2699.99866;	28.799985706666668;	1.0666666666666667;	95340.0;	29708.0;	0.0;	0.26666666666666666;	0.2;	0.2
1377224846;	1;	2699.99866;	21.599989280000003;	0.8;	95340.0;	26911.2;	0.0;	0.26666666666666666;	0.2;	0.2
1377225146;	1;	2699.99866;	25.19998749333333;	0.9333333333333332;	95340.0;	30756.533333333333;	0.0;	0.2;	0.6;	0.6666666666666666
1377225446;	1;	2699.99866;	25.19998749333333;	0.9333333333333332;	95340.0;	34427.2;	0.0;	0.26666666666666666;	0.13333333333333333;	0.13333333333333333
1377225746;	1;	2699.99866;	25.19998749333333;	0.9333333333333332;	95340.0;	39494.13333333333;	0.0;	0.13333333333333333;	0.2;	0.13333333333333333
1377226046;	1;	2699.99866;	21.599989280000003;	0.8;	95340.0;	36000.0;	0.0;	0.26666666666666666;	0.2;	0.2
1377226346;	1;	2699.99866;	28.799985706666668;	1.0666666666666667;	95340.0;	37222.13333333333;	0.0;	0.26666666666666666;	0.13333333333333333;	0.13333333333333333
1377226646;	1;	2699.99866;	25.19998749333333;	0.9333333333333332;	95340.0;	29182.666666666668;	0.0;	0.2;	0.13333333333333333;	0.13333333333333333
1377226946;	1;	2699.99866;	21.599989280000003;	0.8;	95340.0;	27784.0;	0.0;	0.2;	0.2;	0.2
1377227246;	1;	2699.99866;	25.19998749333333;	0.9333333333333332;	95340.0;	37222.933333333334;	0.0;	0.26666666666666666;	0.13333333333333333;	0.13333333333333333
1377227546;	1;	2699.99866;	28.799985706666668;	1.0666666666666667;	95340.0;	36173.066666666666;	0.0;	0.26666666666666666;	0.7333333333333333;	0.7333333333333333
1377227846;	1;	2699.99866;	21.599989280000003;	0.8;	95340.0;	27261.066666666666;	0.0;	0.2;	0.13333333333333333;	0.2
1377228146;	1;	2699.99866;	21.599989280000003;	0.8;	95340.0;	30931.2;	0.0;	0.13333333333333333;	0.13333333333333333;	0.13333333333333333
1377228446;	1;	2699.99866;	26.999986600000003;	1.0;	95340.0;	25862.933333333334;	0.0;	0.4;	0.13333333333333333;	0.13333333333333333
1377228746;	1;	2699.99866;	25.19998749333333;	0.9333333333333332;	95340.0;	33727.2;	0.0;	0.2;	0.6;	0.6
1377229046;	1;	2699.99866;	21.599989280000003;	0.8;	95340.0;	36698.666666666664;	0.0;	0.2;	0.13333333333333333;	0.13333333333333333
1377229346;	1;	2699.99866;	28.799985706666668;	1.0666666666666667;	95340.0;	28309.333333333332;	0.0;	0.3333333333333333;	0.13333333333333333;	0.13333333333333333
1377229646;	1;	2699.99866;	25.19998749333333;	0.9333333333333332;	95340.0;	27610.133333333335;	0.0;	0.3333333333333333;	0.26666666666666666;	0.26666666666666666
1377229946;	1;	2699.99866;	21.599989280000003;	0.8;	95340.0;	33027.46666666667;	0.0;	0.26666666666666666;	0.13333333333333333;	0.13333333333333333
1377230246;	1;	2699.99866;	25.19998749333333;	0.9333333333333332;	95340.0;	34951.46666666667;	0.0;	0.2;	0.13333333333333333;	0.13333333333333333
1377230546;	1;	2699.99866;	28.799985706666668;	1.0666666666666667;	95340.0;	32328.533333333333;	0.0;	0.3333333333333333;	0.4;	0.4
1377230846;	1;	2699.99866;	21.599989280000003;	0.8;	95340.0;	31804.533333333333;	0.0;	0.26666666666666666;	0.13333333333333333;	0.13333333333333333
1377231146;	1;	2699.99866;	21.599989280000003;	0.8;	95340.0;	28659.466666666667;	0.0;	0.13333333333333333;	0.7333333333333333;	0.7333333333333333
1377231446;	1;	2699.99866;	28.799985706666668;	1.0666666666666667;	95340.0;	33902.13333333333;	0.0;	0.26666666666666666;	0.26666666666666666;	0.26666666666666666
1377231746;	1;	2699.99866;	25.19998749333333;	0.9333333333333332;	95340.0;	33028.53333333333;	0.0;	0.13333333333333333;	0.13333333333333333;	0.13333333333333333
1377232046;	1;	2699.99866;	21.599989280000003;	0.8;	95340.0;	33378.4;	0.0;	0.26666666666666666;	0.13333333333333333;	0.13333333333333333
1377232346;	1;	2699.99866;	25.19998749333333;	0.9333333333333332;	95340.0;	34425.86666666667;	0.0;	0.26666666666666666;	1.0666666666666667;	1.0666666666666667
1377232646;	1;	2699.99866;	28.799985706666668;	1.0666666666666667;	95340.0;	36173.86666666667;	0.0;	0.13333333333333333;	0.6;	0.6
1377232946;	1;	2699.99866;	21.599989280000003;	0.8;	95340.0;	30930.4;	0.0;	0.26666666666666666;	0.2;	0.2
1377233246;	1;	2699.99866;	25.19998749333333;	0.9333333333333332;	95340.0;	28135.2;	0.0;	0.26666666666666666;	0.26666666666666666;	0.26666666666666666
1377233547;	1;	2699.99866;	25.19998749333333;	0.9333333333333332;	95340.0;	29181.866666666665;	0.0;	0.26666666666666666;	0.2;	0.2
1377233847;	1;	2699.99866;	21.599989280000003;	0.8;	95340.0;	40893.066666666666;	0.0;	0.2;	0.2;	0.2
1377234147;	1;	2699.99866;	21.599989280000003;	0.8;	95340.0;	38446.13333333333;	0.0;	0.2;	0.2;	0.2
1377234447;	1;	2699.99866;	30.599984813333336;	1.1333333333333333;	95340.0;	36523.73333333333;	0.0;	0.4;	0.2;	0.2
1377234747;	1;	2699.99866;	23.399988386666667;	0.8666666666666667;	95340.0;	32503.466666666667;	0.0;	0.13333333333333333;	0.8;	0.7333333333333333
1377235047;	1;	2699.99866;	21.599989280000003;	0.8;	95340.0;	31629.333333333332;	0.0;	0.2;	0.26666666666666666;	0.2
1377235347;	1;	2699.99866;	26.999986600000003;	1.0;	95340.0;	31106.133333333335;	0.0;	0.26666666666666666;	0.2;	0.2
1377235647;	1;	2699.99866;	25.19998749333333;	0.9333333333333332;	95340.0;	33377.333333333336;	0.0;	0.2;	0.2;	0.13333333333333333
1377235947;	1;	2699.99866;	21.599989280000003;	0.8;	95340.0;	31455.2;	0.0;	0.26666666666666666;	0.6;	0.6
1377236247;	1;	2699.99866;	25.19998749333333;	0.9333333333333332;	95340.0;	31280.8;	0.0;	0.26666666666666666;	0.06666666666666667;	0.06666666666666667
1377236547;	1;	2699.99866;	28.799985706666668;	1.0666666666666667;	95340.0;	32678.4;	0.0;	0.3333333333333333;	0.13333333333333333;	0.13333333333333333
1377236847;	1;	2699.99866;	21.599989280000003;	0.8;	95340.0;	29532.8;	0.0;	0.3333333333333333;	0.2;	0.2
1377237147;	1;	2699.99866;	19.799990173333335;	0.7333333333333333;	95340.0;	33377.86666666667;	0.0;	0.13333333333333333;	0.06666666666666667;	0.13333333333333333
1377237447;	1;	2699.99866;	28.799985706666668;	1.0666666666666667;	95340.0;	35999.2;	0.0;	0.26666666666666666;	0.26666666666666666;	0.26666666666666666
1377237747;	1;	2699.99866;	25.19998749333333;	0.9333333333333332;	95340.0;	30056.266666666666;	0.0;	0.2;	0.26666666666666666;	0.26666666666666666
1377238047;	1;	2699.99866;	21.599989280000003;	0.8;	95340.0;	31280.266666666666;	0.0;	0.26666666666666666;	0.13333333333333333;	0.13333333333333333
1377238347;	1;	2699.99866;	25.19998749333333;	0.9333333333333332;	95340.0;	29358.133333333335;	0.0;	0.26666666666666666;	0.8;	0.8
1377238647;	1;	2699.99866;	28.799985706666668;	1.0666666666666667;	95340.0;	34951.2;	0.0;	0.26666666666666666;	0.3333333333333333;	0.2
1377238947;	1;	2699.99866;	21.599989280000003;	0.8;	95340.0;	33728.0;	0.0;	0.2;	0.13333333333333333;	0.13333333333333333
1377239247;	1;	2699.99866;	21.599989280000003;	0.8;	95340.0;	30056.0;	0.0;	0.13333333333333333;	0.13333333333333333;	0.13333333333333333
1377239547;	1;	2699.99866;	28.799985706666668;	1.0666666666666667;	95340.0;	29357.6;	0.0;	0.4;	0.7333333333333333;	0.7333333333333333
1377239847;	1;	2699.99866;	25.19998749333333;	0.9333333333333332;	95340.0;	29007.733333333334;	0.0;	0.13333333333333333;	0.13333333333333333;	0.13333333333333333
1377240147;	1;	2699.99866;	21.599989280000003;	0.8;	95340.0;	35649.6;	0.0;	0.13333333333333333;	0.13333333333333333;	0.13333333333333333
1377240447;	1;	2699.99866;	28.799985706666668;	1.0666666666666667;	95340.0;	41067.46666666667;	0.0;	0.3333333333333333;	0.2;	0.2
1377240747;	1;	2699.99866;	25.19998749333333;	0.9333333333333332;	95340.0;	38096.53333333333;	0.0;	0.2;	0.13333333333333333;	0.13333333333333333
1377241047;	1;	2699.99866;	21.599989280000003;	0.8;	95340.0;	31628.8;	0.0;	0.26666666666666666;	0.13333333333333333;	0.13333333333333333
1377241347;	1;	2699.99866;	25.19998749333333;	0.9333333333333332;	95340.0;	32853.6;	0.0;	0.2;	0.3333333333333333;	0.3333333333333333
1377241647;	1;	2699.99866;	28.799985706666668;	1.0666666666666667;	95340.0;	34425.86666666667;	0.0;	0.2;	0.3333333333333333;	0.3333333333333333
1377241947;	1;	2699.99866;	21.599989280000003;	0.8;	95340.0;	33552.8;	0.0;	0.3333333333333333;	0.8;	0.8
1377242247;	1;	2699.99866;	25.19998749333333;	0.9333333333333332;	95340.0;	35474.666666666664;	0.0;	0.2;	0.2;	0.2
1377242547;	1;	2699.99866;	28.799985706666668;	1.0666666666666667;	95340.0;	28659.466666666667;	0.0;	0.3333333333333333;	0.13333333333333333;	0.13333333333333333
1377242848;	1;	2699.99866;	21.599989280000003;	0.8;	95340.0;	31280.8;	0.0;	0.26666666666666666;	0.13333333333333333;	0.13333333333333333
1377243148;	1;	2699.99866;	21.599989280000003;	0.8;	95340.0;	29358.133333333335;	0.0;	0.2;	0.6666666666666666;	0.6
1377243448;	1;	2699.99866;	28.799985706666668;	1.0666666666666667;	95340.0;	35124.8;	0.0;	0.26666666666666666;	0.2;	0.13333333333333333
1377243748;	1;	2699.99866;	25.19998749333333;	0.9333333333333332;	95340.0;	39145.066666666666;	0.0;	0.13333333333333333;	0.13333333333333333;	0.13333333333333333
1377244048;	1;	2699.99866;	21.599989280000003;	0.8;	95340.0;	29708.0;	0.0;	0.3333333333333333;	0.26666666666666666;	0.26666666666666666
1377244347;	1;	2699.99866;	23.399988386666667;	0.8666666666666667;	95340.0;	29007.733333333334;	0.0;	0.26666666666666666;	0.26666666666666666;	0.26666666666666666
1377244647;	1;	2699.99866;	28.799985706666668;	1.0666666666666667;	95340.0;	29532.266666666666;	0.0;	0.26666666666666666;	0.26666666666666666;	0.2
1377244947;	1;	2699.99866;	21.599989280000003;	0.8;	95340.0;	27261.066666666666;	0.0;	0.13333333333333333;	0.13333333333333333;	0.2
1377245247;	1;	2699.99866;	21.599989280000003;	0.8;	95340.0;	26037.066666666666;	0.0;	0.13333333333333333;	0.26666666666666666;	0.2
1377245547;	1;	2699.99866;	28.799985706666668;	1.0666666666666667;	95340.0;	24813.866666666665;	0.0;	0.26666666666666666;	0.8;	0.7333333333333333
1377245847;	1;	2699.99866;	25.19998749333333;	0.9333333333333332;	95340.0;	29182.133333333335;	0.0;	0.13333333333333333;	0.26666666666666666;	0.26666666666666666
1377246147;	1;	2699.99866;	19.799990173333335;	0.7333333333333333;	95340.0;	33202.933333333334;	0.0;	0.3333333333333333;	0.2;	0.13333333333333333
1377246447;	1;	2699.99866;	21.599989280000003;	0.8;	95340.0;	30406.133333333335;	0.0;	0.2;	0.2;	0.13333333333333333
1377246748;	1;	2699.99866;	23.399988386666667;	0.8666666666666667;	95340.0;	26736.8;	0.0;	0.13333333333333333;	0.6666666666666666;	0.6666666666666666
1377247048;	1;	2699.99866;	26.999986600000003;	1.0;	95340.0;	32852.8;	0.0;	0.4;	0.13333333333333333;	0.13333333333333333
1377247348;	1;	2699.99866;	25.19998749333333;	0.9333333333333332;	95340.0;	30057.066666666666;	0.0;	0.2;	0.13333333333333333;	0.13333333333333333
1377247648;	1;	2699.99866;	21.599989280000003;	0.8;	95340.0;	31979.733333333334;	0.0;	0.2;	0.2;	0.2
1377247948;	1;	2699.99866;	28.799985706666668;	1.0666666666666667;	95340.0;	28659.2;	0.0;	0.3333333333333333;	0.13333333333333333;	0.13333333333333333
1377248248;	1;	2699.99866;	25.19998749333333;	0.9333333333333332;	95340.0;	27085.066666666666;	0.0;	0.2;	0.2;	0.2
1377248548;	1;	2699.99866;	21.599989280000003;	0.8;	95340.0;	29881.066666666666;	0.0;	0.2;	0.3333333333333333;	0.3333333333333333
1377248848;	1;	2699.99866;	21.599989280000003;	0.8;	95340.0;	34076.0;	0.0;	0.2;	0.13333333333333333;	0.13333333333333333
1377249148;	1;	2699.99866;	26.999986600000003;	1.0;	95340.0;	32154.4;	0.0;	0.3333333333333333;	0.7333333333333333;	0.7333333333333333
1377249448;	1;	2699.99866;	26.999986600000003;	1.0;	95340.0;	34950.933333333334;	0.0;	0.2;	0.4;	0.4
1377249748;	1;	2699.99866;	21.599989280000003;	0.8;	95340.0;	30231.2;	0.0;	0.26666666666666666;	0.13333333333333333;	0.13333333333333333
1377250048;	1;	2699.99866;	25.19998749333333;	0.9333333333333332;	95340.0;	26212.266666666666;	0.0;	0.2;	0.13333333333333333;	0.13333333333333333
1377250348;	1;	2699.99866;	28.799985706666668;	1.0666666666666667;	95340.0;	30755.466666666667;	0.0;	0.3333333333333333;	0.8;	0.8
1377250648;	1;	2699.99866;	21.599989280000003;	0.8;	95340.0;	27086.133333333335;	0.0;	0.2;	0.13333333333333333;	0.2
1377250948;	1;	2699.99866;	21.599989280000003;	0.8;	95340.0;	29356.8;	0.0;	0.2;	0.2;	0.2
1377251248;	1;	2699.99866;	28.799985706666668;	1.0666666666666667;	95340.0;	30405.866666666665;	0.0;	0.3333333333333333;	0.26666666666666666;	0.13333333333333333
1377251548;	1;	2699.99866;	25.19998749333333;	0.9333333333333332;	95340.0;	27785.333333333332;	0.0;	0.2;	0.2;	0.2
1377251848;	1;	2699.99866;	21.599989280000003;	0.8;	95340.0;	36873.066666666666;	0.0;	0.26666666666666666;	0.13333333333333333;	0.13333333333333333
1377252148;	1;	2699.99866;	25.19998749333333;	0.9333333333333332;	95340.0;	31804.533333333333;	0.0;	0.3333333333333333;	0.2;	0.2
1377252448;	1;	2699.99866;	28.799985706666668;	1.0666666666666667;	95340.0;	29706.666666666668;	0.0;	0.2;	0.13333333333333333;	0.13333333333333333
1377252748;	1;	2699.99866;	21.599989280000003;	0.8;	95340.0;	31979.2;	0.0;	0.3333333333333333;	0.7333333333333333;	0.7333333333333333
1377253048;	1;	2699.99866;	25.19998749333333;	0.9333333333333332;	95340.0;	29182.933333333334;	0.0;	0.2;	0.26666666666666666;	0.2
1377253348;	1;	2699.99866;	25.19998749333333;	0.9333333333333332;	95340.0;	28833.6;	0.0;	0.2;	0.13333333333333333;	0.13333333333333333
1377253648;	1;	2699.99866;	25.19998749333333;	0.9333333333333332;	95340.0;	34951.46666666667;	0.0;	0.2;	0.6;	0.6
1377253948;	1;	2699.99866;	21.599989280000003;	0.8;	95340.0;	28308.533333333333;	0.0;	0.2;	0.7333333333333333;	0.7333333333333333
1377254248;	1;	2699.99866;	28.799985706666668;	1.0666666666666667;	95340.0;	28309.333333333332;	0.0;	0.26666666666666666;	0.13333333333333333;	0.13333333333333333
1377254548;	1;	2699.99866;	25.19998749333333;	0.9333333333333332;	95340.0;	30406.933333333334;	0.0;	0.2;	0.13333333333333333;	0.13333333333333333
1377254848;	1;	2699.99866;	21.599989280000003;	0.8;	95340.0;	29707.2;	0.0;	0.26666666666666666;	0.2;	0.13333333333333333
1377255148;	1;	2699.99866;	25.19998749333333;	0.9333333333333332;	95340.0;	27610.666666666668;	0.0;	0.26666666666666666;	0.2;	0.2
1377255448;	1;	2699.99866;	26.999986600000003;	1.0;	95340.0;	27610.133333333335;	0.0;	0.26666666666666666;	0.13333333333333333;	0.13333333333333333
1377255748;	1;	2699.99866;	23.399988386666667;	0.8666666666666667;	95340.0;	31456.0;	0.0;	0.13333333333333333;	0.3333333333333333;	0.3333333333333333
1377256048;	1;	2699.99866;	21.599989280000003;	0.8;	95340.0;	26037.333333333332;	0.0;	0.2;	0.26666666666666666;	0.26666666666666666
1377256348;	1;	2699.99866;	28.799985706666668;	1.0666666666666667;	95340.0;	31629.866666666665;	0.0;	0.3333333333333333;	0.7333333333333333;	0.7333333333333333
1377256648;	1;	2699.99866;	25.19998749333333;	0.9333333333333332;	95340.0;	29358.133333333335;	0.0;	0.13333333333333333;	0.2;	0.26666666666666666
1377256948;	1;	2699.99866;	21.599989280000003;	0.8;	95340.0;	30581.6;	0.0;	0.2;	0.13333333333333333;	0.13333333333333333
1377257249;	1;	2699.99866;	28.799985706666668;	1.0666666666666667;	95340.0;	32329.066666666666;	0.0;	0.26666666666666666;	0.2;	0.2
1377257549;	1;	2699.99866;	25.19998749333333;	0.9333333333333332;	95340.0;	33552.8;	0.0;	0.2;	0.6666666666666666;	0.6666666666666666
1377257849;	1;	2699.99866;	21.599989280000003;	0.8;	95340.0;	28658.666666666668;	0.0;	0.2;	0.2;	0.2
1377258149;	1;	2699.99866;	19.799990173333335;	0.7333333333333333;	95340.0;	31455.2;	0.0;	0.13333333333333333;	0.26666666666666666;	0.26666666666666666
1377258449;	1;	2699.99866;	28.799985706666668;	1.0666666666666667;	95340.0;	31978.933333333334;	0.0;	0.3333333333333333;	0.2;	0.2
1377258749;	1;	2699.99866;	25.19998749333333;	0.9333333333333332;	95340.0;	27959.2;	0.0;	0.13333333333333333;	0.2;	0.13333333333333333
1377259049;	1;	2699.99866;	21.599989280000003;	0.8;	95340.0;	35650.666666666664;	0.0;	0.3333333333333333;	0.13333333333333333;	0.2
1377259349;	1;	2699.99866;	25.19998749333333;	0.9333333333333332;	95340.0;	36174.666666666664;	0.0;	0.2;	0.3333333333333333;	0.3333333333333333
1377259649;	1;	2699.99866;	28.799985706666668;	1.0666666666666667;	95340.0;	33202.933333333334;	0.0;	0.26666666666666666;	0.2;	0.2
1377259949;	1;	2699.99866;	21.599989280000003;	0.8;	95340.0;	35300.53333333333;	0.0;	0.2;	0.7333333333333333;	0.7333333333333333
1377260249;	1;	2699.99866;	23.399988386666667;	0.8666666666666667;	95340.0;	36173.86666666667;	0.0;	0.13333333333333333;	0.13333333333333333;	0.13333333333333333
1377260549;	1;	2699.99866;	28.799985706666668;	1.0666666666666667;	95340.0;	39495.73333333333;	0.0;	0.4;	0.13333333333333333;	0.13333333333333333
1377260849;	1;	2699.99866;	23.399988386666667;	0.8666666666666667;	95340.0;	31978.933333333334;	0.0;	0.26666666666666666;	0.13333333333333333;	0.13333333333333333
1377261149;	1;	2699.99866;	21.599989280000003;	0.8;	95340.0;	30406.133333333335;	0.0;	0.2;	0.7333333333333333;	0.7333333333333333
1377261449;	1;	2699.99866;	26.999986600000003;	1.0;	95340.0;	32154.4;	0.0;	0.3333333333333333;	0.2;	0.2
1377261749;	1;	2699.99866;	26.999986600000003;	1.0;	95340.0;	28833.866666666665;	0.0;	0.2;	0.26666666666666666;	0.26666666666666666
1377262049;	1;	2699.99866;	21.599989280000003;	0.8;	95340.0;	27085.333333333332;	0.0;	0.4666666666666667;	0.13333333333333333;	0.13333333333333333
1377262349;	1;	2699.99866;	25.19998749333333;	0.9333333333333332;	95340.0;	32328.8;	0.0;	0.9333333333333333;	0.13333333333333333;	0.13333333333333333
1377262649;	1;	2699.99866;	28.799985706666668;	1.0666666666666667;	95340.0;	29182.933333333334;	0.0;	0.2;	0.13333333333333333;	0.13333333333333333
1377262949;	1;	2699.99866;	21.599989280000003;	0.8;	95340.0;	29183.733333333334;	0.0;	0.13333333333333333;	0.26666666666666666;	0.2
1377263249;	1;	2699.99866;	21.599989280000003;	0.8;	95340.0;	28483.733333333334;	0.0;	0.13333333333333333;	0.13333333333333333;	0.06666666666666667
1377263549;	1;	2699.99866;	28.799985706666668;	1.0666666666666667;	95340.0;	29706.4;	0.0;	0.26666666666666666;	0.8;	0.8
1377263849;	1;	2699.99866;	25.19998749333333;	0.9333333333333332;	95340.0;	28659.466666666667;	0.0;	0.2;	0.2;	0.2
1377264149;	1;	2699.99866;	21.599989280000003;	0.8;	95340.0;	28484.266666666666;	0.0;	0.26666666666666666;	0.13333333333333333;	0.13333333333333333
1377264449;	1;	2699.99866;	25.19998749333333;	0.9333333333333332;	95340.0;	29532.8;	0.0;	0.2;	0.13333333333333333;	0.13333333333333333
1377264749;	1;	2699.99866;	28.799985706666668;	1.0666666666666667;	95340.0;	32329.333333333332;	0.0;	0.3333333333333333;	0.6;	0.6
1377265049;	1;	2699.99866;	21.599989280000003;	0.8;	95340.0;	33726.4;	0.0;	0.2;	0.5333333333333333;	0.5333333333333333
1377265349;	1;	2699.99866;	21.599989280000003;	0.8;	95340.0;	28483.2;	0.0;	0.2;	0.13333333333333333;	0.13333333333333333
1377265649;	1;	2699.99866;	25.19998749333333;	0.9333333333333332;	95340.0;	28134.933333333334;	0.0;	0.3333333333333333;	0.13333333333333333;	0.13333333333333333
1377265949;	1;	2699.99866;	28.799985706666668;	1.0666666666666667;	95340.0;	32503.2;	0.0;	0.2;	0.13333333333333333;	0.13333333333333333
1377266249;	1;	2699.99866;	21.599989280000003;	0.8;	95340.0;	31455.2;	0.0;	0.2;	0.2;	0.13333333333333333
1377266549;	1;	2699.99866;	25.19998749333333;	0.9333333333333332;	95340.0;	32852.26666666667;	0.0;	0.2;	0.2;	0.26666666666666666
1377266849;	1;	2699.99866;	28.799985706666668;	1.0666666666666667;	95340.0;	24989.333333333332;	0.0;	0.26666666666666666;	0.13333333333333333;	0.13333333333333333
1377267149;	1;	2699.99866;	21.599989280000003;	0.8;	95340.0;	32329.066666666666;	0.0;	0.2;	0.7333333333333333;	0.7333333333333333
1377267449;	1;	2699.99866;	25.19998749333333;	0.9333333333333332;	95340.0;	40193.066666666666;	0.0;	0.2;	0.13333333333333333;	0.13333333333333333
1377267749;	1;	2699.99866;	25.19998749333333;	0.9333333333333332;	95340.0;	26212.0;	0.0;	0.26666666666666666;	0.13333333333333333;	0.13333333333333333
1377268049;	1;	2699.99866;	25.19998749333333;	0.9333333333333332;	95340.0;	31455.2;	0.0;	0.2;	0.2;	0.2
1377268349;	1;	2699.99866;	21.599989280000003;	0.8;	95340.0;	30407.2;	0.0;	0.13333333333333333;	0.7333333333333333;	0.7333333333333333
1377268649;	1;	2699.99866;	25.19998749333333;	0.9333333333333332;	95340.0;	33902.666666666664;	0.0;	0.3333333333333333;	0.26666666666666666;	0.26666666666666666
1377268949;	1;	2699.99866;	28.799985706666668;	1.0666666666666667;	95340.0;	32678.933333333334;	0.0;	0.2;	0.13333333333333333;	0.13333333333333333
1377269249;	1;	2699.99866;	21.599989280000003;	0.8;	95340.0;	31979.2;	0.0;	0.26666666666666666;	0.26666666666666666;	0.26666666666666666
1377269549;	1;	2699.99866;	25.19998749333333;	0.9333333333333332;	95340.0;	25688.0;	0.0;	0.13333333333333333;	0.13333333333333333;	0.13333333333333333
1377269849;	1;	2699.99866;	25.19998749333333;	0.9333333333333332;	95340.0;	27261.6;	0.0;	0.4;	0.2;	0.2
1377270149;	1;	2699.99866;	25.19998749333333;	0.9333333333333332;	95340.0;	30407.2;	0.0;	0.2;	0.2;	0.2
1377270449;	1;	2699.99866;	21.599989280000003;	0.8;	95340.0;	36175.2;	0.0;	0.2;	0.3333333333333333;	0.4
1377270749;	1;	2699.99866;	28.799985706666668;	1.0666666666666667;	95340.0;	37747.2;	0.0;	0.3333333333333333;	0.8;	0.8
1377271049;	1;	2699.99866;	25.19998749333333;	0.9333333333333332;	95340.0;	30930.4;	0.0;	0.13333333333333333;	0.26666666666666666;	0.2
1377271349;	1;	2699.99866;	21.599989280000003;	0.8;	95340.0;	29357.6;	0.0;	0.26666666666666666;	0.13333333333333333;	0.13333333333333333
1377271649;	1;	2699.99866;	28.799985706666668;	1.0666666666666667;	95340.0;	29357.6;	0.0;	0.26666666666666666;	0.2;	0.13333333333333333
1377271950;	1;	2699.99866;	25.19998749333333;	0.9333333333333332;	95340.0;	31454.4;	0.0;	0.2;	0.8;	0.6
1377272250;	1;	2699.99866;	21.599989280000003;	0.8;	95340.0;	29357.6;	0.0;	0.2;	0.2;	0.13333333333333333
1377272550;	1;	2699.99866;	21.599989280000003;	0.8;	95340.0;	32504.0;	0.0;	0.13333333333333333;	0.13333333333333333;	0.13333333333333333
1377272850;	1;	2699.99866;	28.799985706666668;	1.0666666666666667;	95340.0;	28832.8;	0.0;	0.3333333333333333;	0.2;	0.2
1377273150;	1;	2699.99866;	25.19998749333333;	0.9333333333333332;	95340.0;	30406.666666666668;	0.0;	0.13333333333333333;	0.13333333333333333;	0.13333333333333333
1377273450;	1;	2699.99866;	21.599989280000003;	0.8;	95340.0;	30406.4;	0.0;	0.2;	0.13333333333333333;	0.13333333333333333
1377273750;	1;	2699.99866;	23.399988386666667;	0.8666666666666667;	95340.0;	29182.133333333335;	0.0;	0.26666666666666666;	0.2;	0.2
1377274050;	1;	2699.99866;	28.799985706666668;	1.0666666666666667;	95340.0;	35125.6;	0.0;	0.26666666666666666;	0.26666666666666666;	0.26666666666666666
1377274350;	1;	2699.99866;	21.599989280000003;	0.8;	95340.0;	31980.0;	0.0;	0.2;	0.7333333333333333;	0.7333333333333333
1377274650;	1;	2699.99866;	25.19998749333333;	0.9333333333333332;	95340.0;	31630.933333333334;	0.0;	0.13333333333333333;	0.3333333333333333;	0.2
1377274950;	1;	2699.99866;	28.799985706666668;	1.0666666666666667;	95340.0;	34077.6;	0.0;	0.4;	0.13333333333333333;	0.13333333333333333
1377275250;	1;	2699.99866;	25.19998749333333;	0.9333333333333332;	95340.0;	31455.2;	0.0;	0.2;	0.06666666666666667;	0.13333333333333333
1377275550;	1;	2699.99866;	21.599989280000003;	0.8;	95340.0;	29182.933333333334;	0.0;	0.2;	0.6666666666666666;	0.7333333333333333
1377275850;	1;	2699.99866;	25.19998749333333;	0.9333333333333332;	95340.0;	30231.2;	0.0;	0.26666666666666666;	0.13333333333333333;	0.13333333333333333
1377276150;	1;	2699.99866;	28.799985706666668;	1.0666666666666667;	95340.0;	31455.2;	0.0;	0.26666666666666666;	0.13333333333333333;	0.13333333333333333
1377276450;	1;	2699.99866;	21.599989280000003;	0.8;	95340.0;	30407.2;	0.0;	0.26666666666666666;	0.4;	0.4
1377276750;	1;	2699.99866;	21.599989280000003;	0.8;	95340.0;	31280.266666666666;	0.0;	0.13333333333333333;	0.13333333333333333;	0.13333333333333333
1377277050;	1;	2699.99866;	28.799985706666668;	1.0666666666666667;	95340.0;	37222.4;	0.0;	0.4;	0.13333333333333333;	0.13333333333333333
1377277350;	1;	2699.99866;	25.19998749333333;	0.9333333333333332;	95340.0;	28308.8;	0.0;	0.13333333333333333;	0.2;	0.2
1377277650;	1;	2699.99866;	21.599989280000003;	0.8;	95340.0;	30406.4;	0.0;	0.26666666666666666;	0.13333333333333333;	0.13333333333333333
1377277950;	1;	2699.99866;	25.19998749333333;	0.9333333333333332;	95340.0;	34600.0;	0.0;	0.26666666666666666;	0.7333333333333333;	0.7333333333333333
1377278250;	1;	2699.99866;	28.799985706666668;	1.0666666666666667;	95340.0;	34601.6;	0.0;	0.2;	0.3333333333333333;	0.3333333333333333
1377278550;	1;	2699.99866;	21.599989280000003;	0.8;	95340.0;	35648.8;	0.0;	0.2;	0.13333333333333333;	0.13333333333333333
1377278850;	1;	2699.99866;	21.599989280000003;	0.8;	95340.0;	31979.2;	0.0;	0.13333333333333333;	0.13333333333333333;	0.13333333333333333
1377279150;	1;	2699.99866;	28.799985706666668;	1.0666666666666667;	95340.0;	28309.6;	0.0;	0.3333333333333333;	0.6666666666666666;	0.6
1377279450;	1;	2699.99866;	25.19998749333333;	0.9333333333333332;	95340.0;	26911.733333333334;	0.0;	0.13333333333333333;	0.13333333333333333;	0.13333333333333333
1377279750;	1;	2699.99866;	21.599989280000003;	0.8;	95340.0;	29357.6;	0.0;	0.2;	0.13333333333333333;	0.13333333333333333
1377280050;	1;	2699.99866;	25.19998749333333;	0.9333333333333332;	95340.0;	32503.466666666667;	0.0;	0.4;	0.6;	0.5333333333333333
1377280350;	1;	2699.99866;	28.799985706666668;	1.0666666666666667;	95340.0;	38271.2;	0.0;	0.2;	0.13333333333333333;	0.13333333333333333
1377280650;	1;	2699.99866;	21.599989280000003;	0.8;	95340.0;	35126.13333333333;	0.0;	0.26666666666666666;	0.13333333333333333;	0.13333333333333333
1377280950;	1;	2699.99866;	25.19998749333333;	0.9333333333333332;	95340.0;	36173.6;	0.0;	0.2;	0.4;	0.4
1377281250;	1;	2699.99866;	28.799985706666668;	1.0666666666666667;	95340.0;	34077.6;	0.0;	0.26666666666666666;	0.13333333333333333;	0.13333333333333333
1377281551;	1;	2699.99866;	21.599989280000003;	0.8;	95340.0;	31455.2;	0.0;	0.13333333333333333;	0.8666666666666667;	0.8666666666666667
1377281851;	1;	2699.99866;	21.599989280000003;	0.8;	95340.0;	29882.4;	0.0;	0.2;	0.26666666666666666;	0.26666666666666666
1377282151;	1;	2699.99866;	28.799985706666668;	1.0666666666666667;	95340.0;	29358.4;	0.0;	0.26666666666666666;	0.2;	0.2
1377282451;	1;	2699.99866;	25.19998749333333;	0.9333333333333332;	95340.0;	28309.333333333332;	0.0;	0.26666666666666666;	0.2;	0.13333333333333333
1377282751;	1;	2699.99866;	21.599989280000003;	0.8;	95340.0;	30930.4;	0.0;	0.3333333333333333;	0.6666666666666666;	0.6
1377283051;	1;	2699.99866;	23.399988386666667;	0.8666666666666667;	95340.0;	26911.2;	0.0;	0.2;	0.2;	0.2
1377283351;	1;	2699.99866;	28.799985706666668;	1.0666666666666667;	95340.0;	30406.4;	0.0;	0.26666666666666666;	0.13333333333333333;	0.13333333333333333
1377283651;	1;	2699.99866;	21.599989280000003;	0.8;	95340.0;	30931.2;	0.0;	0.3333333333333333;	0.26666666666666666;	0.26666666666666666
1377283951;	1;	2699.99866;	21.599989280000003;	0.8;	95340.0;	34076.8;	0.0;	0.13333333333333333;	0.13333333333333333;	0.13333333333333333
1377284251;	1;	2699.99866;	28.799985706666668;	1.0666666666666667;	95340.0;	33552.8;	0.0;	0.26666666666666666;	0.13333333333333333;	0.13333333333333333
1377284551;	1;	2699.99866;	25.19998749333333;	0.9333333333333332;	95340.0;	30406.4;	0.0;	0.2;	0.2;	0.2
1377284851;	1;	2699.99866;	21.599989280000003;	0.8;	95340.0;	32153.866666666665;	0.0;	0.26666666666666666;	0.2;	0.13333333333333333
1377285151;	1;	2699.99866;	21.599989280000003;	0.8;	95340.0;	38096.8;	0.0;	0.13333333333333333;	0.7333333333333333;	0.7333333333333333
1377285451;	1;	2699.99866;	28.799985706666668;	1.0666666666666667;	95340.0;	33552.0;	0.0;	0.26666666666666666;	0.2;	0.2
1377285751;	1;	2699.99866;	25.19998749333333;	0.9333333333333332;	95340.0;	28134.133333333335;	0.0;	0.13333333333333333;	0.13333333333333333;	0.13333333333333333
1377286051;	1;	2699.99866;	21.599989280000003;	0.8;	95340.0;	26737.6;	0.0;	0.26666666666666666;	0.13333333333333333;	0.13333333333333333
1377286351;	1;	2699.99866;	25.19998749333333;	0.9333333333333332;	95340.0;	36698.4;	0.0;	0.26666666666666666;	0.7333333333333333;	0.6666666666666666
1377286651;	1;	2699.99866;	28.799985706666668;	1.0666666666666667;	95340.0;	30405.6;	0.0;	0.26666666666666666;	0.13333333333333333;	0.13333333333333333
1377286951;	1;	2699.99866;	21.599989280000003;	0.8;	95340.0;	34076.0;	0.0;	0.2;	0.13333333333333333;	0.13333333333333333
1377287251;	1;	2699.99866;	21.599989280000003;	0.8;	95340.0;	29183.2;	0.0;	0.2;	0.4;	0.4
1377287551;	1;	2699.99866;	28.799985706666668;	1.0666666666666667;	95340.0;	37746.4;	0.0;	0.4;	0.2;	0.2
1377287851;	1;	2699.99866;	21.599989280000003;	0.8;	95340.0;	34426.13333333333;	0.0;	0.2;	0.13333333333333333;	0.13333333333333333
1377288151;	1;	2699.99866;	21.599989280000003;	0.8;	95340.0;	38271.2;	0.0;	0.2;	0.13333333333333333;	0.2
1377288451;	1;	2699.99866;	25.19998749333333;	0.9333333333333332;	95340.0;	30406.4;	0.0;	0.3333333333333333;	0.2;	0.2
1377288751;	1;	2699.99866;	28.799985706666668;	1.0666666666666667;	95340.0;	25164.0;	0.0;	0.2;	1.2;	1.2
1377289051;	1;	2699.99866;	21.599989280000003;	0.8;	95343.2;	33028.0;	0.0;	0.2;	0.13333333333333333;	0.06666666666666667
1377289351;	1;	2699.99866;	21.599989280000003;	0.8;	95344.0;	32504.0;	0.0;	0.2;	0.2;	0.13333333333333333
1377289651;	1;	2699.99866;	28.799985706666668;	1.0666666666666667;	95344.0;	27261.6;	0.0;	0.4;	0.2;	0.2
1377289951;	1;	2699.99866;	23.399988386666667;	0.8666666666666667;	95345.06666666667;	23590.4;	0.0;	0.13333333333333333;	0.6666666666666666;	0.6666666666666666
1377290251;	1;	2699.99866;	21.599989280000003;	0.8;	95348.0;	27085.066666666666;	0.0;	0.26666666666666666;	0.13333333333333333;	0.13333333333333333
1377290551;	1;	2699.99866;	21.599989280000003;	0.8;	95348.0;	35125.6;	0.0;	0.13333333333333333;	0.13333333333333333;	0.13333333333333333
1377290852;	1;	2699.99866;	28.799985706666668;	1.0666666666666667;	95348.0;	31980.0;	0.0;	0.4666666666666667;	0.2;	0.2
1377291152;	1;	2699.99866;	23.399988386666667;	0.8666666666666667;	95350.93333333333;	32504.0;	0.0;	0.13333333333333333;	0.13333333333333333;	0.13333333333333333
1377291452;	1;	2699.99866;	21.599989280000003;	0.8;	95352.0;	23940.266666666666;	0.0;	0.2;	0.13333333333333333;	0.13333333333333333
1377291752;	1;	2699.99866;	28.799985706666668;	1.0666666666666667;	95352.53333333334;	32504.0;	0.0;	0.3333333333333333;	0.26666666666666666;	0.26666666666666666
1377292052;	1;	2699.99866;	25.19998749333333;	0.9333333333333332;	95356.0;	31105.6;	0.0;	0.2;	0.13333333333333333;	0.13333333333333333
1377292352;	1;	2699.99866;	21.599989280000003;	0.8;	95356.0;	35649.6;	0.0;	0.2;	0.7333333333333333;	0.7333333333333333
1377292652;	1;	2699.99866;	21.599989280000003;	0.8;	95356.0;	35125.6;	0.0;	0.2;	0.2;	0.2
1377292952;	1;	2699.99866;	28.799985706666668;	1.0666666666666667;	95358.13333333333;	31979.2;	0.0;	0.3333333333333333;	0.2;	0.2
1377293251;	1;	2699.99866;	25.19998749333333;	0.9333333333333332;	95360.0;	32328.8;	0.0;	0.2;	0.3333333333333333;	0.26666666666666666
1377293551;	1;	2699.99866;	21.599989280000003;	0.8;	95360.0;	33028.26666666667;	0.0;	0.26666666666666666;	0.6666666666666666;	0.6666666666666666
1377293851;	1;	2699.99866;	23.142845657142857;	0.8571428571428571;	95360.0;	36511.142857142855;	0.0;	0.14285714285714285;	0.14285714285714285;	0.14285714285714285
1377294151;	1;	2699.99866;	25.19998749333333;	0.9333333333333332;	95364.0;	38446.4;	0.0;	0.3333333333333333;	0.13333333333333333;	0.13333333333333333
1377294451;	1;	2699.99866;	28.799985706666668;	1.0666666666666667;	95364.0;	34251.73333333333;	0.0;	0.3333333333333333;	0.2;	0.2
1377294751;	1;	2699.99866;	21.599989280000003;	0.8;	95364.0;	29358.666666666668;	0.0;	0.13333333333333333;	0.2;	0.13333333333333333
1377295051;	1;	2699.99866;	21.599989280000003;	0.8;	95365.86666666667;	30755.2;	0.0;	0.2;	0.26666666666666666;	0.26666666666666666
1377295352;	1;	2699.99866;	28.799985706666668;	1.0666666666666667;	95368.0;	37746.4;	0.0;	0.26666666666666666;	0.4;	0.4
1377295652;	1;	2699.99866;	25.19998749333333;	0.9333333333333332;	95368.0;	32503.2;	0.0;	0.13333333333333333;	0.13333333333333333;	0.13333333333333333
1377295952;	1;	2699.99866;	21.599989280000003;	0.8;	96849.33333333333;	37048.53333333333;	0.0;	0.2;	0.7333333333333333;	0.7333333333333333
1377296252;	1;	2699.99866;	21.599989280000003;	0.8;	97388.0;	35125.6;	0.0;	0.13333333333333333;	0.2;	0.2
1377296552;	1;	2699.99866;	28.799985706666668;	1.0666666666666667;	97388.0;	35650.4;	0.0;	0.4;	0.2;	0.13333333333333333
1377296852;	1;	2699.99866;	25.19998749333333;	0.9333333333333332;	97388.0;	36173.6;	0.0;	0.2;	0.13333333333333333;	0.13333333333333333
1377297152;	1;	2699.99866;	21.599989280000003;	0.8;	97388.0;	30056.533333333333;	0.0;	0.2;	0.7333333333333333;	0.7333333333333333
1377297452;	1;	2699.99866;	28.799985706666668;	1.0666666666666667;	97388.0;	32504.266666666666;	0.0;	0.26666666666666666;	0.13333333333333333;	0.13333333333333333
1377297752;	1;	2699.99866;	25.19998749333333;	0.9333333333333332;	97388.0;	30232.266666666666;	0.0;	0.2;	0.13333333333333333;	0.13333333333333333
1377298052;	1;	2699.99866;	21.599989280000003;	0.8;	97388.0;	29358.4;	0.0;	0.26666666666666666;	0.13333333333333333;	0.13333333333333333
1377298352;	1;	2699.99866;	25.19998749333333;	0.9333333333333332;	97388.0;	30930.4;	0.0;	0.2;	0.13333333333333333;	0.2
1377298652;	1;	2699.99866;	28.799985706666668;	1.0666666666666667;	97388.0;	26212.8;	0.0;	0.26666666666666666;	0.13333333333333333;	0.13333333333333333
1377298952;	1;	2699.99866;	21.599989280000003;	0.8;	97388.0;	31980.0;	0.0;	0.2;	0.2;	0.2
1377299252;	1;	2699.99866;	21.599989280000003;	0.8;	97388.0;	37223.46666666667;	0.0;	0.13333333333333333;	0.4;	0.4666666666666667
1377299552;	1;	2699.99866;	28.799985706666668;	1.0666666666666667;	97388.0;	38096.8;	0.0;	0.3333333333333333;	0.8666666666666667;	0.8666666666666667
1377299852;	1;	2699.99866;	25.19998749333333;	0.9333333333333332;	97388.0;	36699.2;	0.0;	0.13333333333333333;	0.2;	0.2
1377300152;	1;	2699.99866;	21.599989280000003;	0.8;	97388.0;	35650.4;	0.0;	0.26666666666666666;	0.13333333333333333;	0.13333333333333333
1377300452;	1;	2699.99866;	25.19998749333333;	0.9333333333333332;	97388.0;	34252.26666666667;	0.0;	0.2;	0.13333333333333333;	0.13333333333333333
1377300752;	1;	2699.99866;	25.19998749333333;	0.9333333333333332;	97388.0;	29707.2;	0.0;	0.26666666666666666;	0.7333333333333333;	0.7333333333333333
1377301052;	1;	2699.99866;	25.19998749333333;	0.9333333333333332;	97388.0;	30581.866666666665;	0.0;	0.13333333333333333;	0.13333333333333333;	0.13333333333333333
1377301352;	1;	2699.99866;	21.599989280000003;	0.8;	97388.0;	30230.666666666668;	0.0;	0.2;	0.13333333333333333;	0.13333333333333333
1377301652;	1;	2699.99866;	28.799985706666668;	1.0666666666666667;	97388.0;	27610.4;	0.0;	0.3333333333333333;	0.26666666666666666;	0.26666666666666666
1377301952;	1;	2699.99866;	25.19998749333333;	0.9333333333333332;	97388.0;	38445.86666666667;	0.0;	0.2;	0.13333333333333333;	0.13333333333333333
1377302252;	1;	2699.99866;	21.599989280000003;	0.8;	97388.0;	30406.666666666668;	0.0;	0.26666666666666666;	0.6;	0.6
1377302552;	1;	2699.99866;	25.19998749333333;	0.9333333333333332;	97388.0;	28484.8;	0.0;	0.13333333333333333;	0.13333333333333333;	0.13333333333333333
1377302852;	1;	2699.99866;	25.19998749333333;	0.9333333333333332;	97388.0;	25688.0;	0.0;	0.4;	0.13333333333333333;	0.06666666666666667
1377303152;	1;	2699.99866;	25.19998749333333;	0.9333333333333332;	97388.0;	33551.2;	0.0;	0.13333333333333333;	0.7333333333333333;	0.7333333333333333
1377303452;	1;	2699.99866;	21.599989280000003;	0.8;	97388.0;	35475.73333333333;	0.0;	0.2;	0.2;	0.2
1377303752;	1;	2699.99866;	28.799985706666668;	1.0666666666666667;	97388.0;	31105.6;	0.0;	0.26666666666666666;	0.2;	0.2
1377304052;	1;	2699.99866;	25.19998749333333;	0.9333333333333332;	97388.0;	31978.666666666668;	0.0;	0.2;	0.13333333333333333;	0.13333333333333333
1377304352;	1;	2699.99866;	21.599989280000003;	0.8;	97388.0;	31630.133333333335;	0.0;	0.26666666666666666;	0.9333333333333333;	0.8
1377304652;	1;	2699.99866;	23.399988386666667;	0.8666666666666667;	97388.0;	32153.6;	0.0;	0.13333333333333333;	0.26666666666666666;	0.26666666666666666
1377304953;	1;	2699.99866;	26.999986600000003;	1.0;	97388.0;	31629.866666666665;	0.0;	0.3333333333333333;	0.13333333333333333;	0.13333333333333333
1377305253;	1;	2699.99866;	25.19998749333333;	0.9333333333333332;	97388.0;	33553.333333333336;	0.0;	0.26666666666666666;	0.2;	0.2
1377305553;	1;	2699.99866;	21.599989280000003;	0.8;	97388.0;	25513.6;	0.0;	0.2;	0.13333333333333333;	0.13333333333333333
1377305853;	1;	2699.99866;	26.999986600000003;	1.0;	97388.0;	26911.2;	0.0;	0.26666666666666666;	0.2;	0.13333333333333333
1377306153;	1;	2699.99866;	26.999986600000003;	1.0;	97388.0;	28309.866666666665;	0.0;	0.2;	0.4;	0.3333333333333333
1377306453;	1;	2699.99866;	21.599989280000003;	0.8;	97388.0;	25687.466666666667;	0.0;	0.26666666666666666;	0.2;	0.06666666666666667
1377306753;	1;	2699.99866;	25.19998749333333;	0.9333333333333332;	97388.0;	30930.4;	0.0;	0.26666666666666666;	0.8;	0.7333333333333333
1377307053;	1;	2699.99866;	26.999986600000003;	1.0;	97388.0;	29708.0;	0.0;	0.2;	0.2;	0.13333333333333333
1377307353;	1;	2699.99866;	21.599989280000003;	0.8;	97388.0;	27610.133333333335;	0.0;	0.2;	0.06666666666666667;	0.06666666666666667
1377307653;	1;	2699.99866;	25.19998749333333;	0.9333333333333332;	97388.0;	32502.666666666668;	0.0;	0.13333333333333333;	0.26666666666666666;	0.13333333333333333
1377307953;	1;	2699.99866;	25.19998749333333;	0.9333333333333332;	97388.0;	26736.533333333333;	0.0;	0.4;	0.6666666666666666;	0.6
1377308253;	1;	2699.99866;	25.19998749333333;	0.9333333333333332;	97388.0;	35124.53333333333;	0.0;	0.13333333333333333;	0.2;	0.06666666666666667
1377308553;	1;	2699.99866;	21.599989280000003;	0.8;	97388.0;	33377.6;	0.0;	0.26666666666666666;	0.13333333333333333;	0.13333333333333333
1377308853;	1;	2699.99866;	25.19998749333333;	0.9333333333333332;	97388.0;	29357.6;	0.0;	0.3333333333333333;	0.2;	0.2
1377309153;	1;	2699.99866;	28.799985706666668;	1.0666666666666667;	97388.0;	31980.266666666666;	0.0;	0.2;	0.13333333333333333;	0.13333333333333333
1377309453;	1;	2699.99866;	21.599989280000003;	0.8;	97388.0;	32328.8;	0.0;	0.2;	0.2;	0.2
1377309753;	1;	2699.99866;	21.599989280000003;	0.8;	97388.0;	29708.266666666666;	0.0;	0.13333333333333333;	0.26666666666666666;	0.3333333333333333
1377310053;	1;	2699.99866;	28.799985706666668;	1.0666666666666667;	97388.0;	27785.6;	0.0;	0.3333333333333333;	0.26666666666666666;	0.26666666666666666
1377310353;	1;	2699.99866;	25.19998749333333;	0.9333333333333332;	97388.0;	27960.0;	0.0;	0.13333333333333333;	0.8;	0.8
1377310653;	1;	2699.99866;	21.599989280000003;	0.8;	97388.0;	29882.4;	0.0;	0.13333333333333333;	0.13333333333333333;	0.13333333333333333
1377310953;	1;	2699.99866;	25.19998749333333;	0.9333333333333332;	97388.0;	27960.266666666666;	0.0;	0.26666666666666666;	0.13333333333333333;	0.13333333333333333
1377311253;	1;	2699.99866;	28.799985706666668;	1.0666666666666667;	97388.0;	31629.6;	0.0;	0.2;	0.13333333333333333;	0.13333333333333333
1377311553;	1;	2699.99866;	21.599989280000003;	0.8;	97388.0;	32503.733333333334;	0.0;	0.26666666666666666;	0.6;	0.6
1377311853;	1;	2699.99866;	25.19998749333333;	0.9333333333333332;	97388.0;	37921.86666666667;	0.0;	0.2;	0.13333333333333333;	0.13333333333333333
1377312153;	1;	2699.99866;	28.799985706666668;	1.0666666666666667;	97388.0;	31805.066666666666;	0.0;	0.26666666666666666;	0.3333333333333333;	0.3333333333333333
1377312453;	1;	2699.99866;	21.599989280000003;	0.8;	97388.0;	32504.266666666666;	0.0;	0.26666666666666666;	0.13333333333333333;	0.13333333333333333
1377312753;	1;	2699.99866;	21.599989280000003;	0.8;	97388.0;	37397.333333333336;	0.0;	0.13333333333333333;	0.2;	0.2
1377313053;	1;	2699.99866;	26.999986600000003;	1.0;	97388.0;	34426.4;	0.0;	0.3333333333333333;	0.2;	0.2
1377313353;	1;	2699.99866;	25.19998749333333;	0.9333333333333332;	97388.0;	34426.666666666664;	0.0;	0.13333333333333333;	0.26666666666666666;	0.26666666666666666
1377313653;	1;	2699.99866;	21.599989280000003;	0.8;	97388.0;	37398.13333333333;	0.0;	0.26666666666666666;	0.2;	0.13333333333333333
1377313953;	1;	2699.99866;	26.999986600000003;	1.0;	97388.0;	31630.4;	0.0;	0.26666666666666666;	0.8;	0.8
1377314253;	1;	2699.99866;	26.999986600000003;	1.0;	97388.0;	31105.6;	0.0;	0.26666666666666666;	0.2;	0.13333333333333333
1377314553;	1;	2699.99866;	21.599989280000003;	0.8;	97388.0;	26037.066666666666;	0.0;	0.26666666666666666;	0.26666666666666666;	0.2
1377314853;	1;	2699.99866;	25.19998749333333;	0.9333333333333332;	97388.0;	28834.4;	0.0;	0.2;	0.13333333333333333;	0.13333333333333333
1377315154;	1;	2699.99866;	28.799985706666668;	1.0666666666666667;	97388.0;	33378.4;	0.0;	0.26666666666666666;	0.6666666666666666;	0.6666666666666666
1377315454;	1;	2699.99866;	21.599989280000003;	0.8;	97388.0;	32677.6;	0.0;	0.2;	0.13333333333333333;	0.13333333333333333
1377315754;	1;	2699.99866;	26.999986600000003;	1.0;	97388.0;	30894.0;	0.0;	0.14285714285714285;	0.21428571428571427;	0.21428571428571427
1377316054;	1;	2699.99866;	25.19998749333333;	0.9333333333333332;	97388.0;	33028.0;	0.0;	0.4666666666666667;	0.13333333333333333;	0.13333333333333333
1377316354;	1;	2699.99866;	25.19998749333333;	0.9333333333333332;	97388.0;	30057.6;	0.0;	0.13333333333333333;	0.13333333333333333;	0.13333333333333333
1377316654;	1;	2699.99866;	21.599989280000003;	0.8;	97388.0;	31455.2;	0.0;	0.2;	0.2;	0.13333333333333333
1377316954;	1;	2699.99866;	26.999986600000003;	1.0;	97388.0;	28833.6;	0.0;	0.2;	0.3333333333333333;	0.3333333333333333
1377317254;	1;	2699.99866;	26.999986600000003;	1.0;	97388.0;	33377.333333333336;	0.0;	0.13333333333333333;	0.2;	0.13333333333333333
1377317554;	1;	2699.99866;	21.599989280000003;	0.8;	97388.0;	28484.533333333333;	0.0;	0.3333333333333333;	0.7333333333333333;	0.7333333333333333
1377317854;	1;	2699.99866;	25.19998749333333;	0.9333333333333332;	97388.0;	28833.6;	0.0;	0.2;	0.13333333333333333;	0.13333333333333333
1377318154;	1;	2699.99866;	28.799985706666668;	1.0666666666666667;	97388.0;	27435.466666666667;	0.0;	0.26666666666666666;	0.13333333333333333;	0.13333333333333333
1377318454;	1;	2699.99866;	19.799990173333335;	0.7333333333333333;	97388.0;	30581.066666666666;	0.0;	0.26666666666666666;	0.26666666666666666;	0.26666666666666666
1377318754;	1;	2699.99866;	28.799985706666668;	1.0666666666666667;	97388.0;	33028.53333333333;	0.0;	0.3333333333333333;	0.7333333333333333;	0.7333333333333333
1377319054;	1;	2699.99866;	25.19998749333333;	0.9333333333333332;	97388.0;	33727.2;	0.0;	0.4;	0.13333333333333333;	0.13333333333333333
1377319354;	1;	2699.99866;	25.19998749333333;	0.9333333333333332;	97388.0;	27086.133333333335;	0.0;	0.13333333333333333;	0.06666666666666667;	0.06666666666666667
1377319654;	1;	2699.99866;	21.599989280000003;	0.8;	97388.0;	33552.0;	0.0;	0.2;	0.13333333333333333;	0.13333333333333333
1377319954;	1;	2699.99866;	26.999986600000003;	1.0;	97388.0;	30230.933333333334;	0.0;	0.2;	0.06666666666666667;	0.06666666666666667
1377320254;	1;	2699.99866;	26.999986600000003;	1.0;	97388.0;	31630.4;	0.0;	0.2;	0.13333333333333333;	0.13333333333333333
1377320554;	1;	2699.99866;	21.599989280000003;	0.8;	97388.0;	33377.6;	0.0;	0.2;	0.13333333333333333;	0.13333333333333333
1377320854;	1;	2699.99866;	25.19998749333333;	0.9333333333333332;	97388.0;	34950.666666666664;	0.0;	0.26666666666666666;	0.13333333333333333;	0.13333333333333333
1377321154;	1;	2699.99866;	28.799985706666668;	1.0666666666666667;	97388.0;	34076.53333333333;	0.0;	0.2;	0.7333333333333333;	0.7333333333333333
1377321454;	1;	2699.99866;	21.599989280000003;	0.8;	97388.0;	39320.0;	0.0;	0.26666666666666666;	0.13333333333333333;	0.13333333333333333
1377321754;	1;	2699.99866;	25.19998749333333;	0.9333333333333332;	97388.0;	32853.066666666666;	0.0;	0.2;	0.13333333333333333;	0.13333333333333333
1377322054;	1;	2699.99866;	23.399988386666667;	0.8666666666666667;	97388.0;	34426.666666666664;	0.0;	0.26666666666666666;	0.26666666666666666;	0.2
1377322354;	1;	2699.99866;	21.599989280000003;	0.8;	97388.0;	31629.866666666665;	0.0;	0.2;	0.6666666666666666;	0.6666666666666666
1377322655;	1;	2699.99866;	21.599989280000003;	0.8;	97388.0;	29706.666666666668;	0.0;	0.13333333333333333;	0.2;	0.13333333333333333
1377322955;	1;	2699.99866;	26.999986600000003;	1.0;	97388.0;	27710.0;	0.0;	0.2857142857142857;	0.14285714285714285;	0.14285714285714285
1377323255;	1;	2699.99866;	25.19998749333333;	0.9333333333333332;	97388.0;	33202.666666666664;	0.0;	0.3333333333333333;	0.26666666666666666;	0.26666666666666666
1377323555;	1;	2699.99866;	21.599989280000003;	0.8;	97388.0;	32852.8;	0.0;	0.2;	0.26666666666666666;	0.26666666666666666
1377323855;	1;	2699.99866;	26.999986600000003;	1.0;	97388.0;	31268.0;	0.0;	0.2857142857142857;	0.21428571428571427;	0.14285714285714285
1377324155;	1;	2699.99866;	25.19998749333333;	0.9333333333333332;	97388.0;	34427.2;	0.0;	0.13333333333333333;	0.4;	0.4
1377324455;	1;	2699.99866;	21.599989280000003;	0.8;	97388.0;	34601.6;	0.0;	0.2;	0.26666666666666666;	0.13333333333333333
1377324755;	1;	2699.99866;	26.999986600000003;	1.0;	97388.0;	28271.714285714286;	0.0;	0.2857142857142857;	0.9285714285714286;	0.7857142857142857
1377325055;	1;	2699.99866;	28.799985706666668;	1.0666666666666667;	97388.0;	30057.866666666665;	0.0;	0.2;	0.2;	0.2
1377325355;	1;	2699.99866;	21.599989280000003;	0.8;	97388.0;	30930.4;	0.0;	0.26666666666666666;	0.2;	0.2
1377325655;	1;	2699.99866;	25.19998749333333;	0.9333333333333332;	97388.0;	36174.4;	0.0;	0.26666666666666666;	0.2;	0.13333333333333333
1377325955;	1;	2699.99866;	28.799985706666668;	1.0666666666666667;	97388.0;	30406.4;	0.0;	0.2;	0.6666666666666666;	0.6666666666666666
1377326255;	1;	2699.99866;	21.599989280000003;	0.8;	97388.0;	27784.0;	0.0;	0.13333333333333333;	0.13333333333333333;	0.13333333333333333
1377326554;	1;	2699.99866;	25.19998749333333;	0.9333333333333332;	97388.0;	39144.0;	0.0;	0.3333333333333333;	0.13333333333333333;	0.13333333333333333
1377326854;	1;	2699.99866;	28.799985706666668;	1.0666666666666667;	97388.0;	32503.2;	0.0;	0.2;	0.13333333333333333;	0.13333333333333333
1377327154;	1;	2699.99866;	25.19998749333333;	0.9333333333333332;	97388.0;	25688.0;	0.0;	0.13333333333333333;	0.13333333333333333;	0.13333333333333333
1377327454;	1;	2699.99866;	25.19998749333333;	0.9333333333333332;	97388.0;	29356.8;	0.0;	0.2;	0.13333333333333333;	0.13333333333333333
1377327755;	1;	2699.99866;	25.19998749333333;	0.9333333333333332;	97388.0;	25164.0;	0.0;	0.3333333333333333;	0.2;	0.2
1377328055;	1;	2699.99866;	28.799985706666668;	1.0666666666666667;	97388.0;	27784.266666666666;	0.0;	0.2;	0.3333333333333333;	0.3333333333333333
1377328355;	1;	2699.99866;	21.599989280000003;	0.8;	97388.0;	27261.066666666666;	0.0;	0.26666666666666666;	0.8;	0.8
1377328655;	1;	2699.99866;	28.799985706666668;	1.0666666666666667;	97388.0;	28658.933333333334;	0.0;	0.26666666666666666;	0.13333333333333333;	0.13333333333333333
1377328955;	1;	2699.99866;	26.999986600000003;	1.0;	97388.0;	33702.28571428572;	0.0;	0.2857142857142857;	0.2857142857142857;	0.21428571428571427
1377329255;	1;	2699.99866;	21.599989280000003;	0.8;	97388.0;	32504.0;	0.0;	0.3333333333333333;	0.13333333333333333;	0.13333333333333333
1377329555;	1;	2699.99866;	28.799985706666668;	1.0666666666666667;	97388.0;	31281.066666666666;	0.0;	0.26666666666666666;	0.8;	0.8
1377329855;	1;	2699.99866;	25.19998749333333;	0.9333333333333332;	97388.0;	31980.0;	0.0;	0.26666666666666666;	0.13333333333333333;	0.13333333333333333
1377330155;	1;	2699.99866;	21.599989280000003;	0.8;	97388.0;	32504.0;	0.0;	0.13333333333333333;	0.13333333333333333;	0.13333333333333333
1377330455;	1;	2699.99866;	25.19998749333333;	0.9333333333333332;	97388.0;	35474.933333333334;	0.0;	0.26666666666666666;	0.26666666666666666;	0.26666666666666666
1377330755;	1;	2699.99866;	26.999986600000003;	1.0;	97388.0;	28483.2;	0.0;	0.26666666666666666;	0.13333333333333333;	0.13333333333333333
1377331055;	1;	2699.99866;	23.142845657142857;	0.8571428571428571;	97388.0;	29207.714285714286;	0.0;	0.21428571428571427;	0.14285714285714285;	0.07142857142857142
1377331355;	1;	2699.99866;	23.142845657142857;	0.8571428571428571;	97388.0;	38570.57142857143;	0.0;	0.2857142857142857;	0.21428571428571427;	0.14285714285714285
1377331655;	1;	2699.99866;	26.999986600000003;	1.0;	97388.0;	31642.0;	0.0;	0.21428571428571427;	0.6428571428571429;	0.6428571428571429
1377331955;	1;	2699.99866;	25.19998749333333;	0.9333333333333332;	97388.0;	36173.6;	0.0;	0.26666666666666666;	0.8;	0.6666666666666666
1377332255;	1;	2699.99866;	21.599989280000003;	0.8;	97388.0;	33552.8;	0.0;	0.2;	0.13333333333333333;	0.06666666666666667
1377332555;	1;	2699.99866;	25.19998749333333;	0.9333333333333332;	97388.0;	31979.2;	0.0;	0.26666666666666666;	0.13333333333333333;	0.06666666666666667
1377332855;	1;	2699.99866;	28.799985706666668;	1.0666666666666667;	97388.0;	31979.733333333334;	0.0;	0.26666666666666666;	0.13333333333333333;	0.06666666666666667
1377333155;	1;	2699.99866;	21.599989280000003;	0.8;	97388.0;	35650.4;	0.0;	0.13333333333333333;	0.6666666666666666;	0.6
1377333455;	1;	2699.99866;	25.19998749333333;	0.9333333333333332;	97388.0;	28833.6;	0.0;	0.3333333333333333;	0.13333333333333333;	0.06666666666666667
1377333755;	1;	2699.99866;	32.39998392;	1.2;	97388.0;	27260.8;	0.0;	0.2;	0.13333333333333333;	0.06666666666666667
1377334055;	1;	2699.99866;	21.599989280000003;	0.8;	97388.0;	37747.2;	0.0;	0.26666666666666666;	0.13333333333333333;	0.06666666666666667
1377334355;	1;	2699.99866;	21.599989280000003;	0.8;	97388.0;	36697.6;	0.0;	0.26666666666666666;	0.13333333333333333;	0.06666666666666667
1377334655;	1;	2699.99866;	32.39998392;	1.2;	97388.0;	30930.4;	0.0;	0.26666666666666666;	0.13333333333333333;	0.06666666666666667
1377334955;	1;	2699.99866;	21.599989280000003;	0.8;	97388.0;	27784.8;	0.0;	0.2;	0.2;	0.2
1377335255;	1;	2699.99866;	21.599989280000003;	0.8;	97388.0;	27260.8;	0.0;	0.2;	0.4666666666666667;	0.4
1377335555;	1;	2699.99866;	28.799985706666668;	1.0666666666666667;	97388.0;	21494.4;	0.0;	0.26666666666666666;	0.8;	0.8
1377335855;	1;	2699.99866;	25.19998749333333;	0.9333333333333332;	97388.0;	25163.733333333334;	0.0;	0.26666666666666666;	0.26666666666666666;	0.2
1377336155;	1;	2699.99866;	21.599989280000003;	0.8;	97388.0;	30930.4;	0.0;	0.26666666666666666;	0.26666666666666666;	0.2
1377336455;	1;	2699.99866;	28.799985706666668;	1.0666666666666667;	97388.0;	31455.2;	0.0;	0.2;	0.2;	0.2
1377336755;	1;	2699.99866;	25.19998749333333;	0.9333333333333332;	97388.0;	29357.6;	0.0;	0.26666666666666666;	1.1333333333333333;	1.0666666666666667
1377337055;	1;	2699.99866;	21.599989280000003;	0.8;	97388.0;	32504.0;	0.0;	0.2;	0.26666666666666666;	0.2
1377337355;	1;	2699.99866;	21.214275185714285;	0.7857142857142857;	97388.0;	26961.428571428572;	0.0;	0.21428571428571427;	0.14285714285714285;	0.21428571428571427
1377337655;	1;	2699.99866;	28.799985706666668;	1.0666666666666667;	97388.0;	30407.2;	0.0;	0.2;	0.3333333333333333;	0.3333333333333333
1377337955;	1;	2699.99866;	21.599989280000003;	0.8;	97388.0;	31455.2;	0.0;	0.13333333333333333;	0.13333333333333333;	0.13333333333333333
1377338255;	1;	2699.99866;	21.599989280000003;	0.8;	97388.0;	29357.6;	0.0;	0.3333333333333333;	0.13333333333333333;	0.13333333333333333
1377338555;	1;	2699.99866;	28.799985706666668;	1.0666666666666667;	97388.0;	30931.466666666667;	0.0;	0.2;	0.13333333333333333;	0.2
1377338855;	1;	2699.99866;	25.19998749333333;	0.9333333333333332;	97388.0;	29882.4;	0.0;	0.2;	0.13333333333333333;	0.13333333333333333
1377339156;	1;	2699.99866;	21.599989280000003;	0.8;	97388.0;	30406.4;	0.0;	0.2;	0.8;	0.8
1377339456;	1;	2699.99866;	25.19998749333333;	0.9333333333333332;	97388.0;	35124.8;	0.0;	0.2;	0.13333333333333333;	0.13333333333333333
1377339756;	1;	2699.99866;	28.799985706666668;	1.0666666666666667;	97388.0;	30407.2;	0.0;	0.2;	0.2;	0.13333333333333333
1377340056;	1;	2699.99866;	21.599989280000003;	0.8;	97388.0;	25688.0;	0.0;	0.13333333333333333;	0.13333333333333333;	0.2
1377340356;	1;	2699.99866;	23.142845657142857;	0.8571428571428571;	97388.0;	32766.285714285714;	0.0;	0.2857142857142857;	0.7142857142857143;	0.7142857142857143
1377340656;	1;	2699.99866;	28.799985706666668;	1.0666666666666667;	97388.0;	31979.733333333334;	0.0;	0.2;	0.13333333333333333;	0.13333333333333333
1377340956;	1;	2699.99866;	25.19998749333333;	0.9333333333333332;	97388.0;	34076.0;	0.0;	0.26666666666666666;	0.26666666666666666;	0.26666666666666666
1377341256;	1;	2699.99866;	21.599989280000003;	0.8;	97388.0;	33727.46666666667;	0.0;	0.26666666666666666;	0.26666666666666666;	0.2
1377341556;	1;	2699.99866;	25.19998749333333;	0.9333333333333332;	97388.0;	34077.333333333336;	0.0;	0.3333333333333333;	0.13333333333333333;	0.13333333333333333
1377341856;	1;	2699.99866;	28.799985706666668;	1.0666666666666667;	97388.0;	32153.333333333332;	0.0;	0.2;	0.13333333333333333;	0.13333333333333333
1377342156;	1;	2699.99866;	21.599989280000003;	0.8;	97388.0;	31454.666666666668;	0.0;	0.13333333333333333;	0.2;	0.2
1377342456;	1;	2699.99866;	23.399988386666667;	0.8666666666666667;	97388.0;	35299.2;	0.0;	0.13333333333333333;	0.13333333333333333;	0.13333333333333333
1377342756;	1;	2699.99866;	28.799985706666668;	1.0666666666666667;	97388.0;	29881.6;	0.0;	0.26666666666666666;	0.7333333333333333;	0.7333333333333333
1377343056;	1;	2699.99866;	21.599989280000003;	0.8;	97388.0;	30057.333333333332;	0.0;	0.26666666666666666;	0.2;	0.2
1377343356;	1;	2699.99866;	21.599989280000003;	0.8;	97388.0;	37048.0;	0.0;	0.2;	0.13333333333333333;	0.13333333333333333
1377343656;	1;	2699.99866;	28.799985706666668;	1.0666666666666667;	97388.0;	29183.733333333334;	0.0;	0.26666666666666666;	0.06666666666666667;	0.06666666666666667
1377343956;	1;	2699.99866;	25.19998749333333;	0.9333333333333332;	97388.0;	34426.13333333333;	0.0;	0.26666666666666666;	0.6666666666666666;	0.6
1377344256;	1;	2699.99866;	21.599989280000003;	0.8;	97388.0;	29881.333333333332;	0.0;	0.13333333333333333;	0.2;	0.13333333333333333
1377344556;	1;	2699.99866;	25.19998749333333;	0.9333333333333332;	97388.0;	30756.0;	0.0;	0.26666666666666666;	0.06666666666666667;	0.06666666666666667
1377344856;	1;	2699.99866;	28.799985706666668;	1.0666666666666667;	97388.0;	32504.8;	0.0;	0.26666666666666666;	0.13333333333333333;	0.06666666666666667
1377345156;	1;	2699.99866;	21.599989280000003;	0.8;	97388.0;	35300.26666666667;	0.0;	0.13333333333333333;	0.13333333333333333;	0.06666666666666667
1377345456;	1;	2699.99866;	21.599989280000003;	0.8;	97388.0;	32504.0;	0.0;	0.26666666666666666;	0.13333333333333333;	0.06666666666666667
1377345756;	1;	2699.99866;	28.799985706666668;	1.0666666666666667;	97388.0;	27434.933333333334;	0.0;	0.26666666666666666;	0.2;	0.13333333333333333
1377346056;	1;	2699.99866;	25.19998749333333;	0.9333333333333332;	97388.0;	37572.8;	0.0;	0.2;	0.13333333333333333;	0.06666666666666667
1377346356;	1;	2699.99866;	21.599989280000003;	0.8;	97388.0;	40368.53333333333;	0.0;	0.2;	0.6666666666666666;	0.6666666666666666
1377346656;	1;	2699.99866;	25.19998749333333;	0.9333333333333332;	97388.0;	30931.2;	0.0;	0.26666666666666666;	0.4;	0.3333333333333333
1377346956;	1;	2699.99866;	28.799985706666668;	1.0666666666666667;	97388.0;	32328.8;	0.0;	0.2;	0.13333333333333333;	0.06666666666666667
1377347256;	1;	2699.99866;	21.599989280000003;	0.8;	97388.0;	34076.8;	0.0;	0.2;	0.2;	0.13333333333333333
1377347556;	1;	2699.99866;	21.599989280000003;	0.8;	97388.0;	31280.8;	0.0;	0.2;	0.7333333333333333;	0.7333333333333333
1377347856;	1;	2699.99866;	25.19998749333333;	0.9333333333333332;	97388.0;	28133.866666666665;	0.0;	0.26666666666666666;	0.13333333333333333;	0.13333333333333333
1377348156;	1;	2699.99866;	28.799985706666668;	1.0666666666666667;	97388.0;	28309.6;	0.0;	0.2;	0.13333333333333333;	0.13333333333333333
1377348456;	1;	2699.99866;	21.599989280000003;	0.8;	97388.0;	34425.333333333336;	0.0;	0.4666666666666667;	0.2;	0.2
1377348757;	1;	2699.99866;	21.599989280000003;	0.8;	97388.0;	32503.466666666667;	0.0;	0.9333333333333333;	0.6;	0.6
1377349057;	1;	2699.99866;	25.19998749333333;	0.9333333333333332;	97388.0;	33901.6;	0.0;	0.26666666666666666;	0.13333333333333333;	0.13333333333333333
1377349357;	1;	2699.99866;	28.799985706666668;	1.0666666666666667;	97388.0;	33552.53333333333;	0.0;	0.26666666666666666;	0.2;	0.26666666666666666
1377349657;	1;	2699.99866;	21.599989280000003;	0.8;	97388.0;	30930.666666666668;	0.0;	0.2;	0.13333333333333333;	0.13333333333333333
1377349957;	1;	2699.99866;	25.19998749333333;	0.9333333333333332;	97388.0;	29532.8;	0.0;	0.26666666666666666;	0.9333333333333333;	0.8666666666666667
1377350257;	1;	2699.99866;	28.799985706666668;	1.0666666666666667;	97388.0;	28833.6;	0.0;	0.2;	0.13333333333333333;	0.13333333333333333
1377350557;	1;	2699.99866;	21.599989280000003;	0.8;	97388.0;	37572.0;	0.0;	0.13333333333333333;	0.2;	0.2
1377350857;	1;	2699.99866;	21.599989280000003;	0.8;	97388.0;	29008.533333333333;	0.0;	0.26666666666666666;	0.2;	0.2
1377351157;	1;	2699.99866;	28.799985706666668;	1.0666666666666667;	97388.0;	27086.133333333335;	0.0;	0.2;	0.6666666666666666;	0.6666666666666666
1377351457;	1;	2699.99866;	25.19998749333333;	0.9333333333333332;	97388.0;	30406.666666666668;	0.0;	0.2;	0.13333333333333333;	0.13333333333333333
1377351757;	1;	2699.99866;	21.599989280000003;	0.8;	97388.0;	32678.133333333335;	0.0;	0.2;	0.13333333333333333;	0.13333333333333333
1377352057;	1;	2699.99866;	21.599989280000003;	0.8;	97388.0;	31456.266666666666;	0.0;	0.26666666666666666;	0.13333333333333333;	0.13333333333333333
1377352357;	1;	2699.99866;	28.799985706666668;	1.0666666666666667;	97388.0;	30231.2;	0.0;	0.26666666666666666;	0.4;	0.4
1377352657;	1;	2699.99866;	25.19998749333333;	0.9333333333333332;	97388.0;	28659.2;	0.0;	0.26666666666666666;	0.13333333333333333;	0.13333333333333333
1377352957;	1;	2699.99866;	21.599989280000003;	0.8;	97388.0;	32853.333333333336;	0.0;	0.13333333333333333;	0.2;	0.2
1377353257;	1;	2699.99866;	25.19998749333333;	0.9333333333333332;	97388.0;	26561.066666666666;	0.0;	0.26666666666666666;	0.13333333333333333;	0.13333333333333333
1377353557;	1;	2699.99866;	28.799985706666668;	1.0666666666666667;	97388.0;	30755.733333333334;	0.0;	0.13333333333333333;	0.8;	0.7333333333333333
1377353857;	1;	2699.99866;	21.599989280000003;	0.8;	97388.0;	40193.066666666666;	0.0;	0.2;	0.13333333333333333;	0.13333333333333333
1377354157;	1;	2699.99866;	21.599989280000003;	0.8;	97388.0;	31629.333333333332;	0.0;	0.3333333333333333;	0.13333333333333333;	0.13333333333333333
1377354457;	1;	2699.99866;	28.799985706666668;	1.0666666666666667;	97388.0;	30930.666666666668;	0.0;	0.2;	0.2;	0.2
1377354757;	1;	2699.99866;	25.19998749333333;	0.9333333333333332;	97388.0;	31980.0;	0.0;	0.26666666666666666;	0.6666666666666666;	0.6666666666666666
1377355057;	1;	2699.99866;	21.599989280000003;	0.8;	97388.0;	32329.333333333332;	0.0;	0.13333333333333333;	0.2;	0.13333333333333333
1377355357;	1;	2699.99866;	21.599989280000003;	0.8;	97388.0;	34950.13333333333;	0.0;	0.13333333333333333;	0.13333333333333333;	0.13333333333333333
1377355657;	1;	2699.99866;	28.799985706666668;	1.0666666666666667;	97388.0;	32329.866666666665;	0.0;	0.3333333333333333;	0.2;	0.13333333333333333
1377355957;	1;	2699.99866;	23.399988386666667;	0.8666666666666667;	97388.0;	27958.933333333334;	0.0;	0.26666666666666666;	0.06666666666666667;	0.06666666666666667
1377356257;	1;	2699.99866;	21.599989280000003;	0.8;	97388.0;	29182.666666666668;	0.0;	0.13333333333333333;	0.13333333333333333;	0.13333333333333333
1377356557;	1;	2699.99866;	25.19998749333333;	0.9333333333333332;	97388.0;	31105.333333333332;	0.0;	0.3333333333333333;	0.13333333333333333;	0.13333333333333333
1377356857;	1;	2699.99866;	28.799985706666668;	1.0666666666666667;	97388.0;	30756.266666666666;	0.0;	0.13333333333333333;	0.4666666666666667;	0.4666666666666667
1377357157;	1;	2699.99866;	21.599989280000003;	0.8;	97388.0;	35299.73333333333;	0.0;	0.13333333333333333;	0.7333333333333333;	0.7333333333333333
1377357457;	1;	2699.99866;	25.19998749333333;	0.9333333333333332;	97388.0;	29008.266666666666;	0.0;	0.26666666666666666;	0.2;	0.2
1377357757;	1;	2699.99866;	28.799985706666668;	1.0666666666666667;	97388.0;	30581.866666666665;	0.0;	0.2;	0.06666666666666667;	0.06666666666666667
1377358057;	1;	2699.99866;	21.599989280000003;	0.8;	97388.0;	33901.066666666666;	0.0;	0.13333333333333333;	0.2;	0.2
1377358357;	1;	2699.99866;	21.599989280000003;	0.8;	97388.0;	34426.4;	0.0;	0.26666666666666666;	0.6666666666666666;	0.6
1377358658;	1;	2699.99866;	28.799985706666668;	1.0666666666666667;	97388.0;	36523.73333333333;	0.0;	0.2;	0.06666666666666667;	0.06666666666666667
1377358957;	1;	2699.99866;	25.19998749333333;	0.9333333333333332;	97388.0;	35299.46666666667;	0.0;	0.26666666666666666;	0.2;	0.2
1377359257;	1;	2699.99866;	21.599989280000003;	0.8;	97388.0;	32504.266666666666;	0.0;	0.3333333333333333;	0.2;	0.13333333333333333
1377359557;	1;	2699.99866;	28.799985706666668;	1.0666666666666667;	97388.0;	30581.066666666666;	0.0;	0.26666666666666666;	0.06666666666666667;	0.06666666666666667
1377359857;	1;	2699.99866;	25.19998749333333;	0.9333333333333332;	97388.0;	30581.066666666666;	0.0;	0.26666666666666666;	0.06666666666666667;	0.06666666666666667
1377360157;	1;	2699.99866;	17.99999106666667;	0.6666666666666667;	97388.0;	27086.4;	0.0;	0.13333333333333333;	0.13333333333333333;	0.13333333333333333
1377360457;	1;	2699.99866;	25.19998749333333;	0.9333333333333332;	97388.0;	25513.6;	0.0;	0.26666666666666666;	0.13333333333333333;	0.13333333333333333
1377360757;	1;	2699.99866;	25.19998749333333;	0.9333333333333332;	97388.0;	28833.866666666665;	0.0;	0.2;	0.7333333333333333;	0.7333333333333333
1377361057;	1;	2699.99866;	25.19998749333333;	0.9333333333333332;	97388.0;	32328.8;	0.0;	0.26666666666666666;	0.13333333333333333;	0.13333333333333333
1377361357;	1;	2699.99866;	21.599989280000003;	0.8;	97388.0;	32678.933333333334;	0.0;	0.26666666666666666;	0.13333333333333333;	0.13333333333333333
1377361657;	1;	2699.99866;	28.799985706666668;	1.0666666666666667;	97388.0;	29707.733333333334;	0.0;	0.2;	0.2;	0.13333333333333333
1377361957;	1;	2699.99866;	25.19998749333333;	0.9333333333333332;	97388.0;	32679.733333333334;	0.0;	0.2;	0.7333333333333333;	0.7333333333333333
1377362257;	1;	2699.99866;	21.599989280000003;	0.8;	97388.0;	33552.8;	0.0;	0.13333333333333333;	0.2;	0.13333333333333333
1377362557;	1;	2699.99866;	21.599989280000003;	0.8;	97388.0;	30580.8;	0.0;	0.2;	0.2;	0.13333333333333333
1377362857;	1;	2699.99866;	28.799985706666668;	1.0666666666666667;	97388.0;	26911.2;	0.0;	0.3333333333333333;	0.26666666666666666;	0.26666666666666666
1377363157;	1;	2699.99866;	25.19998749333333;	0.9333333333333332;	97388.0;	30231.733333333334;	0.0;	0.26666666666666666;	0.2;	0.13333333333333333
1377363457;	1;	2699.99866;	21.599989280000003;	0.8;	97388.0;	26561.6;	0.0;	0.2;	0.2;	0.13333333333333333
1377363757;	1;	2699.99866;	21.599989280000003;	0.8;	97388.0;	30757.066666666666;	0.0;	0.2;	0.26666666666666666;	0.26666666666666666
1377364057;	1;	2699.99866;	21.599989280000003;	0.8;	97388.0;	31280.8;	0.0;	0.2;	0.3333333333333333;	0.26666666666666666
1377364357;	1;	2699.99866;	23.399988386666667;	0.8666666666666667;	97388.0;	32154.933333333334;	0.0;	0.26666666666666666;	0.8;	0.7333333333333333
1377364657;	1;	2699.99866;	26.999986600000003;	1.0;	97388.0;	37572.0;	0.0;	0.3333333333333333;	0.4;	0.3333333333333333
1377364957;	1;	2699.99866;	25.19998749333333;	0.9333333333333332;	97388.0;	36698.4;	0.0;	0.2;	0.13333333333333333;	0.06666666666666667
1377365257;	1;	2699.99866;	21.599989280000003;	0.8;	97388.0;	26910.666666666668;	0.0;	0.26666666666666666;	0.2;	0.13333333333333333
1377365558;	1;	2699.99866;	25.19998749333333;	0.9333333333333332;	97388.0;	30057.066666666666;	0.0;	0.2;	0.6666666666666666;	0.6666666666666666
1377365858;	1;	2699.99866;	28.799985706666668;	1.0666666666666667;	97388.0;	28309.866666666665;	0.0;	0.2;	0.2;	0.13333333333333333
1377366158;	1;	2699.99866;	21.599989280000003;	0.8;	97388.0;	28485.066666666666;	0.0;	0.2;	0.13333333333333333;	0.13333333333333333
1377366458;	1;	2699.99866;	21.599989280000003;	0.8;	97388.0;	34251.2;	0.0;	0.4;	0.13333333333333333;	0.13333333333333333
1377366758;	1;	2699.99866;	28.799985706666668;	1.0666666666666667;	97388.0;	35649.066666666666;	0.0;	0.2;	0.13333333333333333;	0.13333333333333333
1377367058;	1;	2699.99866;	25.19998749333333;	0.9333333333333332;	97388.0;	38097.333333333336;	0.0;	0.2;	0.13333333333333333;	0.13333333333333333
1377367358;	1;	2699.99866;	21.599989280000003;	0.8;	97388.0;	34950.4;	0.0;	0.26666666666666666;	0.2;	0.2
1377367658;	1;	2699.99866;	25.19998749333333;	0.9333333333333332;	97388.0;	27960.533333333333;	0.0;	0.26666666666666666;	0.13333333333333333;	0.13333333333333333
1377367958;	1;	2699.99866;	28.799985706666668;	1.0666666666666667;	97388.0;	29182.666666666668;	0.0;	0.2;	0.8666666666666667;	0.8666666666666667
1377368258;	1;	2699.99866;	21.599989280000003;	0.8;	97388.0;	31630.4;	0.0;	0.2;	0.13333333333333333;	0.13333333333333333
1377368558;	1;	2699.99866;	25.19998749333333;	0.9333333333333332;	97388.0;	24989.066666666666;	0.0;	0.26666666666666666;	0.13333333333333333;	0.13333333333333333
1377368858;	1;	2699.99866;	28.799985706666668;	1.0666666666666667;	97388.0;	30406.133333333335;	0.0;	0.2;	0.2;	0.2
1377369158;	1;	2699.99866;	21.599989280000003;	0.8;	97388.0;	29183.2;	0.0;	0.2;	0.6666666666666666;	0.6666666666666666
1377369458;	1;	2699.99866;	21.599989280000003;	0.8;	97388.0;	33377.6;	0.0;	0.2;	0.13333333333333333;	0.13333333333333333
1377369758;	1;	2699.99866;	23.399988386666667;	0.8666666666666667;	97388.0;	30930.933333333334;	0.0;	0.26666666666666666;	0.2;	0.2
1377370058;	1;	2699.99866;	28.799985706666668;	1.0666666666666667;	97388.0;	34251.2;	0.0;	0.26666666666666666;	0.06666666666666667;	0.06666666666666667
1377370358;	1;	2699.99866;	21.599989280000003;	0.8;	97388.0;	34950.666666666664;	0.0;	0.2;	0.06666666666666667;	0.06666666666666667
1377370658;	1;	2699.99866;	21.599989280000003;	0.8;	97388.0;	32153.6;	0.0;	0.2;	0.26666666666666666;	0.13333333333333333
1377370958;	1;	2699.99866;	25.19998749333333;	0.9333333333333332;	97388.0;	32678.666666666668;	0.0;	0.26666666666666666;	0.26666666666666666;	0.26666666666666666
1377371258;	1;	2699.99866;	28.799985706666668;	1.0666666666666667;	97388.0;	25688.533333333333;	0.0;	0.2;	0.26666666666666666;	0.26666666666666666
1377371558;	1;	2699.99866;	21.599989280000003;	0.8;	97388.0;	23939.733333333334;	0.0;	0.13333333333333333;	0.7333333333333333;	0.6666666666666666
1377371858;	1;	2699.99866;	21.599989280000003;	0.8;	97388.0;	26561.6;	0.0;	0.3333333333333333;	0.13333333333333333;	0.06666666666666667
1377372158;	1;	2699.99866;	28.799985706666668;	1.0666666666666667;	97388.0;	34076.53333333333;	0.0;	0.2;	0.13333333333333333;	0.13333333333333333
1377372458;	1;	2699.99866;	25.19998749333333;	0.9333333333333332;	97388.0;	35124.8;	0.0;	0.26666666666666666;	0.2;	0.26666666666666666
1377372758;	1;	2699.99866;	21.599989280000003;	0.8;	97388.0;	30231.733333333334;	0.0;	0.13333333333333333;	0.6666666666666666;	0.6
1377373058;	1;	2699.99866;	25.19998749333333;	0.9333333333333332;	97388.0;	27960.0;	0.0;	0.2;	0.2;	0.13333333333333333
1377373358;	1;	2699.99866;	25.19998749333333;	0.9333333333333332;	97388.0;	28309.6;	0.0;	0.13333333333333333;	0.2;	0.13333333333333333
1377373658;	1;	2699.99866;	25.19998749333333;	0.9333333333333332;	97388.0;	29358.4;	0.0;	0.4;	0.13333333333333333;	0.13333333333333333
1377373958;	1;	2699.99866;	21.599989280000003;	0.8;	97388.0;	30930.666666666668;	0.0;	0.2;	0.2;	0.13333333333333333
1377374259;	1;	2699.99866;	25.19998749333333;	0.9333333333333332;	97388.0;	30406.133333333335;	0.0;	0.26666666666666666;	0.13333333333333333;	0.13333333333333333
1377374559;	1;	2699.99866;	28.799985706666668;	1.0666666666666667;	97388.0;	31804.266666666666;	0.0;	0.2;	0.26666666666666666;	0.26666666666666666
1377374859;	1;	2699.99866;	21.599989280000003;	0.8;	97388.0;	34601.6;	0.0;	0.2;	0.13333333333333333;	0.13333333333333333
1377375159;	1;	2699.99866;	25.19998749333333;	0.9333333333333332;	97388.0;	33901.6;	0.0;	0.3333333333333333;	0.7333333333333333;	0.7333333333333333
1377375459;	1;	2699.99866;	25.19998749333333;	0.9333333333333332;	97388.0;	33377.6;	0.0;	0.26666666666666666;	0.26666666666666666;	0.26666666666666666
1377375759;	1;	2699.99866;	25.19998749333333;	0.9333333333333332;	97388.0;	31105.333333333332;	0.0;	0.26666666666666666;	0.13333333333333333;	0.13333333333333333
1377376059;	1;	2699.99866;	21.599989280000003;	0.8;	97388.0;	24289.333333333332;	0.0;	0.26666666666666666;	0.2;	0.2
1377376359;	1;	2699.99866;	25.19998749333333;	0.9333333333333332;	97388.0;	27609.866666666665;	0.0;	0.26666666666666666;	0.7333333333333333;	0.7333333333333333
1377376659;	1;	2699.99866;	28.799985706666668;	1.0666666666666667;	97388.0;	29009.066666666666;	0.0;	0.26666666666666666;	0.2;	0.13333333333333333
1377376959;	1;	2699.99866;	21.599989280000003;	0.8;	97388.0;	26387.466666666667;	0.0;	0.2;	0.06666666666666667;	0.06666666666666667
1377377259;	1;	2699.99866;	21.599989280000003;	0.8;	97388.0;	36697.6;	0.0;	0.3333333333333333;	0.3333333333333333;	0.26666666666666666
1377377559;	1;	2699.99866;	28.799985706666668;	1.0666666666666667;	97388.0;	30755.733333333334;	0.0;	0.2;	0.2;	0.13333333333333333
1377377859;	1;	2699.99866;	25.19998749333333;	0.9333333333333332;	97388.0;	28134.4;	0.0;	0.26666666666666666;	0.13333333333333333;	0.13333333333333333
1377378159;	1;	2699.99866;	21.599989280000003;	0.8;	97388.0;	33901.066666666666;	0.0;	0.13333333333333333;	0.26666666666666666;	0.2
1377378459;	1;	2699.99866;	21.599989280000003;	0.8;	97388.0;	36348.8;	0.0;	0.2;	0.13333333333333333;	0.06666666666666667
1377378759;	1;	2699.99866;	28.799985706666668;	1.0666666666666667;	97388.0;	30405.6;	0.0;	0.26666666666666666;	0.6666666666666666;	0.6666666666666666
1377379059;	1;	2699.99866;	25.19998749333333;	0.9333333333333332;	97388.0;	32328.8;	0.0;	0.26666666666666666;	0.06666666666666667;	0.06666666666666667
1377379359;	1;	2699.99866;	21.599989280000003;	0.8;	97388.0;	33901.86666666667;	0.0;	0.2;	0.13333333333333333;	0.06666666666666667
1377379659;	1;	2699.99866;	21.599989280000003;	0.8;	97388.0;	34600.0;	0.0;	0.3333333333333333;	0.13333333333333333;	0.13333333333333333
1377379959;	1;	2699.99866;	28.799985706666668;	1.0666666666666667;	97388.0;	31105.866666666665;	0.0;	0.2;	0.6666666666666666;	0.6666666666666666
1377380259;	1;	2699.99866;	25.19998749333333;	0.9333333333333332;	97388.0;	30930.666666666668;	0.0;	0.2;	0.13333333333333333;	0.13333333333333333
1377380559;	1;	2699.99866;	21.599989280000003;	0.8;	97388.0;	31805.333333333332;	0.0;	0.13333333333333333;	0.13333333333333333;	0.13333333333333333
1377380859;	1;	2699.99866;	23.399988386666667;	0.8666666666666667;	97388.0;	27785.333333333332;	0.0;	0.3333333333333333;	0.13333333333333333;	0.13333333333333333
1377381159;	1;	2699.99866;	30.599984813333336;	1.1333333333333333;	97388.0;	32678.133333333335;	0.0;	0.2;	0.13333333333333333;	0.13333333333333333
1377381459;	1;	2699.99866;	21.599989280000003;	0.8;	97388.0;	33552.8;	0.0;	0.2;	0.13333333333333333;	0.2
1377381759;	1;	2699.99866;	21.599989280000003;	0.8;	97388.0;	38795.46666666667;	0.0;	0.2;	0.3333333333333333;	0.3333333333333333
1377382059;	1;	2699.99866;	26.999986600000003;	1.0;	97388.0;	27435.2;	0.0;	0.26666666666666666;	0.13333333333333333;	0.13333333333333333
1377382359;	1;	2699.99866;	26.999986600000003;	1.0;	97388.0;	30580.8;	0.0;	0.3333333333333333;	0.8;	0.7333333333333333
1377382659;	1;	2699.99866;	21.599989280000003;	0.8;	97388.0;	31980.533333333333;	0.0;	0.2;	0.3333333333333333;	0.3333333333333333
1377382959;	1;	2699.99866;	25.19998749333333;	0.9333333333333332;	97388.0;	31629.333333333332;	0.0;	0.3333333333333333;	0.13333333333333333;	0.13333333333333333
1377383259;	1;	2699.99866;	28.799985706666668;	1.0666666666666667;	97388.0;	35300.0;	0.0;	0.2;	0.26666666666666666;	0.26666666666666666
1377383559;	1;	2699.99866;	21.599989280000003;	0.8;	97388.0;	33028.0;	0.0;	0.13333333333333333;	0.6666666666666666;	0.6
1377383859;	1;	2699.99866;	21.599989280000003;	0.8;	97388.0;	34251.73333333333;	0.0;	0.2;	0.13333333333333333;	0.13333333333333333
1377384159;	1;	2699.99866;	28.799985706666668;	1.0666666666666667;	97388.0;	35125.333333333336;	0.0;	0.26666666666666666;	0.26666666666666666;	0.2
1377384459;	1;	2699.99866;	25.19998749333333;	0.9333333333333332;	97388.0;	34076.0;	0.0;	0.3333333333333333;	0.2;	0.13333333333333333
1377384759;	1;	2699.99866;	21.599989280000003;	0.8;	97388.0;	36348.0;	0.0;	0.13333333333333333;	0.26666666666666666;	0.2
1377385059;	1;	2699.99866;	23.399988386666667;	0.8666666666666667;	97388.0;	31978.933333333334;	0.0;	0.26666666666666666;	0.13333333333333333;	0.13333333333333333
1377385360;	1;	2699.99866;	28.799985706666668;	1.0666666666666667;	97388.0;	29183.466666666667;	0.0;	0.2;	0.26666666666666666;	0.2
1377385660;	1;	2699.99866;	21.599989280000003;	0.8;	97388.0;	38445.066666666666;	0.0;	0.2;	0.26666666666666666;	0.26666666666666666
1377385960;	1;	2699.99866;	21.599989280000003;	0.8;	97388.0;	35998.4;	0.0;	0.26666666666666666;	0.8666666666666667;	0.7333333333333333
1377386260;	1;	2699.99866;	25.19998749333333;	0.9333333333333332;	97388.0;	29882.666666666668;	0.0;	0.26666666666666666;	0.2;	0.2
1377386560;	1;	2699.99866;	28.799985706666668;	1.0666666666666667;	97388.0;	33552.8;	0.0;	0.2;	0.2;	0.2
1377386860;	1;	2699.99866;	21.599989280000003;	0.8;	97388.0;	31280.533333333333;	0.0;	0.26666666666666666;	0.6666666666666666;	0.6666666666666666
1377387160;	1;	2699.99866;	21.599989280000003;	0.8;	97388.0;	32678.666666666668;	0.0;	0.13333333333333333;	0.6666666666666666;	0.6
1377387460;	1;	2699.99866;	28.799985706666668;	1.0666666666666667;	97388.0;	27960.266666666666;	0.0;	0.26666666666666666;	0.2;	0.2
1377387760;	1;	2699.99866;	25.19998749333333;	0.9333333333333332;	97388.0;	27261.066666666666;	0.0;	0.26666666666666666;	0.13333333333333333;	0.13333333333333333
1377388060;	1;	2699.99866;	21.599989280000003;	0.8;	97388.0;	33377.333333333336;	0.0;	0.3333333333333333;	0.26666666666666666;	0.2
1377388360;	1;	2699.99866;	25.19998749333333;	0.9333333333333332;	97388.0;	33726.666666666664;	0.0;	0.26666666666666666;	0.13333333333333333;	0.13333333333333333
1377388660;	1;	2699.99866;	28.799985706666668;	1.0666666666666667;	97388.0;	30057.066666666666;	0.0;	0.26666666666666666;	0.26666666666666666;	0.26666666666666666
1377388960;	1;	2699.99866;	21.599989280000003;	0.8;	97388.0;	31804.533333333333;	0.0;	0.13333333333333333;	0.7333333333333333;	0.7333333333333333
1377389260;	1;	2699.99866;	21.599989280000003;	0.8;	97388.0;	33552.53333333333;	0.0;	0.26666666666666666;	0.13333333333333333;	0.13333333333333333
1377389560;	1;	2699.99866;	28.799985706666668;	1.0666666666666667;	97388.0;	32154.4;	0.0;	0.2;	0.7333333333333333;	0.6666666666666666
1377389860;	1;	2699.99866;	25.19998749333333;	0.9333333333333332;	97388.0;	33028.26666666667;	0.0;	0.3333333333333333;	0.2;	0.13333333333333333
1377390160;	1;	2699.99866;	21.599989280000003;	0.8;	97388.0;	30580.533333333333;	0.0;	0.2;	0.2;	0.2
1377390460;	1;	2699.99866;	25.19998749333333;	0.9333333333333332;	97388.0;	33727.73333333333;	0.0;	0.3333333333333333;	0.3333333333333333;	0.2
1377390760;	1;	2699.99866;	28.799985706666668;	1.0666666666666667;	97388.0;	33726.933333333334;	0.0;	0.2;	0.8666666666666667;	0.8
1377391060;	1;	2699.99866;	21.599989280000003;	0.8;	97388.0;	29184.0;	0.0;	0.2;	0.06666666666666667;	0.06666666666666667
1377391360;	1;	2699.99866;	21.599989280000003;	0.8;	97388.0;	31804.266666666666;	0.0;	0.2;	0.13333333333333333;	0.06666666666666667
1377391660;	1;	2699.99866;	28.799985706666668;	1.0666666666666667;	97388.0;	32852.8;	0.0;	0.3333333333333333;	0.13333333333333333;	0.13333333333333333
1377391961;	1;	2699.99866;	25.19998749333333;	0.9333333333333332;	97388.0;	29707.466666666667;	0.0;	0.2;	0.13333333333333333;	0.13333333333333333
1377392261;	1;	2699.99866;	21.599989280000003;	0.8;	97388.0;	29357.866666666665;	0.0;	0.13333333333333333;	0.13333333333333333;	0.13333333333333333
1377392561;	1;	2699.99866;	23.399988386666667;	0.8666666666666667;	97388.0;	29183.733333333334;	0.0;	0.3333333333333333;	0.2;	0.2
1377392861;	1;	2699.99866;	25.19998749333333;	0.9333333333333332;	97388.0;	34775.2;	0.0;	0.13333333333333333;	0.2;	0.13333333333333333
1377393161;	1;	2699.99866;	25.19998749333333;	0.9333333333333332;	97388.0;	30755.466666666667;	0.0;	0.2;	0.8;	0.7333333333333333
1377393461;	1;	2699.99866;	21.599989280000003;	0.8;	97388.0;	29881.866666666665;	0.0;	0.3333333333333333;	0.26666666666666666;	0.2
1377393761;	1;	2699.99866;	28.799985706666668;	1.0666666666666667;	97388.0;	33028.8;	0.0;	0.2;	0.13333333333333333;	0.13333333333333333
1377394061;	1;	2699.99866;	25.19998749333333;	0.9333333333333332;	97388.0;	35301.066666666666;	0.0;	0.26666666666666666;	0.2;	0.2
1377394361;	1;	2699.99866;	21.599989280000003;	0.8;	97388.0;	32502.933333333334;	0.0;	0.13333333333333333;	0.6666666666666666;	0.6666666666666666
1377394661;	1;	2699.99866;	21.599989280000003;	0.8;	97388.0;	30930.4;	0.0;	0.26666666666666666;	0.2;	0.2
1377394961;	1;	2699.99866;	28.799985706666668;	1.0666666666666667;	97388.0;	24988.533333333333;	0.0;	0.2;	0.2;	0.2
1377395261;	1;	2699.99866;	26.999986600000003;	1.0;	97388.0;	26399.14285714286;	0.0;	0.42857142857142855;	0.14285714285714285;	0.14285714285714285
1377395561;	1;	2699.99866;	21.599989280000003;	0.8;	97388.0;	34600.53333333333;	0.0;	0.13333333333333333;	0.13333333333333333;	0.13333333333333333
1377395861;	1;	2699.99866;	21.599989280000003;	0.8;	97388.0;	36173.333333333336;	0.0;	0.2;	0.26666666666666666;	0.26666666666666666
1377396161;	1;	2699.99866;	28.799985706666668;	1.0666666666666667;	97388.0;	33902.13333333333;	0.0;	0.26666666666666666;	0.13333333333333333;	0.13333333333333333
1377396461;	1;	2699.99866;	25.19998749333333;	0.9333333333333332;	97388.0;	29532.8;	0.0;	0.3333333333333333;	0.13333333333333333;	0.06666666666666667
1377396761;	1;	2699.99866;	21.599989280000003;	0.8;	97388.0;	25862.4;	0.0;	0.13333333333333333;	0.7333333333333333;	0.7333333333333333
1377397061;	1;	2699.99866;	25.19998749333333;	0.9333333333333332;	97388.0;	31104.533333333333;	0.0;	0.3333333333333333;	0.3333333333333333;	0.26666666666666666
1377397361;	1;	2699.99866;	28.799985706666668;	1.0666666666666667;	97388.0;	25687.466666666667;	0.0;	0.2;	0.13333333333333333;	0.13333333333333333
1377397661;	1;	2699.99866;	21.599989280000003;	0.8;	97388.0;	30407.2;	0.0;	0.2;	0.2;	0.13333333333333333
1377397961;	1;	2699.99866;	21.599989280000003;	0.8;	97388.0;	30231.466666666667;	0.0;	0.26666666666666666;	0.6;	0.6
1377398261;	1;	2699.99866;	26.999986600000003;	1.0;	97388.0;	32678.133333333335;	0.0;	0.3333333333333333;	0.13333333333333333;	0.13333333333333333
1377398561;	1;	2699.99866;	25.19998749333333;	0.9333333333333332;	97388.0;	35649.86666666667;	0.0;	0.26666666666666666;	0.13333333333333333;	0.13333333333333333
1377398861;	1;	2699.99866;	21.599989280000003;	0.8;	97388.0;	38272.0;	0.0;	0.3333333333333333;	0.13333333333333333;	0.13333333333333333
1377399161;	1;	2699.99866;	25.19998749333333;	0.9333333333333332;	97388.0;	31804.266666666666;	0.0;	0.3333333333333333;	0.06666666666666667;	0.06666666666666667
1377399461;	1;	2699.99866;	26.999986600000003;	1.0;	97388.0;	26562.666666666668;	0.0;	0.2;	0.13333333333333333;	0.13333333333333333
1377399761;	1;	2699.99866;	21.599989280000003;	0.8;	97388.0;	32853.86666666667;	0.0;	0.2;	0.2;	0.13333333333333333
1377400061;	1;	2699.99866;	21.599989280000003;	0.8;	97388.0;	33026.933333333334;	0.0;	0.26666666666666666;	0.13333333333333333;	0.06666666666666667
1377400362;	1;	2699.99866;	28.799985706666668;	1.0666666666666667;	97388.0;	30057.333333333332;	0.0;	0.2;	0.9333333333333333;	0.9333333333333333
1377400662;	1;	2699.99866;	25.19998749333333;	0.9333333333333332;	97388.0;	31980.0;	0.0;	0.26666666666666666;	0.2;	0.13333333333333333
1377400962;	1;	2699.99866;	21.599989280000003;	0.8;	97388.0;	29357.333333333332;	0.0;	0.2;	0.13333333333333333;	0.13333333333333333
1377401262;	1;	2699.99866;	28.799985706666668;	1.0666666666666667;	97388.0;	25512.266666666666;	0.0;	0.2;	0.2;	0.2
1377401562;	1;	2699.99866;	25.19998749333333;	0.9333333333333332;	97388.0;	32853.066666666666;	0.0;	0.26666666666666666;	0.7333333333333333;	0.8
1377401862;	1;	2699.99866;	21.599989280000003;	0.8;	97388.0;	31805.333333333332;	0.0;	0.2;	0.13333333333333333;	0.13333333333333333
1377402162;	1;	2699.99866;	25.19998749333333;	0.9333333333333332;	97388.0;	31455.466666666667;	0.0;	0.4;	0.13333333333333333;	0.2
1377402462;	1;	2699.99866;	28.799985706666668;	1.0666666666666667;	97388.0;	33203.73333333333;	0.0;	0.3333333333333333;	0.13333333333333333;	0.06666666666666667
1377402762;	1;	2699.99866;	21.599989280000003;	0.8;	97388.0;	30755.466666666667;	0.0;	0.13333333333333333;	0.2;	0.06666666666666667
1377403062;	1;	2699.99866;	25.19998749333333;	0.9333333333333332;	97388.0;	27784.533333333333;	0.0;	0.3333333333333333;	0.26666666666666666;	0.2
1377403362;	1;	2699.99866;	28.799985706666668;	1.0666666666666667;	97388.0;	28309.066666666666;	0.0;	0.2;	0.4;	0.3333333333333333
1377403662;	1;	2699.99866;	21.599989280000003;	0.8;	97388.0;	32503.466666666667;	0.0;	0.13333333333333333;	0.06666666666666667;	0.06666666666666667
1377403962;	1;	2699.99866;	23.399988386666667;	0.8666666666666667;	97388.0;	44738.4;	0.0;	0.26666666666666666;	0.7333333333333333;	0.6666666666666666
1377404262;	1;	2699.99866;	26.999986600000003;	1.0;	97388.0;	32854.13333333333;	0.0;	0.3333333333333333;	0.5333333333333333;	0.4666666666666667
1377404562;	1;	2699.99866;	25.19998749333333;	0.9333333333333332;	97388.0;	33029.066666666666;	0.0;	0.2;	0.2;	0.13333333333333333
1377404862;	1;	2699.99866;	21.599989280000003;	0.8;	97388.0;	31105.066666666666;	0.0;	0.2;	0.2;	0.13333333333333333
1377405162;	1;	2699.99866;	28.799985706666668;	1.0666666666666667;	97388.0;	31629.866666666665;	0.0;	0.3333333333333333;	0.7333333333333333;	0.7333333333333333
1377405462;	1;	2699.99866;	25.19998749333333;	0.9333333333333332;	97388.0;	26561.6;	0.0;	0.26666666666666666;	0.13333333333333333;	0.13333333333333333
1377405762;	1;	2699.99866;	21.599989280000003;	0.8;	97388.0;	29882.666666666668;	0.0;	0.13333333333333333;	0.13333333333333333;	0.06666666666666667
1377406062;	1;	2699.99866;	25.19998749333333;	0.9333333333333332;	97388.0;	34950.4;	0.0;	0.4666666666666667;	0.2;	0.2
1377406362;	1;	2699.99866;	28.799985706666668;	1.0666666666666667;	97388.0;	31280.266666666666;	0.0;	0.2;	0.13333333333333333;	0.13333333333333333
1377406662;	1;	2699.99866;	21.599989280000003;	0.8;	97388.0;	28309.333333333332;	0.0;	0.13333333333333333;	0.2;	0.2
1377406962;	1;	2699.99866;	25.19998749333333;	0.9333333333333332;	97388.0;	33552.0;	0.0;	0.2;	0.2;	0.2
1377407262;	1;	2699.99866;	28.799985706666668;	1.0666666666666667;	97388.0;	39668.53333333333;	0.0;	0.2;	0.13333333333333333;	0.13333333333333333
1377407562;	1;	2699.99866;	25.19998749333333;	0.9333333333333332;	97388.0;	37746.4;	0.0;	0.13333333333333333;	0.8666666666666667;	0.8666666666666667
1377407862;	1;	2699.99866;	21.599989280000003;	0.8;	97388.0;	33901.86666666667;	0.0;	0.26666666666666666;	0.13333333333333333;	0.13333333333333333
1377408162;	1;	2699.99866;	28.799985706666668;	1.0666666666666667;	97388.0;	33202.666666666664;	0.0;	0.2;	0.13333333333333333;	0.13333333333333333
1377408462;	1;	2699.99866;	25.19998749333333;	0.9333333333333332;	97388.0;	32504.0;	0.0;	0.2;	0.2;	0.2
1377408762;	1;	2699.99866;	21.599989280000003;	0.8;	97388.0;	31980.0;	0.0;	0.2;	0.6666666666666666;	0.6666666666666666
1377409062;	1;	2699.99866;	25.19998749333333;	0.9333333333333332;	97388.0;	30231.733333333334;	0.0;	0.26666666666666666;	0.2;	0.2
1377409362;	1;	2699.99866;	28.799985706666668;	1.0666666666666667;	97388.0;	28309.6;	0.0;	0.2;	0.13333333333333333;	0.06666666666666667
1377409662;	1;	2699.99866;	21.599989280000003;	0.8;	97388.0;	33028.0;	0.0;	0.3333333333333333;	0.13333333333333333;	0.06666666666666667
1377409962;	1;	2699.99866;	25.19998749333333;	0.9333333333333332;	97388.0;	29532.266666666666;	0.0;	0.26666666666666666;	0.26666666666666666;	0.26666666666666666
1377410262;	1;	2699.99866;	28.799985706666668;	1.0666666666666667;	97388.0;	35125.6;	0.0;	0.2;	0.13333333333333333;	0.13333333333333333
1377410562;	1;	2699.99866;	21.599989280000003;	0.8;	97388.0;	32504.0;	0.0;	0.13333333333333333;	0.26666666666666666;	0.2
1377410862;	1;	2699.99866;	21.599989280000003;	0.8;	97388.0;	24640.0;	0.0;	0.26666666666666666;	0.2;	0.2
1377411162;	1;	2699.99866;	28.799985706666668;	1.0666666666666667;	97388.0;	30407.2;	0.0;	0.26666666666666666;	0.8;	0.8666666666666667
1377411462;	1;	2699.99866;	25.19998749333333;	0.9333333333333332;	97388.0;	31630.133333333335;	0.0;	0.26666666666666666;	0.2;	0.13333333333333333
1377411763;	1;	2699.99866;	21.599989280000003;	0.8;	97388.0;	34076.8;	0.0;	0.13333333333333333;	0.2;	0.2
1377412063;	1;	2699.99866;	26.999986600000003;	1.0;	97388.0;	30929.6;	0.0;	0.2;	0.26666666666666666;	0.2
1377412363;	1;	2699.99866;	26.999986600000003;	1.0;	97388.0;	27085.6;	0.0;	0.26666666666666666;	0.7333333333333333;	0.7333333333333333
1377412663;	1;	2699.99866;	21.599989280000003;	0.8;	97388.0;	32503.2;	0.0;	0.13333333333333333;	0.26666666666666666;	0.26666666666666666
1377412963;	1;	2699.99866;	25.19998749333333;	0.9333333333333332;	97388.0;	36000.0;	0.0;	0.3333333333333333;	0.13333333333333333;	0.13333333333333333
1377413263;	1;	2699.99866;	26.999986600000003;	1.0;	97388.0;	30407.2;	0.0;	0.3333333333333333;	0.2;	0.13333333333333333
1377413563;	1;	2699.99866;	23.399988386666667;	0.8666666666666667;	97388.0;	23591.2;	0.0;	0.13333333333333333;	0.13333333333333333;	0.06666666666666667
1377413863;	1;	2699.99866;	21.599989280000003;	0.8;	97388.0;	22542.4;	0.0;	0.26666666666666666;	0.2;	0.13333333333333333
1377414163;	1;	2699.99866;	28.799985706666668;	1.0666666666666667;	97388.0;	29532.0;	0.0;	0.2;	0.2;	0.2
1377414463;	1;	2699.99866;	25.19998749333333;	0.9333333333333332;	97388.0;	35301.333333333336;	0.0;	0.26666666666666666;	0.5333333333333333;	0.4
1377414763;	1;	2699.99866;	21.599989280000003;	0.8;	97388.0;	33552.8;	0.0;	0.26666666666666666;	0.7333333333333333;	0.6666666666666666
1377415063;	1;	2699.99866;	28.799985706666668;	1.0666666666666667;	97388.0;	30581.6;	0.0;	0.26666666666666666;	0.06666666666666667;	0.06666666666666667
1377415363;	1;	2699.99866;	28.799985706666668;	1.0666666666666667;	97388.0;	38796.0;	0.0;	0.2;	0.2;	0.2
1377415663;	1;	2699.99866;	21.599989280000003;	0.8;	97388.0;	36874.13333333333;	0.0;	0.26666666666666666;	0.2;	0.2
1377415963;	1;	2699.99866;	28.799985706666668;	1.0666666666666667;	97388.0;	31980.0;	0.0;	0.2;	0.6;	0.6666666666666666
1377416263;	1;	2699.99866;	25.19998749333333;	0.9333333333333332;	97388.0;	31455.2;	0.0;	0.26666666666666666;	0.06666666666666667;	0.06666666666666667
1377416563;	1;	2699.99866;	21.599989280000003;	0.8;	97388.0;	29358.4;	0.0;	0.26666666666666666;	0.06666666666666667;	0.13333333333333333
1377416863;	1;	2699.99866;	25.19998749333333;	0.9333333333333332;	97388.0;	36699.2;	0.0;	0.3333333333333333;	0.26666666666666666;	0.26666666666666666
1377417163;	1;	2699.99866;	28.799985706666668;	1.0666666666666667;	97388.0;	29882.4;	0.0;	0.2;	0.06666666666666667;	0.06666666666666667
1377417463;	1;	2699.99866;	21.599989280000003;	0.8;	97388.0;	25688.8;	0.0;	0.13333333333333333;	0.13333333333333333;	0.13333333333333333
1377417763;	1;	2699.99866;	25.19998749333333;	0.9333333333333332;	97388.0;	26911.466666666667;	0.0;	0.3333333333333333;	0.13333333333333333;	0.2
1377418063;	1;	2699.99866;	28.799985706666668;	1.0666666666666667;	97388.0;	33028.26666666667;	0.0;	0.2;	0.2;	0.06666666666666667
1377418363;	1;	2699.99866;	21.599989280000003;	0.8;	97388.0;	34076.8;	0.0;	0.13333333333333333;	0.8;	0.8666666666666667
1377418663;	1;	2699.99866;	25.19998749333333;	0.9333333333333332;	97388.0;	32504.0;	0.0;	0.3333333333333333;	0.06666666666666667;	0.06666666666666667
1377418963;	1;	2699.99866;	26.999986600000003;	1.0;	97388.0;	39844.8;	0.0;	0.2;	0.0;	0.06666666666666667
1377419263;	1;	2699.99866;	23.399988386666667;	0.8666666666666667;	97388.0;	37572.8;	0.0;	0.26666666666666666;	0.13333333333333333;	0.13333333333333333
1377419564;	1;	2699.99866;	21.599989280000003;	0.8;	97388.0;	33552.8;	0.0;	0.26666666666666666;	0.7333333333333333;	0.7333333333333333
1377419864;	1;	2699.99866;	28.799985706666668;	1.0666666666666667;	97388.0;	31804.533333333333;	0.0;	0.2;	0.2;	0.13333333333333333
1377420164;	1;	2699.99866;	25.19998749333333;	0.9333333333333332;	97388.0;	34250.933333333334;	0.0;	0.26666666666666666;	0.13333333333333333;	0.13333333333333333
1377420464;	1;	2699.99866;	21.599989280000003;	0.8;	97388.0;	40369.6;	0.0;	0.3333333333333333;	0.13333333333333333;	0.13333333333333333
1377420764;	1;	2699.99866;	25.19998749333333;	0.9333333333333332;	97388.0;	34600.8;	0.0;	0.26666666666666666;	0.13333333333333333;	0.13333333333333333
1377421064;	1;	2699.99866;	28.799985706666668;	1.0666666666666667;	97388.0;	27785.6;	0.0;	0.26666666666666666;	0.26666666666666666;	0.26666666666666666
1377421364;	1;	2699.99866;	21.599989280000003;	0.8;	97388.0;	34601.6;	0.0;	0.13333333333333333;	0.4;	0.4
1377421664;	1;	2699.99866;	25.19998749333333;	0.9333333333333332;	97388.0;	29357.6;	0.0;	0.26666666666666666;	0.13333333333333333;	0.13333333333333333
1377421964;	1;	2699.99866;	28.799985706666668;	1.0666666666666667;	97388.0;	31629.066666666666;	0.0;	0.2;	0.8;	0.8
1377422264;	1;	2699.99866;	21.599989280000003;	0.8;	97388.0;	31280.266666666666;	0.0;	0.2;	0.4;	0.4
1377422564;	1;	2699.99866;	21.599989280000003;	0.8;	97388.0;	31979.2;	0.0;	0.26666666666666666;	0.13333333333333333;	0.06666666666666667
1377422864;	1;	2699.99866;	28.799985706666668;	1.0666666666666667;	97388.0;	28832.8;	0.0;	0.26666666666666666;	0.13333333333333333;	0.13333333333333333
1377423164;	1;	2699.99866;	25.19998749333333;	0.9333333333333332;	97388.0;	28310.4;	0.0;	0.2;	0.8;	0.6666666666666666
1377423464;	1;	2699.99866;	21.599989280000003;	0.8;	97388.0;	31455.2;	0.0;	0.13333333333333333;	0.2;	0.13333333333333333
1377424064;	1;	2699.99866;	0.0;	0.0;	97388.0;	18872.266666666666;	0.0;	0.13333333333333333;	0.2;	0.13333333333333333
1377424364;	1;	2699.99866;	10.799994640000001;	0.4;	97388.0;	17649.066666666666;	0.0;	0.06666666666666667;	0.2;	0.13333333333333333
1377424663;	1;	2699.99866;	25.19998749333333;	0.9333333333333332;	97388.0;	27435.733333333334;	0.0;	0.3333333333333333;	0.2;	0.2
1377424963;	1;	2699.99866;	28.799985706666668;	1.0666666666666667;	97388.0;	33029.066666666666;	0.0;	0.26666666666666666;	0.2;	0.2
1377425263;	1;	2699.99866;	21.599989280000003;	0.8;	97388.0;	33552.8;	0.0;	0.26666666666666666;	0.26666666666666666;	0.2
1377425563;	1;	2699.99866;	32.39998392;	1.2;	97388.0;	32504.8;	0.0;	0.2;	0.8;	0.8
1377425863;	1;	2699.99866;	21.599989280000003;	0.8;	97388.0;	29358.4;	0.0;	0.2;	0.13333333333333333;	0.13333333333333333
1377426163;	1;	2699.99866;	28.799985706666668;	1.0666666666666667;	97388.0;	29358.133333333335;	0.0;	0.26666666666666666;	0.13333333333333333;	0.13333333333333333
1377426463;	1;	2699.99866;	25.19998749333333;	0.9333333333333332;	97388.0;	38794.4;	0.0;	0.26666666666666666;	0.2;	0.2
1377426763;	1;	2699.99866;	25.19998749333333;	0.9333333333333332;	97388.0;	25337.866666666665;	0.0;	0.4;	0.8;	0.7333333333333333
1377427063;	1;	2699.99866;	28.799985706666668;	1.0666666666666667;	97388.0;	29882.4;	0.0;	0.2;	0.13333333333333333;	0.2
1377427363;	1;	2699.99866;	21.599989280000003;	0.8;	97388.0;	33727.46666666667;	0.0;	0.26666666666666666;	0.06666666666666667;	0.13333333333333333
1377427663;	1;	2699.99866;	32.39998392;	1.2;	97388.0;	34600.8;	0.0;	0.4;	0.13333333333333333;	0.13333333333333333
1377427963;	1;	2699.99866;	21.599989280000003;	0.8;	97388.0;	31979.2;	0.0;	0.13333333333333333;	0.06666666666666667;	0.06666666666666667
1377428263;	1;	2699.99866;	26.999986600000003;	1.0;	97388.0;	32503.2;	0.0;	0.2;	0.26666666666666666;	0.26666666666666666
1377428563;	1;	2699.99866;	25.19998749333333;	0.9333333333333332;	97388.0;	32504.0;	0.0;	0.13333333333333333;	0.2;	0.2
1377428863;	1;	2699.99866;	25.19998749333333;	0.9333333333333332;	97388.0;	31454.4;	0.0;	0.4;	0.2;	0.06666666666666667
1377429163;	1;	2699.99866;	28.799985706666668;	1.0666666666666667;	97388.0;	35125.6;	0.0;	0.26666666666666666;	0.8;	0.7333333333333333
1377429463;	1;	2699.99866;	21.599989280000003;	0.8;	97388.0;	31455.2;	0.0;	0.26666666666666666;	0.13333333333333333;	0.13333333333333333
1377429763;	1;	2699.99866;	32.39998392;	1.2;	97388.0;	27784.8;	0.0;	0.3333333333333333;	0.13333333333333333;	0.13333333333333333
1377430063;	1;	2699.99866;	21.599989280000003;	0.8;	97388.0;	33028.0;	0.0;	0.26666666666666666;	0.13333333333333333;	0.06666666666666667
1377430363;	1;	2699.99866;	26.999986600000003;	1.0;	97388.0;	30755.733333333334;	0.0;	0.2;	0.6666666666666666;	0.6666666666666666
1377430664;	1;	2699.99866;	25.19998749333333;	0.9333333333333332;	97388.0;	28309.6;	0.0;	0.13333333333333333;	0.13333333333333333;	0.06666666666666667
1377430964;	1;	2699.99866;	25.19998749333333;	0.9333333333333332;	97388.0;	30755.733333333334;	0.0;	0.4;	0.13333333333333333;	0.13333333333333333
1377431264;	1;	2699.99866;	28.799985706666668;	1.0666666666666667;	97388.0;	32504.0;	0.0;	0.3333333333333333;	0.13333333333333333;	0.13333333333333333
1377431564;	1;	2699.99866;	21.599989280000003;	0.8;	97388.0;	39844.0;	0.0;	0.2;	0.13333333333333333;	0.06666666666666667
1377431864;	1;	2699.99866;	32.39998392;	1.2;	97388.0;	33028.0;	0.0;	0.26666666666666666;	0.06666666666666667;	0.06666666666666667
1377432164;	1;	2699.99866;	21.599989280000003;	0.8;	97388.0;	35125.86666666667;	0.0;	0.13333333333333333;	0.4666666666666667;	0.4666666666666667
1377432464;	1;	2699.99866;	28.799985706666668;	1.0666666666666667;	97388.0;	33726.666666666664;	0.0;	0.26666666666666666;	0.13333333333333333;	0.13333333333333333
1377432764;	1;	2699.99866;	25.19998749333333;	0.9333333333333332;	97388.0;	30056.0;	0.0;	0.13333333333333333;	0.8;	0.7333333333333333
1377433064;	1;	2699.99866;	25.19998749333333;	0.9333333333333332;	97388.0;	33028.0;	0.0;	0.4666666666666667;	0.13333333333333333;	0.13333333333333333
1377433364;	1;	2699.99866;	28.799985706666668;	1.0666666666666667;	97388.0;	31455.2;	0.0;	0.26666666666666666;	0.13333333333333333;	0.06666666666666667
1377433664;	1;	2699.99866;	19.799990173333335;	0.7333333333333333;	97388.0;	31979.2;	0.0;	0.3333333333333333;	0.3333333333333333;	0.3333333333333333
1377433964;	1;	2699.99866;	32.39998392;	1.2;	97388.0;	27260.8;	0.0;	0.26666666666666666;	0.8;	0.8
1377434264;	1;	2699.99866;	21.599989280000003;	0.8;	97388.0;	32504.0;	0.0;	0.13333333333333333;	0.2;	0.13333333333333333
1377434564;	1;	2699.99866;	28.799985706666668;	1.0666666666666667;	97388.0;	32504.0;	0.0;	0.2;	0.2;	0.2
1377434864;	1;	2699.99866;	25.19998749333333;	0.9333333333333332;	97388.0;	27785.6;	0.0;	0.4666666666666667;	0.2;	0.13333333333333333
1377435164;	1;	2699.99866;	28.799985706666668;	1.0666666666666667;	97388.0;	30582.133333333335;	0.0;	1.0666666666666667;	0.13333333333333333;	0.13333333333333333
1377435464;	1;	2699.99866;	25.19998749333333;	0.9333333333333332;	97388.0;	36173.6;	0.0;	0.26666666666666666;	0.2;	0.13333333333333333
1377435764;	1;	2699.99866;	23.399988386666667;	0.8666666666666667;	97388.0;	33553.6;	0.0;	0.3333333333333333;	0.2;	0.2
1377436064;	1;	2699.99866;	30.599984813333336;	1.1333333333333333;	97388.0;	27260.8;	0.0;	0.3333333333333333;	0.2;	0.13333333333333333
1377436364;	1;	2699.99866;	21.599989280000003;	0.8;	97388.0;	30931.2;	0.0;	0.13333333333333333;	0.7333333333333333;	0.7333333333333333
1377436664;	1;	2699.99866;	32.39998392;	1.2;	97388.0;	32852.53333333333;	0.0;	0.26666666666666666;	0.2;	0.13333333333333333
1377436964;	1;	2699.99866;	21.599989280000003;	0.8;	97388.0;	30405.6;	0.0;	0.13333333333333333;	0.13333333333333333;	0.06666666666666667
1377437264;	1;	2699.99866;	28.799985706666668;	1.0666666666666667;	97388.0;	29356.8;	0.0;	0.2;	0.2;	0.13333333333333333
1377437564;	1;	2699.99866;	25.19998749333333;	0.9333333333333332;	97388.0;	31455.2;	0.0;	0.26666666666666666;	1.0;	1.0
1377437864;	1;	2699.99866;	23.399988386666667;	0.8666666666666667;	97388.0;	33552.8;	0.0;	0.26666666666666666;	0.26666666666666666;	0.26666666666666666
1377438164;	1;	2699.99866;	30.599984813333336;	1.1333333333333333;	97388.0;	30931.2;	0.0;	0.3333333333333333;	0.2;	0.13333333333333333
1377438464;	1;	2699.99866;	21.599989280000003;	0.8;	97388.0;	35124.8;	0.0;	0.3333333333333333;	0.2;	0.2
1377438764;	1;	2699.99866;	28.799985706666668;	1.0666666666666667;	97388.0;	32504.0;	0.0;	0.2;	0.13333333333333333;	0.13333333333333333
1377439064;	1;	2699.99866;	25.19998749333333;	0.9333333333333332;	97388.0;	26910.666666666668;	0.0;	0.2;	0.13333333333333333;	0.13333333333333333
1377439364;	1;	2699.99866;	25.19998749333333;	0.9333333333333332;	97388.0;	27261.066666666666;	0.0;	0.3333333333333333;	0.26666666666666666;	0.2
1377439664;	1;	2699.99866;	28.799985706666668;	1.0666666666666667;	97388.0;	35648.8;	0.0;	0.26666666666666666;	0.2;	0.13333333333333333
1377439964;	1;	2699.99866;	21.599989280000003;	0.8;	97388.0;	36174.4;	0.0;	0.26666666666666666;	0.7333333333333333;	0.7333333333333333
1377440264;	1;	2699.99866;	32.39998392;	1.2;	97388.0;	32853.333333333336;	0.0;	0.3333333333333333;	0.4;	0.4
1377440564;	1;	2699.99866;	21.599989280000003;	0.8;	97388.0;	34426.933333333334;	0.0;	0.13333333333333333;	0.2;	0.2
1377440864;	1;	2699.99866;	28.799985706666668;	1.0666666666666667;	97388.0;	32154.133333333335;	0.0;	0.2;	0.2;	0.2
1377441164;	1;	2699.99866;	25.19998749333333;	0.9333333333333332;	97388.0;	34076.8;	0.0;	0.2;	0.6666666666666666;	0.6666666666666666
1377441464;	1;	2699.99866;	25.19998749333333;	0.9333333333333332;	97388.0;	32154.133333333335;	0.0;	0.4;	0.2;	0.2
1377441764;	1;	2699.99866;	28.799985706666668;	1.0666666666666667;	97388.0;	30057.333333333332;	0.0;	0.26666666666666666;	0.26666666666666666;	0.2
1377442064;	1;	2699.99866;	21.599989280000003;	0.8;	97388.0;	29182.933333333334;	0.0;	0.4;	0.2;	0.2
1377442364;	1;	2699.99866;	32.39998392;	1.2;	97388.0;	30231.466666666667;	0.0;	0.26666666666666666;	0.2;	0.2
1377442665;	1;	2699.99866;	21.599989280000003;	0.8;	97388.0;	26562.4;	0.0;	0.13333333333333333;	0.2;	0.2
1377442965;	1;	2699.99866;	28.799985706666668;	1.0666666666666667;	97388.0;	27260.8;	0.0;	0.2;	0.26666666666666666;	0.2
1377443265;	1;	2699.99866;	25.19998749333333;	0.9333333333333332;	97388.0;	29532.8;	0.0;	0.13333333333333333;	0.4;	0.26666666666666666
1377443565;	1;	2699.99866;	25.19998749333333;	0.9333333333333332;	97388.0;	34252.0;	0.0;	0.3333333333333333;	0.8;	0.6666666666666666
1377443865;	1;	2699.99866;	28.799985706666668;	1.0666666666666667;	97388.0;	26911.2;	0.0;	0.26666666666666666;	0.2;	0.13333333333333333
1377444165;	1;	2699.99866;	21.599989280000003;	0.8;	97388.0;	31280.533333333333;	0.0;	0.26666666666666666;	0.6;	0.4666666666666667
1377444465;	1;	2699.99866;	32.39998392;	1.2;	97388.0;	29008.0;	0.0;	0.3333333333333333;	0.2;	0.13333333333333333
1377444765;	1;	2699.99866;	21.599989280000003;	0.8;	97388.0;	27434.933333333334;	0.0;	0.13333333333333333;	0.8;	0.7333333333333333
1377445065;	1;	2699.99866;	28.799985706666668;	1.0666666666666667;	97388.0;	33029.066666666666;	0.0;	0.2;	0.13333333333333333;	0.06666666666666667
1377445365;	1;	2699.99866;	25.19998749333333;	0.9333333333333332;	97388.0;	30057.6;	0.0;	0.13333333333333333;	0.13333333333333333;	0.06666666666666667
1377445665;	1;	2699.99866;	25.19998749333333;	0.9333333333333332;	97388.0;	29183.2;	0.0;	0.4666666666666667;	0.13333333333333333;	0.06666666666666667
1377445965;	1;	2699.99866;	28.799985706666668;	1.0666666666666667;	97388.0;	34950.4;	0.0;	0.2;	0.13333333333333333;	0.06666666666666667
1377446265;	1;	2699.99866;	21.599989280000003;	0.8;	97388.0;	35474.13333333333;	0.0;	0.26666666666666666;	0.13333333333333333;	0.06666666666666667
1377446565;	1;	2699.99866;	32.39998392;	1.2;	97388.0;	30930.133333333335;	0.0;	0.3333333333333333;	0.3333333333333333;	0.26666666666666666
1377446865;	1;	2699.99866;	21.599989280000003;	0.8;	97388.0;	36173.86666666667;	0.0;	0.2;	0.06666666666666667;	0.06666666666666667
1377447165;	1;	2699.99866;	28.799985706666668;	1.0666666666666667;	97388.0;	33376.53333333333;	0.0;	0.2;	0.9333333333333333;	0.8666666666666667
1377447465;	1;	2699.99866;	25.19998749333333;	0.9333333333333332;	97388.0;	32852.26666666667;	0.0;	0.26666666666666666;	0.13333333333333333;	0.06666666666666667
1377447765;	1;	2699.99866;	25.19998749333333;	0.9333333333333332;	97388.0;	30756.533333333333;	0.0;	0.4;	0.13333333333333333;	0.06666666666666667
1377448065;	1;	2699.99866;	28.799985706666668;	1.0666666666666667;	97388.0;	26037.866666666665;	0.0;	0.26666666666666666;	0.13333333333333333;	0.06666666666666667
1377448365;	1;	2699.99866;	21.599989280000003;	0.8;	97388.0;	30755.2;	0.0;	0.26666666666666666;	0.6666666666666666;	0.6
1377448665;	1;	2699.99866;	30.599984813333336;	1.1333333333333333;	97388.0;	30406.933333333334;	0.0;	0.2;	0.13333333333333333;	0.13333333333333333
1377448965;	1;	2699.99866;	21.599989280000003;	0.8;	97388.0;	32504.533333333333;	0.0;	0.13333333333333333;	0.06666666666666667;	0.06666666666666667
1377449265;	1;	2699.99866;	28.799985706666668;	1.0666666666666667;	97388.0;	29881.866666666665;	0.0;	0.4;	0.13333333333333333;	0.13333333333333333
1377449565;	1;	2699.99866;	25.19998749333333;	0.9333333333333332;	97388.0;	33028.53333333333;	0.0;	0.26666666666666666;	0.13333333333333333;	0.13333333333333333
1377449865;	1;	2699.99866;	25.19998749333333;	0.9333333333333332;	97388.0;	35650.13333333333;	0.0;	0.4;	0.13333333333333333;	0.13333333333333333
1377450165;	1;	2699.99866;	28.799985706666668;	1.0666666666666667;	97388.0;	32503.733333333334;	0.0;	0.26666666666666666;	0.26666666666666666;	0.2
1377450465;	1;	2699.99866;	21.599989280000003;	0.8;	97388.0;	33028.26666666667;	0.0;	0.26666666666666666;	0.13333333333333333;	0.13333333333333333
1377450765;	1;	2699.99866;	28.799985706666668;	1.0666666666666667;	97388.0;	31630.133333333335;	0.0;	0.2;	0.6666666666666666;	0.6666666666666666
1377451065;	1;	2699.99866;	25.19998749333333;	0.9333333333333332;	97388.0;	27959.733333333334;	0.0;	0.2;	0.26666666666666666;	0.26666666666666666
1377451365;	1;	2699.99866;	28.799985706666668;	1.0666666666666667;	97388.0;	36698.4;	0.0;	0.26666666666666666;	0.06666666666666667;	0.06666666666666667
1377451665;	1;	2699.99866;	25.19998749333333;	0.9333333333333332;	97388.0;	38097.333333333336;	0.0;	0.26666666666666666;	0.2;	0.13333333333333333
1377451965;	1;	2699.99866;	25.19998749333333;	0.9333333333333332;	97388.0;	33026.933333333334;	0.0;	0.26666666666666666;	0.6666666666666666;	0.6666666666666666
1377452265;	1;	2699.99866;	28.799985706666668;	1.0666666666666667;	97388.0;	28659.466666666667;	0.0;	0.26666666666666666;	0.13333333333333333;	0.13333333333333333
1377452566;	1;	2699.99866;	21.599989280000003;	0.8;	97388.0;	33028.8;	0.0;	0.13333333333333333;	0.3333333333333333;	0.3333333333333333
1377452866;	1;	2699.99866;	26.999986600000003;	1.0;	97388.0;	27610.933333333334;	0.0;	0.3333333333333333;	0.3333333333333333;	0.3333333333333333
1377453166;	1;	2699.99866;	25.19998749333333;	0.9333333333333332;	97388.0;	26037.333333333332;	0.0;	0.2;	0.2;	0.2
1377453466;	1;	2699.99866;	25.19998749333333;	0.9333333333333332;	97388.0;	32503.2;	0.0;	0.3333333333333333;	0.2;	0.13333333333333333
1377453766;	1;	2699.99866;	28.799985706666668;	1.0666666666666667;	97388.0;	30057.066666666666;	0.0;	0.26666666666666666;	0.26666666666666666;	0.26666666666666666
1377454066;	1;	2699.99866;	21.599989280000003;	0.8;	97388.0;	31979.733333333334;	0.0;	0.3333333333333333;	0.2;	0.2
1377454366;	1;	2699.99866;	32.39998392;	1.2;	97388.0;	30930.4;	0.0;	0.2;	0.8;	0.8
1377454666;	1;	2699.99866;	21.599989280000003;	0.8;	97388.0;	29358.4;	0.0;	0.2;	0.3333333333333333;	0.26666666666666666
1377454966;	1;	2699.99866;	28.799985706666668;	1.0666666666666667;	97388.0;	30406.933333333334;	0.0;	0.2;	0.26666666666666666;	0.2
1377455266;	1;	2699.99866;	25.19998749333333;	0.9333333333333332;	97388.0;	33377.333333333336;	0.0;	0.2;	0.2;	0.2
1377455566;	1;	2699.99866;	25.19998749333333;	0.9333333333333332;	97388.0;	41242.13333333333;	0.0;	0.4;	0.7333333333333333;	0.6666666666666666
1377455866;	1;	2699.99866;	28.799985706666668;	1.0666666666666667;	97388.0;	36348.26666666667;	0.0;	0.2;	0.13333333333333333;	0.13333333333333333
1377456166;	1;	2699.99866;	21.599989280000003;	0.8;	97388.0;	32329.066666666666;	0.0;	0.2;	0.13333333333333333;	0.13333333333333333
1377456466;	1;	2699.99866;	28.799985706666668;	1.0666666666666667;	97388.0;	34776.0;	0.0;	0.3333333333333333;	0.3333333333333333;	0.2
1377456766;	1;	2699.99866;	25.19998749333333;	0.9333333333333332;	97388.0;	26910.666666666668;	0.0;	0.13333333333333333;	0.06666666666666667;	0.06666666666666667
1377457066;	1;	2699.99866;	21.599989280000003;	0.8;	97388.0;	27086.933333333334;	0.0;	0.2;	0.06666666666666667;	0.06666666666666667
1377457366;	1;	2699.99866;	25.19998749333333;	0.9333333333333332;	97388.0;	30406.133333333335;	0.0;	0.3333333333333333;	0.2;	0.26666666666666666
1377457666;	1;	2699.99866;	28.799985706666668;	1.0666666666666667;	97388.0;	37048.53333333333;	0.0;	0.2;	0.13333333333333333;	0.13333333333333333
1377457966;	1;	2699.99866;	21.599989280000003;	0.8;	97388.0;	36348.8;	0.0;	0.2;	0.6666666666666666;	0.6666666666666666
1377458266;	1;	2699.99866;	23.399988386666667;	0.8666666666666667;	97388.0;	34600.8;	0.0;	0.4;	0.26666666666666666;	0.26666666666666666
1377458566;	1;	2699.99866;	26.999986600000003;	1.0;	97388.0;	29356.8;	0.0;	0.2;	0.06666666666666667;	0.06666666666666667
1377458866;	1;	2699.99866;	25.19998749333333;	0.9333333333333332;	97388.0;	27086.933333333334;	0.0;	0.26666666666666666;	0.26666666666666666;	0.2
1377459166;	1;	2699.99866;	21.599989280000003;	0.8;	97388.0;	31280.266666666666;	0.0;	0.3333333333333333;	0.6;	0.6
1377459466;	1;	2699.99866;	25.19998749333333;	0.9333333333333332;	97388.0;	30405.866666666665;	0.0;	0.26666666666666666;	0.06666666666666667;	0.06666666666666667
1377459766;	1;	2699.99866;	28.799985706666668;	1.0666666666666667;	97388.0;	32853.333333333336;	0.0;	0.13333333333333333;	0.06666666666666667;	0.06666666666666667
1377460066;	1;	2699.99866;	21.599989280000003;	0.8;	97388.0;	29532.0;	0.0;	0.3333333333333333;	0.5333333333333333;	0.5333333333333333
1377460366;	1;	2699.99866;	25.19998749333333;	0.9333333333333332;	97388.0;	34425.86666666667;	0.0;	0.3333333333333333;	0.06666666666666667;	0.06666666666666667
1377460666;	1;	2699.99866;	25.19998749333333;	0.9333333333333332;	97388.0;	32154.4;	0.0;	0.2;	0.13333333333333333;	0.13333333333333333
1377460966;	1;	2699.99866;	25.19998749333333;	0.9333333333333332;	97388.0;	30406.133333333335;	0.0;	0.2;	0.2;	0.26666666666666666
1377461266;	1;	2699.99866;	21.599989280000003;	0.8;	97388.0;	34076.0;	0.0;	0.26666666666666666;	0.06666666666666667;	0.06666666666666667
1377461566;	1;	2699.99866;	28.799985706666668;	1.0666666666666667;	97388.0;	33202.4;	0.0;	0.2;	0.7333333333333333;	0.7333333333333333
1377461866;	1;	2699.99866;	25.19998749333333;	0.9333333333333332;	97388.0;	34950.4;	0.0;	0.3333333333333333;	0.13333333333333333;	0.13333333333333333
1377462166;	1;	2699.99866;	21.599989280000003;	0.8;	97388.0;	33902.4;	0.0;	0.2;	0.13333333333333333;	0.06666666666666667
1377462466;	1;	2699.99866;	25.19998749333333;	0.9333333333333332;	97388.0;	33203.46666666667;	0.0;	0.26666666666666666;	0.06666666666666667;	0.06666666666666667
1377462766;	1;	2699.99866;	28.799985706666668;	1.0666666666666667;	97388.0;	30930.133333333335;	0.0;	0.26666666666666666;	0.6;	0.6
1377463066;	1;	2699.99866;	21.599989280000003;	0.8;	97388.0;	33028.53333333333;	0.0;	0.13333333333333333;	0.26666666666666666;	0.2
1377463366;	1;	2699.99866;	23.399988386666667;	0.8666666666666667;	97388.0;	31279.733333333334;	0.0;	0.4;	0.13333333333333333;	0.13333333333333333
1377463666;	1;	2699.99866;	28.799985706666668;	1.0666666666666667;	97388.0;	29707.733333333334;	0.0;	0.26666666666666666;	0.13333333333333333;	0.13333333333333333
1377463966;	1;	2699.99866;	21.599989280000003;	0.8;	97388.0;	29882.4;	0.0;	0.13333333333333333;	0.06666666666666667;	0.06666666666666667
1377464266;	1;	2699.99866;	21.599989280000003;	0.8;	97388.0;	30406.666666666668;	0.0;	0.26666666666666666;	0.26666666666666666;	0.26666666666666666
1377464566;	1;	2699.99866;	28.799985706666668;	1.0666666666666667;	97388.0;	35474.666666666664;	0.0;	0.2;	0.3333333333333333;	0.26666666666666666
1377464866;	1;	2699.99866;	25.19998749333333;	0.9333333333333332;	97388.0;	34252.0;	0.0;	0.26666666666666666;	0.13333333333333333;	0.13333333333333333
1377465167;	1;	2699.99866;	21.599989280000003;	0.8;	97388.0;	31454.933333333334;	0.0;	0.13333333333333333;	0.8;	0.8
1377465467;	1;	2699.99866;	25.19998749333333;	0.9333333333333332;	97388.0;	29707.466666666667;	0.0;	0.3333333333333333;	0.2;	0.2
1377465767;	1;	2699.99866;	28.799985706666668;	1.0666666666666667;	97388.0;	30231.466666666667;	0.0;	0.2;	0.2;	0.2
1377466067;	1;	2699.99866;	21.599989280000003;	0.8;	97388.0;	26387.733333333334;	0.0;	0.2;	0.2;	0.2
1377466367;	1;	2699.99866;	21.599989280000003;	0.8;	97388.0;	25861.866666666665;	0.0;	0.3333333333333333;	0.7333333333333333;	0.6666666666666666
1377466667;	1;	2699.99866;	25.19998749333333;	0.9333333333333332;	97388.0;	33028.0;	0.0;	0.2;	0.13333333333333333;	0.13333333333333333
1377466967;	1;	2699.99866;	28.799985706666668;	1.0666666666666667;	97388.0;	34600.8;	0.0;	0.2;	0.06666666666666667;	0.06666666666666667
1377467267;	1;	2699.99866;	21.599989280000003;	0.8;	97388.0;	26561.6;	0.0;	0.4;	0.2;	0.26666666666666666
1377467567;	1;	2699.99866;	25.19998749333333;	0.9333333333333332;	97388.0;	30056.8;	0.0;	0.3333333333333333;	0.13333333333333333;	0.2
1377467867;	1;	2699.99866;	28.799985706666668;	1.0666666666666667;	97388.0;	39669.066666666666;	0.0;	0.13333333333333333;	0.2;	0.2
1377468167;	1;	2699.99866;	21.599989280000003;	0.8;	97388.0;	37571.2;	0.0;	0.2;	0.3333333333333333;	0.3333333333333333
1377468467;	1;	2699.99866;	21.599989280000003;	0.8;	97388.0;	32503.733333333334;	0.0;	0.26666666666666666;	0.13333333333333333;	0.13333333333333333
1377468767;	1;	2699.99866;	28.799985706666668;	1.0666666666666667;	97388.0;	28134.4;	0.0;	0.2;	0.7333333333333333;	0.6666666666666666
1377469067;	1;	2699.99866;	25.19998749333333;	0.9333333333333332;	97388.0;	29707.466666666667;	0.0;	0.26666666666666666;	0.13333333333333333;	0.13333333333333333
1377469367;	1;	2699.99866;	21.599989280000003;	0.8;	97388.0;	29707.466666666667;	0.0;	0.2;	0.13333333333333333;	0.13333333333333333
1377469667;	1;	2699.99866;	26.999986600000003;	1.0;	97388.0;	26736.533333333333;	0.0;	0.26666666666666666;	0.13333333333333333;	0.13333333333333333
1377469967;	1;	2699.99866;	26.999986600000003;	1.0;	97388.0;	34426.666666666664;	0.0;	0.26666666666666666;	0.8;	0.7333333333333333
1377470267;	1;	2699.99866;	21.599989280000003;	0.8;	97388.0;	36873.333333333336;	0.0;	0.13333333333333333;	0.06666666666666667;	0.06666666666666667
1377470567;	1;	2699.99866;	25.19998749333333;	0.9333333333333332;	97388.0;	28483.733333333334;	0.0;	0.4;	0.13333333333333333;	0.06666666666666667
1377470867;	1;	2699.99866;	28.799985706666668;	1.0666666666666667;	97388.0;	35999.2;	0.0;	0.3333333333333333;	0.13333333333333333;	0.06666666666666667
1377471167;	1;	2699.99866;	19.799990173333335;	0.7333333333333333;	97388.0;	35300.0;	0.0;	0.13333333333333333;	0.26666666666666666;	0.26666666666666666
1377471467;	1;	2699.99866;	21.599989280000003;	0.8;	97388.0;	32329.066666666666;	0.0;	0.4;	0.13333333333333333;	0.06666666666666667
1377471767;	1;	2699.99866;	28.799985706666668;	1.0666666666666667;	97388.0;	32853.6;	0.0;	0.2;	0.2;	0.2
1377472067;	1;	2699.99866;	25.19998749333333;	0.9333333333333332;	97388.0;	30930.4;	0.0;	0.26666666666666666;	0.26666666666666666;	0.26666666666666666
1377472367;	1;	2699.99866;	21.599989280000003;	0.8;	97388.0;	30407.2;	0.0;	0.2;	0.7333333333333333;	0.6666666666666666
1377472667;	1;	2699.99866;	28.799985706666668;	1.0666666666666667;	97388.0;	37921.86666666667;	0.0;	0.3333333333333333;	0.06666666666666667;	0.06666666666666667
1377472967;	1;	2699.99866;	25.19998749333333;	0.9333333333333332;	97388.0;	35650.13333333333;	0.0;	0.26666666666666666;	0.13333333333333333;	0.13333333333333333
1377473267;	1;	2699.99866;	21.599989280000003;	0.8;	97388.0;	29882.933333333334;	0.0;	0.26666666666666666;	0.13333333333333333;	0.06666666666666667
1377473567;	1;	2699.99866;	23.399988386666667;	0.8666666666666667;	97388.0;	31804.533333333333;	0.0;	0.26666666666666666;	0.6666666666666666;	0.6
1377473867;	1;	2699.99866;	26.999986600000003;	1.0;	97388.0;	31455.2;	0.0;	0.13333333333333333;	0.13333333333333333;	0.06666666666666667
1377474167;	1;	2699.99866;	25.19998749333333;	0.9333333333333332;	97388.0;	34426.933333333334;	0.0;	0.2;	0.13333333333333333;	0.06666666666666667
1377474467;	1;	2699.99866;	21.599989280000003;	0.8;	97388.0;	28309.6;	0.0;	0.3333333333333333;	0.13333333333333333;	0.13333333333333333
1377474767;	1;	2699.99866;	28.799985706666668;	1.0666666666666667;	97388.0;	31105.866666666665;	0.0;	0.2;	0.06666666666666667;	0.13333333333333333
1377475067;	1;	2699.99866;	25.19998749333333;	0.9333333333333332;	97388.0;	38446.4;	0.0;	0.26666666666666666;	0.2;	0.2
1377475367;	1;	2699.99866;	21.599989280000003;	0.8;	97388.0;	29183.2;	0.0;	0.13333333333333333;	0.13333333333333333;	0.13333333333333333
1377475667;	1;	2699.99866;	25.19998749333333;	0.9333333333333332;	97388.0;	29708.266666666666;	0.0;	0.4;	0.13333333333333333;	0.06666666666666667
1377475967;	1;	2699.99866;	28.799985706666668;	1.0666666666666667;	97388.0;	34426.666666666664;	0.0;	0.2;	0.7333333333333333;	0.6666666666666666
1377476267;	1;	2699.99866;	21.599989280000003;	0.8;	97388.0;	30231.466666666667;	0.0;	0.26666666666666666;	0.2;	0.2
1377476567;	1;	2699.99866;	25.19998749333333;	0.9333333333333332;	97388.0;	31804.266666666666;	0.0;	0.26666666666666666;	0.13333333333333333;	0.06666666666666667
1377476867;	1;	2699.99866;	28.799985706666668;	1.0666666666666667;	97388.0;	31280.533333333333;	0.0;	0.2;	0.13333333333333333;	0.13333333333333333
1377477168;	1;	2699.99866;	21.599989280000003;	0.8;	97388.0;	31280.266666666666;	0.0;	0.13333333333333333;	0.8;	0.7333333333333333
1377477468;	1;	2699.99866;	21.599989280000003;	0.8;	97388.0;	30406.133333333335;	0.0;	0.26666666666666666;	0.3333333333333333;	0.3333333333333333
1377477768;	1;	2699.99866;	28.799985706666668;	1.0666666666666667;	97388.0;	35300.8;	0.0;	0.3333333333333333;	0.13333333333333333;	0.13333333333333333
1377478068;	1;	2699.99866;	25.19998749333333;	0.9333333333333332;	97388.0;	30930.4;	0.0;	0.4;	0.13333333333333333;	0.2
1377478368;	1;	2699.99866;	21.599989280000003;	0.8;	97388.0;	31280.266666666666;	0.0;	0.2;	0.13333333333333333;	0.13333333333333333
1377478668;	1;	2699.99866;	28.799985706666668;	1.0666666666666667;	97388.0;	35299.46666666667;	0.0;	0.2;	0.2;	0.13333333333333333
1377478968;	1;	2699.99866;	25.19998749333333;	0.9333333333333332;	97388.0;	35474.933333333334;	0.0;	0.26666666666666666;	0.26666666666666666;	0.26666666666666666
1377479268;	1;	2699.99866;	21.599989280000003;	0.8;	97388.0;	34601.6;	0.0;	0.26666666666666666;	0.2;	0.2
1377479568;	1;	2699.99866;	25.19998749333333;	0.9333333333333332;	97388.0;	28308.8;	0.0;	0.26666666666666666;	0.6666666666666666;	0.7333333333333333
1377479868;	1;	2699.99866;	28.799985706666668;	1.0666666666666667;	97388.0;	32853.6;	0.0;	0.3333333333333333;	0.2;	0.26666666666666666
1377480168;	1;	2699.99866;	21.599989280000003;	0.8;	97388.0;	35824.8;	0.0;	0.13333333333333333;	0.13333333333333333;	0.2
1377480468;	1;	2699.99866;	25.19998749333333;	0.9333333333333332;	97388.0;	29707.466666666667;	0.0;	0.3333333333333333;	0.2;	0.2
1377480768;	1;	2699.99866;	28.799985706666668;	1.0666666666666667;	97388.0;	33028.26666666667;	0.0;	0.2;	0.7333333333333333;	0.6666666666666666
1377481068;	1;	2699.99866;	21.599989280000003;	0.8;	97388.0;	27609.6;	0.0;	0.2;	0.2;	0.13333333333333333
1377481368;	1;	2699.99866;	21.599989280000003;	0.8;	97388.0;	33027.73333333333;	0.0;	0.26666666666666666;	0.13333333333333333;	0.13333333333333333
1377481668;	1;	2699.99866;	28.799985706666668;	1.0666666666666667;	97388.0;	28134.4;	0.0;	0.3333333333333333;	0.2;	0.2
1377481968;	1;	2699.99866;	25.19998749333333;	0.9333333333333332;	97388.0;	33727.73333333333;	0.0;	0.2;	0.13333333333333333;	0.13333333333333333
1377482268;	1;	2699.99866;	21.599989280000003;	0.8;	97388.0;	44562.4;	0.0;	0.26666666666666666;	0.13333333333333333;	0.13333333333333333
1377482568;	1;	2699.99866;	28.799985706666668;	1.0666666666666667;	97388.0;	37747.46666666667;	0.0;	0.26666666666666666;	0.2;	0.2
1377482868;	1;	2699.99866;	25.19998749333333;	0.9333333333333332;	97388.0;	29008.0;	0.0;	0.26666666666666666;	0.26666666666666666;	0.26666666666666666
1377483168;	1;	2699.99866;	21.599989280000003;	0.8;	97388.0;	32679.2;	0.0;	0.26666666666666666;	0.7333333333333333;	0.7333333333333333
1377483468;	1;	2699.99866;	28.799985706666668;	1.0666666666666667;	97388.0;	30232.0;	0.0;	0.26666666666666666;	0.13333333333333333;	0.06666666666666667
1377483768;	1;	2699.99866;	25.19998749333333;	0.9333333333333332;	97388.0;	32504.0;	0.0;	0.2;	0.13333333333333333;	0.06666666666666667
1377484068;	1;	2699.99866;	21.599989280000003;	0.8;	97388.0;	35474.666666666664;	0.0;	0.26666666666666666;	0.3333333333333333;	0.3333333333333333
1377484368;	1;	2699.99866;	25.19998749333333;	0.9333333333333332;	97388.0;	34601.333333333336;	0.0;	0.26666666666666666;	0.6;	0.5333333333333333
1377484668;	1;	2699.99866;	28.799985706666668;	1.0666666666666667;	97388.0;	35649.333333333336;	0.0;	0.2;	0.2;	0.13333333333333333
1377484968;	1;	2699.99866;	21.599989280000003;	0.8;	97388.0;	32153.6;	0.0;	0.13333333333333333;	0.13333333333333333;	0.06666666666666667
1377485268;	1;	2699.99866;	25.19998749333333;	0.9333333333333332;	97388.0;	28833.333333333332;	0.0;	0.3333333333333333;	0.2;	0.06666666666666667
1377485568;	1;	2699.99866;	28.799985706666668;	1.0666666666666667;	97388.0;	31804.0;	0.0;	0.2;	0.13333333333333333;	0.06666666666666667
1377485868;	1;	2699.99866;	21.599989280000003;	0.8;	97388.0;	28658.666666666668;	0.0;	0.13333333333333333;	0.06666666666666667;	0.06666666666666667
1377486168;	1;	2699.99866;	21.599989280000003;	0.8;	97388.0;	33552.8;	0.0;	0.26666666666666666;	0.2;	0.13333333333333333
1377486468;	1;	2699.99866;	28.799985706666668;	1.0666666666666667;	97388.0;	27959.2;	0.0;	0.26666666666666666;	0.06666666666666667;	0.06666666666666667
1377486768;	1;	2699.99866;	25.19998749333333;	0.9333333333333332;	97388.0;	31280.533333333333;	0.0;	0.13333333333333333;	0.8;	0.7333333333333333
1377487068;	1;	2699.99866;	21.599989280000003;	0.8;	97388.0;	30405.866666666665;	0.0;	0.26666666666666666;	0.26666666666666666;	0.13333333333333333
1377487368;	1;	2699.99866;	28.799985706666668;	1.0666666666666667;	97388.0;	30755.466666666667;	0.0;	0.2;	0.06666666666666667;	0.06666666666666667
1377487668;	1;	2699.99866;	25.19998749333333;	0.9333333333333332;	97388.0;	30230.933333333334;	0.0;	0.26666666666666666;	0.06666666666666667;	0.13333333333333333
1377487968;	1;	2699.99866;	21.599989280000003;	0.8;	97388.0;	31280.0;	0.0;	0.13333333333333333;	0.5333333333333333;	0.5333333333333333
1377488269;	1;	2699.99866;	25.19998749333333;	0.9333333333333332;	97388.0;	31979.2;	0.0;	0.2;	0.4;	0.4666666666666667
1377488569;	1;	2699.99866;	25.19998749333333;	0.9333333333333332;	97388.0;	29707.2;	0.0;	0.13333333333333333;	0.06666666666666667;	0.06666666666666667
1377488869;	1;	2699.99866;	25.19998749333333;	0.9333333333333332;	97388.0;	32677.6;	0.0;	0.3333333333333333;	0.06666666666666667;	0.06666666666666667
1377489169;	1;	2699.99866;	21.599989280000003;	0.8;	97388.0;	29357.333333333332;	0.0;	0.26666666666666666;	0.13333333333333333;	0.13333333333333333
1377489469;	1;	2699.99866;	28.799985706666668;	1.0666666666666667;	97388.0;	35825.333333333336;	0.0;	0.26666666666666666;	0.2;	0.2
1377489769;	1;	2699.99866;	25.19998749333333;	0.9333333333333332;	97388.0;	37397.6;	0.0;	0.26666666666666666;	0.13333333333333333;	0.13333333333333333
1377490068;	1;	2699.99866;	21.599989280000003;	0.8;	97388.0;	36524.26666666667;	0.0;	0.26666666666666666;	0.06666666666666667;	0.06666666666666667
1377490368;	1;	2699.99866;	28.799985706666668;	1.0666666666666667;	97388.0;	30755.466666666667;	0.0;	0.2;	0.7333333333333333;	0.8
1377490668;	1;	2699.99866;	25.19998749333333;	0.9333333333333332;	97388.0;	37222.4;	0.0;	0.3333333333333333;	0.13333333333333333;	0.13333333333333333
1377490968;	1;	2699.99866;	21.599989280000003;	0.8;	97388.0;	30581.333333333332;	0.0;	0.2;	0.4;	0.3333333333333333
1377491268;	1;	2699.99866;	28.799985706666668;	1.0666666666666667;	97388.0;	30931.2;	0.0;	0.2;	0.2;	0.13333333333333333
1377491568;	1;	2699.99866;	25.19998749333333;	0.9333333333333332;	97388.0;	27436.533333333333;	0.0;	0.2;	0.8;	0.8
1377491868;	1;	2699.99866;	21.599989280000003;	0.8;	97388.0;	31456.266666666666;	0.0;	0.2;	0.2;	0.2
1377492168;	1;	2699.99866;	25.19998749333333;	0.9333333333333332;	97388.0;	27435.2;	0.0;	0.26666666666666666;	0.2;	0.13333333333333333
1377492468;	1;	2699.99866;	28.799985706666668;	1.0666666666666667;	97388.0;	29183.466666666667;	0.0;	0.26666666666666666;	0.2;	0.2
1377492768;	1;	2699.99866;	21.599989280000003;	0.8;	97388.0;	32154.133333333335;	0.0;	0.13333333333333333;	0.26666666666666666;	0.26666666666666666
1377493068;	1;	2699.99866;	21.599989280000003;	0.8;	97388.0;	28834.133333333335;	0.0;	0.2;	0.2;	0.13333333333333333
1377493368;	1;	2699.99866;	28.799985706666668;	1.0666666666666667;	97388.0;	25164.0;	0.0;	0.26666666666666666;	0.26666666666666666;	0.2
1377493668;	1;	2699.99866;	25.19998749333333;	0.9333333333333332;	97388.0;	26387.466666666667;	0.0;	0.2;	0.2;	0.2
1377493968;	1;	2699.99866;	21.599989280000003;	0.8;	97388.0;	30231.466666666667;	0.0;	0.26666666666666666;	0.8;	0.7333333333333333
1377494268;	1;	2699.99866;	28.799985706666668;	1.0666666666666667;	97388.0;	30931.2;	0.0;	0.3333333333333333;	0.13333333333333333;	0.13333333333333333
1377494569;	1;	2699.99866;	25.19998749333333;	0.9333333333333332;	97388.0;	32503.2;	0.0;	0.2;	0.13333333333333333;	0.13333333333333333
1377494869;	1;	2699.99866;	21.599989280000003;	0.8;	97388.0;	30580.266666666666;	0.0;	0.26666666666666666;	0.13333333333333333;	0.13333333333333333
1377495169;	1;	2699.99866;	28.799985706666668;	1.0666666666666667;	97388.0;	35649.6;	0.0;	0.26666666666666666;	0.6;	0.6
1377495469;	1;	2699.99866;	25.19998749333333;	0.9333333333333332;	97388.0;	37571.73333333333;	0.0;	0.26666666666666666;	0.13333333333333333;	0.13333333333333333
1377495769;	1;	2699.99866;	21.599989280000003;	0.8;	97388.0;	35650.933333333334;	0.0;	0.13333333333333333;	0.5333333333333333;	0.4666666666666667
1377496069;	1;	2699.99866;	25.19998749333333;	0.9333333333333332;	97388.0;	33901.6;	0.0;	0.3333333333333333;	0.13333333333333333;	0.13333333333333333
1377496369;	1;	2699.99866;	28.799985706666668;	1.0666666666666667;	97388.0;	36348.53333333333;	0.0;	0.26666666666666666;	0.13333333333333333;	0.13333333333333333
1377496669;	1;	2699.99866;	21.599989280000003;	0.8;	97388.0;	32153.866666666665;	0.0;	0.13333333333333333;	0.26666666666666666;	0.2
1377496969;	1;	2699.99866;	25.19998749333333;	0.9333333333333332;	97388.0;	33376.53333333333;	0.0;	0.2;	0.13333333333333333;	0.13333333333333333
1377497269;	1;	2699.99866;	28.799985706666668;	1.0666666666666667;	97388.0;	30057.066666666666;	0.0;	0.2;	0.06666666666666667;	0.06666666666666667
1377497569;	1;	2699.99866;	21.599989280000003;	0.8;	97388.0;	33551.2;	0.0;	0.13333333333333333;	0.7333333333333333;	0.6666666666666666
1377497869;	1;	2699.99866;	25.19998749333333;	0.9333333333333332;	97388.0;	38796.0;	0.0;	0.4;	0.26666666666666666;	0.26666666666666666
1377498169;	1;	2699.99866;	28.799985706666668;	1.0666666666666667;	97388.0;	30405.866666666665;	0.0;	0.2;	0.13333333333333333;	0.13333333333333333
1377498469;	1;	2699.99866;	21.599989280000003;	0.8;	97388.0;	31805.333333333332;	0.0;	0.2;	0.06666666666666667;	0.06666666666666667
1377498769;	1;	2699.99866;	25.19998749333333;	0.9333333333333332;	97388.0;	31630.4;	0.0;	0.3333333333333333;	0.6666666666666666;	0.6666666666666666
1377499069;	1;	2699.99866;	28.799985706666668;	1.0666666666666667;	97388.0;	30407.733333333334;	0.0;	0.2;	0.26666666666666666;	0.2
1377499369;	1;	2699.99866;	21.599989280000003;	0.8;	97388.0;	30406.666666666668;	0.0;	0.13333333333333333;	0.13333333333333333;	0.06666666666666667
1377499669;	1;	2699.99866;	21.599989280000003;	0.8;	97388.0;	28833.6;	0.0;	0.4;	0.2;	0.13333333333333333
1377499969;	1;	2699.99866;	28.799985706666668;	1.0666666666666667;	97388.0;	29008.533333333333;	0.0;	0.26666666666666666;	0.06666666666666667;	0.06666666666666667
1377500269;	1;	2699.99866;	25.19998749333333;	0.9333333333333332;	97388.0;	32153.866666666665;	0.0;	0.2;	0.06666666666666667;	0.06666666666666667
1377500569;	1;	2699.99866;	21.599989280000003;	0.8;	97388.0;	29532.533333333333;	0.0;	0.26666666666666666;	0.2;	0.2
1377500869;	1;	2699.99866;	28.799985706666668;	1.0666666666666667;	97388.0;	30057.066666666666;	0.0;	0.26666666666666666;	0.3333333333333333;	0.3333333333333333
1377501169;	1;	2699.99866;	25.19998749333333;	0.9333333333333332;	97388.0;	38271.46666666667;	0.0;	0.2;	0.6666666666666666;	0.6666666666666666
1377501470;	1;	2699.99866;	21.599989280000003;	0.8;	97388.0;	30231.733333333334;	0.0;	0.26666666666666666;	0.13333333333333333;	0.13333333333333333
1377501770;	1;	2699.99866;	25.19998749333333;	0.9333333333333332;	97388.0;	29707.733333333334;	0.0;	0.2;	0.06666666666666667;	0.06666666666666667
1377502070;	1;	2699.99866;	28.799985706666668;	1.0666666666666667;	97388.0;	31281.066666666666;	0.0;	0.2;	0.06666666666666667;	0.06666666666666667
1377502370;	1;	2699.99866;	21.599989280000003;	0.8;	97388.0;	30057.6;	0.0;	0.2;	0.6;	0.6
1377502670;	1;	2699.99866;	25.19998749333333;	0.9333333333333332;	97388.0;	28833.333333333332;	0.0;	0.26666666666666666;	0.2;	0.2
1377502970;	1;	2699.99866;	30.599984813333336;	1.1333333333333333;	97388.0;	29182.133333333335;	0.0;	0.26666666666666666;	0.2;	0.13333333333333333
1377503270;	1;	2699.99866;	21.599989280000003;	0.8;	97388.0;	31106.4;	0.0;	0.3333333333333333;	1.2666666666666666;	1.3333333333333333
1377503570;	1;	2699.99866;	25.19998749333333;	0.9333333333333332;	97388.0;	34601.333333333336;	0.0;	0.3333333333333333;	0.06666666666666667;	0.06666666666666667
1377503870;	1;	2699.99866;	26.999986600000003;	1.0;	97388.0;	29358.4;	0.0;	0.2;	0.13333333333333333;	0.06666666666666667
1377504170;	1;	2699.99866;	23.399988386666667;	0.8666666666666667;	97388.0;	31105.866666666665;	0.0;	0.2;	0.13333333333333333;	0.13333333333333333
1377504470;	1;	2699.99866;	21.599989280000003;	0.8;	97388.0;	32504.8;	0.0;	0.2;	0.13333333333333333;	0.13333333333333333
1377504770;	1;	2699.99866;	28.799985706666668;	1.0666666666666667;	97388.0;	33203.2;	0.0;	0.2;	0.8666666666666667;	0.8666666666666667
1377505070;	1;	2699.99866;	25.19998749333333;	0.9333333333333332;	97388.0;	26386.933333333334;	0.0;	0.3333333333333333;	0.2;	0.13333333333333333
1377505370;	1;	2699.99866;	21.599989280000003;	0.8;	97388.0;	28309.333333333332;	0.0;	0.2;	0.06666666666666667;	0.06666666666666667
1377505670;	1;	2699.99866;	28.799985706666668;	1.0666666666666667;	97388.0;	38970.666666666664;	0.0;	0.2;	0.06666666666666667;	0.06666666666666667
1377505970;	1;	2699.99866;	25.19998749333333;	0.9333333333333332;	97388.0;	31979.2;	0.0;	0.2;	0.6666666666666666;	0.5333333333333333
1377506270;	1;	2699.99866;	21.599989280000003;	0.8;	97388.0;	29532.0;	0.0;	0.2;	0.13333333333333333;	0.13333333333333333
1377506570;	1;	2699.99866;	25.19998749333333;	0.9333333333333332;	97388.0;	28133.333333333332;	0.0;	0.26666666666666666;	0.06666666666666667;	0.06666666666666667
1377506870;	1;	2699.99866;	28.799985706666668;	1.0666666666666667;	97388.0;	29358.4;	0.0;	0.3333333333333333;	0.13333333333333333;	0.13333333333333333
1377507170;	1;	2699.99866;	21.599989280000003;	0.8;	97388.0;	28309.6;	0.0;	0.13333333333333333;	0.13333333333333333;	0.13333333333333333
1377507470;	1;	2699.99866;	25.19998749333333;	0.9333333333333332;	97388.0;	30231.466666666667;	0.0;	0.2;	0.13333333333333333;	0.13333333333333333
1377507770;	1;	2699.99866;	28.799985706666668;	1.0666666666666667;	97388.0;	31630.4;	0.0;	0.2;	0.2;	0.13333333333333333
1377508070;	1;	2699.99866;	3.5999982133333335;	0.13333333333333333;	97388.0;	27260.8;	0.0;	0.0;	0.2;	0.2
1377508370;	1;	2699.99866;	0.0;	0.0;	97388.0;	18872.0;	0.0;	0.0;	1.2;	1.2
1377508670;	1;	2699.99866;	21.599989280000003;	0.8;	97388.0;	25513.866666666665;	0.0;	0.26666666666666666;	0.3333333333333333;	0.26666666666666666
1377508970;	1;	2699.99866;	32.39998392;	1.2;	97388.0;	39843.2;	0.0;	0.2;	0.13333333333333333;	0.13333333333333333
1377509270;	1;	2699.99866;	21.599989280000003;	0.8;	97388.0;	32329.066666666666;	0.0;	0.2;	0.13333333333333333;	0.13333333333333333
1377509570;	1;	2699.99866;	28.799985706666668;	1.0666666666666667;	97388.0;	37747.2;	0.0;	0.26666666666666666;	0.6666666666666666;	0.6666666666666666
1377509870;	1;	2699.99866;	25.19998749333333;	0.9333333333333332;	97388.0;	28308.8;	0.0;	0.2;	0.13333333333333333;	0.13333333333333333
1377510170;	1;	2699.99866;	25.19998749333333;	0.9333333333333332;	97388.0;	26911.733333333334;	0.0;	0.3333333333333333;	0.13333333333333333;	0.13333333333333333
1377510470;	1;	2699.99866;	28.799985706666668;	1.0666666666666667;	97388.0;	33027.2;	0.0;	0.3333333333333333;	0.13333333333333333;	0.13333333333333333
1377510771;	1;	2699.99866;	21.599989280000003;	0.8;	97388.0;	30057.866666666665;	0.0;	0.26666666666666666;	0.2;	0.2
1377511071;	1;	2699.99866;	32.39998392;	1.2;	97388.0;	31979.2;	0.0;	0.2;	0.06666666666666667;	0.06666666666666667
1377511371;	1;	2699.99866;	21.599989280000003;	0.8;	97388.0;	33553.6;	0.0;	0.13333333333333333;	0.13333333333333333;	0.13333333333333333
1377511671;	1;	2699.99866;	25.19998749333333;	0.9333333333333332;	97388.0;	33553.066666666666;	0.0;	0.3333333333333333;	0.06666666666666667;	0.06666666666666667
1377511971;	1;	2699.99866;	28.799985706666668;	1.0666666666666667;	97388.0;	39844.0;	0.0;	0.2;	0.6666666666666666;	0.6666666666666666
1377512271;	1;	2699.99866;	25.19998749333333;	0.9333333333333332;	97388.0;	37222.666666666664;	0.0;	0.26666666666666666;	0.06666666666666667;	0.06666666666666667
1377512571;	1;	2699.99866;	28.799985706666668;	1.0666666666666667;	97388.0;	35650.4;	0.0;	0.4;	0.06666666666666667;	0.06666666666666667
1377512871;	1;	2699.99866;	21.599989280000003;	0.8;	97388.0;	28309.6;	0.0;	0.26666666666666666;	0.06666666666666667;	0.06666666666666667
1377513171;	1;	2699.99866;	28.799985706666668;	1.0666666666666667;	97388.0;	35300.0;	0.0;	0.2;	0.6;	0.6
1377513471;	1;	2699.99866;	25.19998749333333;	0.9333333333333332;	97388.0;	39145.6;	0.0;	0.2;	0.06666666666666667;	0.06666666666666667
1377513771;	1;	2699.99866;	25.19998749333333;	0.9333333333333332;	97388.0;	40018.933333333334;	0.0;	0.2;	0.06666666666666667;	0.06666666666666667
1377514671;	1;	2699.99866;	25.19998749333333;	0.9333333333333332;	97388.0;	40018.933333333334;	0.0;	0.2;	0.06666666666666667;	0.06666666666666667
1377515571;	1;	2699.99866;	10.799994640000001;	0.4;	97388.0;	14678.4;	0.0;	0.06666666666666667;	0.6666666666666666;	0.6666666666666666
1377515871;	1;	2699.99866;	23.399988386666667;	0.8666666666666667;	97388.0;	27435.2;	0.0;	0.26666666666666666;	0.13333333333333333;	0.13333333333333333
1377516171;	1;	2699.99866;	30.599984813333336;	1.1333333333333333;	97388.0;	35124.8;	0.0;	0.13333333333333333;	0.06666666666666667;	0.06666666666666667
1377516471;	1;	2699.99866;	21.599989280000003;	0.8;	97388.0;	28308.8;	0.0;	0.13333333333333333;	0.2;	0.2
1377516771;	1;	2699.99866;	21.599989280000003;	0.8;	97388.0;	30931.466666666667;	0.0;	0.2;	0.5333333333333333;	0.5333333333333333
1377517071;	1;	2699.99866;	28.799985706666668;	1.0666666666666667;	97388.0;	27785.6;	0.0;	0.2;	0.2;	0.2
1377517371;	1;	2699.99866;	25.19998749333333;	0.9333333333333332;	97388.0;	33552.8;	0.0;	0.2;	0.06666666666666667;	0.06666666666666667
1377517671;	1;	2699.99866;	21.599989280000003;	0.8;	97388.0;	30930.4;	0.0;	0.3333333333333333;	0.6666666666666666;	0.13333333333333333
1377517971;	1;	2699.99866;	25.19998749333333;	0.9333333333333332;	97388.0;	29182.933333333334;	0.0;	0.2;	0.4;	0.06666666666666667
1377518271;	1;	2699.99866;	26.999986600000003;	1.0;	97388.0;	32154.133333333335;	0.0;	0.13333333333333333;	0.2;	0.2
1377518571;	1;	2699.99866;	21.599989280000003;	0.8;	97388.0;	36173.6;	0.0;	0.13333333333333333;	0.13333333333333333;	0.06666666666666667
1377518871;	1;	2699.99866;	21.599989280000003;	0.8;	97388.0;	29356.8;	0.0;	0.13333333333333333;	0.2;	0.13333333333333333
1377519171;	1;	2699.99866;	32.39998392;	1.2;	97388.0;	35125.6;	0.0;	0.26666666666666666;	0.6666666666666666;	0.6666666666666666
1377519472;	1;	2699.99866;	21.599989280000003;	0.8;	97388.0;	33552.8;	0.0;	0.2;	0.13333333333333333;	0.13333333333333333
1377519772;	1;	2699.99866;	21.599989280000003;	0.8;	97388.0;	31455.2;	0.0;	0.13333333333333333;	0.13333333333333333;	0.13333333333333333
1377520072;	1;	2699.99866;	28.799985706666668;	1.0666666666666667;	97388.0;	37048.53333333333;	0.0;	0.2;	0.13333333333333333;	0.13333333333333333
1377520372;	1;	2699.99866;	25.19998749333333;	0.9333333333333332;	97388.0;	39495.2;	0.0;	0.13333333333333333;	0.6666666666666666;	0.6
1377520672;	1;	2699.99866;	19.799990173333335;	0.7333333333333333;	97388.0;	42990.4;	0.0;	0.13333333333333333;	0.13333333333333333;	0.13333333333333333
1377520972;	1;	2699.99866;	25.19998749333333;	0.9333333333333332;	97388.0;	31454.4;	0.0;	0.2;	0.13333333333333333;	0.13333333333333333
1377521272;	1;	2699.99866;	28.799985706666668;	1.0666666666666667;	97388.0;	29358.4;	0.0;	0.4;	0.13333333333333333;	0.13333333333333333
1377521572;	1;	2699.99866;	21.599989280000003;	0.8;	97388.0;	27609.866666666665;	0.0;	0.9333333333333333;	0.13333333333333333;	0.13333333333333333
1377521872;	1;	2699.99866;	25.19998749333333;	0.9333333333333332;	97388.0;	33028.0;	0.0;	0.2;	0.13333333333333333;	0.13333333333333333
1377522172;	1;	2699.99866;	28.799985706666668;	1.0666666666666667;	97388.0;	30406.4;	0.0;	0.13333333333333333;	0.2;	0.13333333333333333
1377522472;	1;	2699.99866;	19.799990173333335;	0.7333333333333333;	97388.0;	39844.8;	0.0;	0.13333333333333333;	0.26666666666666666;	0.26666666666666666
1377522771;	1;	2699.99866;	21.599989280000003;	0.8;	97388.0;	27785.6;	0.0;	0.2;	0.7333333333333333;	0.7333333333333333
1377523071;	1;	2699.99866;	28.799985706666668;	1.0666666666666667;	97388.0;	29357.6;	0.0;	0.26666666666666666;	0.13333333333333333;	0.06666666666666667
1377523371;	1;	2699.99866;	25.19998749333333;	0.9333333333333332;	97388.0;	29182.666666666668;	0.0;	0.13333333333333333;	0.06666666666666667;	0.06666666666666667
1377523671;	1;	2699.99866;	21.599989280000003;	0.8;	97388.0;	29532.533333333333;	0.0;	0.26666666666666666;	0.06666666666666667;	0.06666666666666667
1377523971;	1;	2699.99866;	26.999986600000003;	1.0;	97388.0;	34076.8;	0.0;	0.2;	0.6666666666666666;	0.5333333333333333
1377524271;	1;	2699.99866;	26.999986600000003;	1.0;	97388.0;	29880.8;	0.0;	0.2;	0.13333333333333333;	0.13333333333333333
1377524571;	1;	2699.99866;	21.599989280000003;	0.8;	97388.0;	37746.4;	0.0;	0.13333333333333333;	0.06666666666666667;	0.06666666666666667
1377524871;	1;	2699.99866;	25.19998749333333;	0.9333333333333332;	97388.0;	32678.666666666668;	0.0;	0.4;	0.13333333333333333;	0.06666666666666667
1377525171;	1;	2699.99866;	25.19998749333333;	0.9333333333333332;	97388.0;	30232.0;	0.0;	0.13333333333333333;	0.06666666666666667;	0.06666666666666667
1377525471;	1;	2699.99866;	25.19998749333333;	0.9333333333333332;	97388.0;	35649.6;	0.0;	0.13333333333333333;	0.06666666666666667;	0.06666666666666667
1377525771;	1;	2699.99866;	21.599989280000003;	0.8;	97388.0;	30406.4;	0.0;	0.13333333333333333;	0.13333333333333333;	0.06666666666666667
1377526071;	1;	2699.99866;	28.799985706666668;	1.0666666666666667;	97388.0;	36173.86666666667;	0.0;	0.2;	0.06666666666666667;	0.06666666666666667
1377526371;	1;	2699.99866;	25.19998749333333;	0.9333333333333332;	97388.0;	34600.8;	0.0;	0.2;	0.6666666666666666;	0.6666666666666666
1377526671;	1;	2699.99866;	21.599989280000003;	0.8;	97388.0;	24115.2;	0.0;	0.2;	0.2;	0.2
1377526971;	1;	2699.99866;	25.19998749333333;	0.9333333333333332;	97388.0;	30056.8;	0.0;	0.2;	0.13333333333333333;	0.13333333333333333
1377527271;	1;	2699.99866;	28.799985706666668;	1.0666666666666667;	97388.0;	33028.0;	0.0;	0.2;	0.06666666666666667;	0.06666666666666667
1377527571;	1;	2699.99866;	21.599989280000003;	0.8;	97388.0;	30406.4;	0.0;	0.13333333333333333;	0.6;	0.6
1377527871;	1;	2699.99866;	21.599989280000003;	0.8;	97388.0;	32504.0;	0.0;	0.13333333333333333;	0.13333333333333333;	0.13333333333333333
1377528171;	1;	2699.99866;	28.799985706666668;	1.0666666666666667;	97388.0;	38796.0;	0.0;	0.2;	0.13333333333333333;	0.06666666666666667
1377528472;	1;	2699.99866;	23.399988386666667;	0.8666666666666667;	97388.0;	35126.4;	0.0;	0.4;	0.2;	0.13333333333333333
1377528772;	1;	2699.99866;	21.599989280000003;	0.8;	97388.0;	35824.26666666667;	0.0;	0.2;	0.06666666666666667;	0.06666666666666667
1377529072;	1;	2699.99866;	25.19998749333333;	0.9333333333333332;	97388.0;	31455.2;	0.0;	0.26666666666666666;	0.06666666666666667;	0.06666666666666667
1377529372;	1;	2699.99866;	26.999986600000003;	1.0;	97388.0;	29357.6;	0.0;	0.26666666666666666;	0.06666666666666667;	0.06666666666666667
1377529672;	1;	2699.99866;	23.399988386666667;	0.8666666666666667;	97388.0;	31455.2;	0.0;	0.13333333333333333;	0.3333333333333333;	0.3333333333333333
1377529972;	1;	2699.99866;	21.599989280000003;	0.8;	97388.0;	31629.066666666666;	0.0;	0.2;	0.6666666666666666;	0.6666666666666666
1377530272;	1;	2699.99866;	28.799985706666668;	1.0666666666666667;	97388.0;	25164.0;	0.0;	0.26666666666666666;	0.13333333333333333;	0.13333333333333333
1377530572;	1;	2699.99866;	25.19998749333333;	0.9333333333333332;	97388.0;	33028.8;	0.0;	0.13333333333333333;	0.06666666666666667;	0.06666666666666667
1377530872;	1;	2699.99866;	21.599989280000003;	0.8;	97388.0;	29881.6;	0.0;	0.26666666666666666;	0.06666666666666667;	0.06666666666666667
1377531172;	1;	2699.99866;	26.999986600000003;	1.0;	97388.0;	29357.6;	0.0;	0.26666666666666666;	0.6666666666666666;	0.6666666666666666
1377531472;	1;	2699.99866;	26.999986600000003;	1.0;	97388.0;	33902.4;	0.0;	0.26666666666666666;	0.2;	0.2
1377531772;	1;	2699.99866;	21.599989280000003;	0.8;	97388.0;	30407.2;	0.0;	0.13333333333333333;	0.13333333333333333;	0.13333333333333333
1377532072;	1;	2699.99866;	21.599989280000003;	0.8;	97388.0;	33028.0;	0.0;	0.26666666666666666;	0.13333333333333333;	0.13333333333333333
1377532372;	1;	2699.99866;	21.599989280000003;	0.8;	97388.0;	28309.6;	0.0;	0.26666666666666666;	0.13333333333333333;	0.13333333333333333
1377532672;	1;	2699.99866;	26.999986600000003;	1.0;	97388.0;	33202.4;	0.0;	0.2;	0.13333333333333333;	0.13333333333333333
1377532972;	1;	2699.99866;	26.999986600000003;	1.0;	97388.0;	31279.733333333334;	0.0;	0.13333333333333333;	0.2;	0.13333333333333333
1377533272;	1;	2699.99866;	21.599989280000003;	0.8;	97388.0;	31455.2;	0.0;	0.26666666666666666;	0.13333333333333333;	0.13333333333333333
1377533572;	1;	2699.99866;	21.599989280000003;	0.8;	97388.0;	27610.133333333335;	0.0;	0.26666666666666666;	0.7333333333333333;	0.7333333333333333
1377533872;	1;	2699.99866;	26.999986600000003;	1.0;	97388.0;	34076.8;	0.0;	0.26666666666666666;	0.13333333333333333;	0.13333333333333333
1377534172;	1;	2699.99866;	26.999986600000003;	1.0;	97388.0;	35124.8;	0.0;	0.13333333333333333;	0.13333333333333333;	0.13333333333333333
1377534472;	1;	2699.99866;	21.599989280000003;	0.8;	97388.0;	29182.666666666668;	0.0;	0.26666666666666666;	0.13333333333333333;	0.13333333333333333
1377534772;	1;	2699.99866;	21.599989280000003;	0.8;	97388.0;	32678.666666666668;	0.0;	0.13333333333333333;	0.6666666666666666;	0.6
1377535072;	1;	2699.99866;	28.799985706666668;	1.0666666666666667;	97388.0;	37397.6;	0.0;	0.26666666666666666;	0.5333333333333333;	0.5333333333333333
1377535372;	1;	2699.99866;	25.19998749333333;	0.9333333333333332;	97388.0;	33553.066666666666;	0.0;	0.13333333333333333;	0.2;	0.2
1377535672;	1;	2699.99866;	21.599989280000003;	0.8;	97388.0;	29356.8;	0.0;	0.4;	0.06666666666666667;	0.06666666666666667
1377535972;	1;	2699.99866;	25.19998749333333;	0.9333333333333332;	97388.0;	27785.6;	0.0;	0.2;	0.06666666666666667;	0.06666666666666667
1377536272;	1;	2699.99866;	28.799985706666668;	1.0666666666666667;	97388.0;	29182.933333333334;	0.0;	0.13333333333333333;	0.06666666666666667;	0.06666666666666667
1377536572;	1;	2699.99866;	21.599989280000003;	0.8;	97388.0;	32503.466666666667;	0.0;	0.13333333333333333;	0.06666666666666667;	0.06666666666666667
1377536872;	1;	2699.99866;	21.599989280000003;	0.8;	97388.0;	34076.8;	0.0;	0.13333333333333333;	0.13333333333333333;	0.13333333333333333
1377537172;	1;	2699.99866;	28.799985706666668;	1.0666666666666667;	97388.0;	38795.46666666667;	0.0;	0.13333333333333333;	0.6666666666666666;	0.6666666666666666
1377537472;	1;	2699.99866;	25.19998749333333;	0.9333333333333332;	97388.0;	35649.86666666667;	0.0;	0.4;	0.13333333333333333;	0.13333333333333333
1377537772;	1;	2699.99866;	21.599989280000003;	0.8;	97388.0;	33552.0;	0.0;	0.13333333333333333;	0.06666666666666667;	0.06666666666666667
1377538072;	1;	2699.99866;	25.19998749333333;	0.9333333333333332;	97388.0;	25513.333333333332;	0.0;	0.26666666666666666;	0.06666666666666667;	0.06666666666666667
1377538372;	1;	2699.99866;	25.19998749333333;	0.9333333333333332;	97388.0;	32853.86666666667;	0.0;	0.2;	0.6;	0.5333333333333333
1377538672;	1;	2699.99866;	25.19998749333333;	0.9333333333333332;	97388.0;	31629.333333333332;	0.0;	0.13333333333333333;	0.06666666666666667;	0.06666666666666667
1377538972;	1;	2699.99866;	21.599989280000003;	0.8;	97388.0;	33727.2;	0.0;	0.13333333333333333;	0.06666666666666667;	0.06666666666666667
1377539272;	1;	2699.99866;	25.19998749333333;	0.9333333333333332;	97388.0;	39669.066666666666;	0.0;	0.3333333333333333;	0.06666666666666667;	0.06666666666666667
1377539572;	1;	2699.99866;	28.799985706666668;	1.0666666666666667;	97388.0;	32153.866666666665;	0.0;	0.13333333333333333;	0.06666666666666667;	0.06666666666666667
1377539873;	1;	2699.99866;	21.599989280000003;	0.8;	97388.0;	27436.0;	0.0;	0.13333333333333333;	0.06666666666666667;	0.06666666666666667
1377540173;	1;	2699.99866;	21.599989280000003;	0.8;	97388.0;	29532.266666666666;	0.0;	0.13333333333333333;	0.13333333333333333;	0.06666666666666667
1377540473;	1;	2699.99866;	28.799985706666668;	1.0666666666666667;	97388.0;	30231.2;	0.0;	0.3333333333333333;	0.13333333333333333;	0.13333333333333333
1377540773;	1;	2699.99866;	25.19998749333333;	0.9333333333333332;	97388.0;	26561.6;	0.0;	0.13333333333333333;	0.7333333333333333;	0.7333333333333333
1377541073;	1;	2699.99866;	21.599989280000003;	0.8;	97388.0;	29532.8;	0.0;	0.3333333333333333;	0.26666666666666666;	0.2
1377541373;	1;	2699.99866;	25.19998749333333;	0.9333333333333332;	97388.0;	31629.066666666666;	0.0;	0.2;	0.06666666666666667;	0.06666666666666667
1377541673;	1;	2699.99866;	28.799985706666668;	1.0666666666666667;	97388.0;	40193.333333333336;	0.0;	0.13333333333333333;	0.06666666666666667;	0.06666666666666667
1377541973;	1;	2699.99866;	21.599989280000003;	0.8;	97388.0;	36697.6;	0.0;	0.13333333333333333;	0.5333333333333333;	0.5333333333333333
1377542273;	1;	2699.99866;	21.599989280000003;	0.8;	97388.0;	30406.666666666668;	0.0;	0.13333333333333333;	0.26666666666666666;	0.26666666666666666
1377542573;	1;	2699.99866;	25.19998749333333;	0.9333333333333332;	97388.0;	35125.333333333336;	0.0;	0.2;	0.06666666666666667;	0.06666666666666667
1377542873;	1;	2699.99866;	28.799985706666668;	1.0666666666666667;	97388.0;	37048.0;	0.0;	0.26666666666666666;	0.13333333333333333;	0.13333333333333333
1377543173;	1;	2699.99866;	21.599989280000003;	0.8;	97388.0;	33553.066666666666;	0.0;	0.13333333333333333;	0.4666666666666667;	0.4666666666666667
1377543473;	1;	2699.99866;	21.599989280000003;	0.8;	97388.0;	33552.8;	0.0;	0.13333333333333333;	0.2;	0.2
1377543773;	1;	2699.99866;	28.799985706666668;	1.0666666666666667;	97388.0;	30931.2;	0.0;	0.2;	0.2;	0.13333333333333333
1377544073;	1;	2699.99866;	25.19998749333333;	0.9333333333333332;	97388.0;	38446.4;	0.0;	0.13333333333333333;	0.2;	0.2
1377544373;	1;	2699.99866;	21.599989280000003;	0.8;	97388.0;	35650.933333333334;	0.0;	0.13333333333333333;	0.7333333333333333;	0.7333333333333333
1377544673;	1;	2699.99866;	25.19998749333333;	0.9333333333333332;	97388.0;	37747.46666666667;	0.0;	0.26666666666666666;	0.06666666666666667;	0.06666666666666667
1377544973;	1;	2699.99866;	28.799985706666668;	1.0666666666666667;	97388.0;	32678.933333333334;	0.0;	0.26666666666666666;	0.13333333333333333;	0.13333333333333333
1377545273;	1;	2699.99866;	21.599989280000003;	0.8;	97388.0;	26562.133333333335;	0.0;	0.13333333333333333;	0.13333333333333333;	0.13333333333333333
1377545573;	1;	2699.99866;	21.599989280000003;	0.8;	97388.0;	30406.933333333334;	0.0;	0.13333333333333333;	0.6666666666666666;	0.6
1377545873;	1;	2699.99866;	28.799985706666668;	1.0666666666666667;	97388.0;	34252.0;	0.0;	0.2;	0.13333333333333333;	0.13333333333333333
1377546173;	1;	2699.99866;	25.19998749333333;	0.9333333333333332;	97388.0;	35125.333333333336;	0.0;	0.2;	0.13333333333333333;	0.13333333333333333
1377546473;	1;	2699.99866;	23.142845657142857;	0.8571428571428571;	97388.0;	35013.142857142855;	0.0;	0.35714285714285715;	0.07142857142857142;	0.07142857142857142
1377546773;	1;	2699.99866;	25.19998749333333;	0.9333333333333332;	97388.0;	35125.066666666666;	0.0;	0.2;	0.13333333333333333;	0.13333333333333333
1377547073;	1;	2699.99866;	28.799985706666668;	1.0666666666666667;	97388.0;	32154.4;	0.0;	0.26666666666666666;	0.13333333333333333;	0.13333333333333333
1377547373;	1;	2699.99866;	21.599989280000003;	0.8;	97388.0;	30056.8;	0.0;	0.13333333333333333;	0.06666666666666667;	0.06666666666666667
1377547673;	1;	2699.99866;	21.599989280000003;	0.8;	97388.0;	30756.533333333333;	0.0;	0.13333333333333333;	0.06666666666666667;	0.06666666666666667
1377547973;	1;	2699.99866;	25.19998749333333;	0.9333333333333332;	97388.0;	30230.666666666668;	0.0;	0.26666666666666666;	0.6666666666666666;	0.6666666666666666
1377548273;	1;	2699.99866;	28.799985706666668;	1.0666666666666667;	97388.0;	27959.466666666667;	0.0;	0.26666666666666666;	0.06666666666666667;	0.06666666666666667
1377548573;	1;	2699.99866;	21.599989280000003;	0.8;	97388.0;	34426.933333333334;	0.0;	0.13333333333333333;	0.13333333333333333;	0.06666666666666667
1377548873;	1;	2699.99866;	25.19998749333333;	0.9333333333333332;	97388.0;	33901.6;	0.0;	0.2;	0.06666666666666667;	0.06666666666666667
1377549173;	1;	2699.99866;	28.799985706666668;	1.0666666666666667;	97388.0;	34950.666666666664;	0.0;	0.13333333333333333;	0.7333333333333333;	0.7333333333333333
1377549473;	1;	2699.99866;	21.599989280000003;	0.8;	97388.0;	36523.2;	0.0;	0.13333333333333333;	0.06666666666666667;	0.06666666666666667
1377549774;	1;	2699.99866;	21.599989280000003;	0.8;	97388.0;	35473.86666666667;	0.0;	0.13333333333333333;	0.06666666666666667;	0.06666666666666667
1377550074;	1;	2699.99866;	25.19998749333333;	0.9333333333333332;	97388.0;	32154.133333333335;	0.0;	0.3333333333333333;	0.06666666666666667;	0.06666666666666667
1377550374;	1;	2699.99866;	26.999986600000003;	1.0;	97388.0;	30930.133333333335;	0.0;	0.2;	0.06666666666666667;	0.06666666666666667
1377550674;	1;	2699.99866;	21.599989280000003;	0.8;	97388.0;	28308.8;	0.0;	0.13333333333333333;	0.06666666666666667;	0.06666666666666667
1377550974;	1;	2699.99866;	25.19998749333333;	0.9333333333333332;	97388.0;	27609.333333333332;	0.0;	0.26666666666666666;	0.13333333333333333;	0.13333333333333333
1377551274;	1;	2699.99866;	28.799985706666668;	1.0666666666666667;	97388.0;	26211.466666666667;	0.0;	0.13333333333333333;	0.06666666666666667;	0.06666666666666667
1377551574;	1;	2699.99866;	21.599989280000003;	0.8;	97388.0;	27960.266666666666;	0.0;	0.13333333333333333;	0.7333333333333333;	0.6666666666666666
1377551874;	1;	2699.99866;	21.599989280000003;	0.8;	97388.0;	34951.2;	0.0;	0.26666666666666666;	0.06666666666666667;	0.06666666666666667
1377552174;	1;	2699.99866;	25.19998749333333;	0.9333333333333332;	97388.0;	36523.46666666667;	0.0;	0.2;	0.06666666666666667;	0.06666666666666667
1377552474;	1;	2699.99866;	26.999986600000003;	1.0;	97388.0;	33378.666666666664;	0.0;	0.13333333333333333;	0.06666666666666667;	0.06666666666666667
1377552774;	1;	2699.99866;	23.399988386666667;	0.8666666666666667;	97388.0;	36873.333333333336;	0.0;	0.2;	0.5333333333333333;	0.5333333333333333
1377553074;	1;	2699.99866;	21.599989280000003;	0.8;	97388.0;	35125.066666666666;	0.0;	0.2;	0.06666666666666667;	0.06666666666666667
1377553374;	1;	2699.99866;	25.19998749333333;	0.9333333333333332;	97388.0;	30057.066666666666;	0.0;	0.2;	0.13333333333333333;	0.13333333333333333
1377553674;	1;	2699.99866;	25.19998749333333;	0.9333333333333332;	97388.0;	32503.2;	0.0;	0.26666666666666666;	0.06666666666666667;	0.06666666666666667
1377553974;	1;	2699.99866;	25.19998749333333;	0.9333333333333332;	97388.0;	33377.6;	0.0;	0.2;	0.06666666666666667;	0.06666666666666667
1377554274;	1;	2699.99866;	21.599989280000003;	0.8;	97388.0;	28832.8;	0.0;	0.13333333333333333;	0.06666666666666667;	0.06666666666666667
1377554574;	1;	2699.99866;	21.599989280000003;	0.8;	97388.0;	26037.333333333332;	0.0;	0.2;	0.2;	0.13333333333333333
1377554874;	1;	2699.99866;	26.999986600000003;	1.0;	97388.0;	27086.133333333335;	0.0;	0.2;	0.06666666666666667;	0.06666666666666667
1377555174;	1;	2699.99866;	26.999986600000003;	1.0;	97388.0;	31979.2;	0.0;	0.26666666666666666;	0.8;	0.8
1377555474;	1;	2699.99866;	21.599989280000003;	0.8;	97388.0;	33902.666666666664;	0.0;	0.26666666666666666;	0.13333333333333333;	0.13333333333333333
1377555774;	1;	2699.99866;	25.19998749333333;	0.9333333333333332;	97388.0;	33902.4;	0.0;	0.13333333333333333;	0.6;	0.6
1377556074;	1;	2699.99866;	25.19998749333333;	0.9333333333333332;	97388.0;	31979.2;	0.0;	0.13333333333333333;	0.2;	0.2
1377556374;	1;	2699.99866;	25.19998749333333;	0.9333333333333332;	97388.0;	36697.066666666666;	0.0;	0.13333333333333333;	0.6666666666666666;	0.6666666666666666
1377556674;	1;	2699.99866;	21.599989280000003;	0.8;	97388.0;	37223.2;	0.0;	0.13333333333333333;	0.13333333333333333;	0.13333333333333333
1377556974;	1;	2699.99866;	23.142845657142857;	0.8571428571428571;	97388.0;	33141.142857142855;	0.0;	0.14285714285714285;	0.21428571428571427;	0.21428571428571427
1377557274;	1;	2699.99866;	28.799985706666668;	1.0666666666666667;	97388.0;	29183.466666666667;	0.0;	0.3333333333333333;	0.13333333333333333;	0.13333333333333333
1377557574;	1;	2699.99866;	25.19998749333333;	0.9333333333333332;	97388.0;	31455.466666666667;	0.0;	0.13333333333333333;	0.13333333333333333;	0.13333333333333333
1377557874;	1;	2699.99866;	21.599989280000003;	0.8;	97388.0;	32853.86666666667;	0.0;	0.2;	0.13333333333333333;	0.13333333333333333
1377558174;	1;	2699.99866;	25.19998749333333;	0.9333333333333332;	97388.0;	28832.8;	0.0;	0.26666666666666666;	0.13333333333333333;	0.13333333333333333
1377558474;	1;	2699.99866;	28.799985706666668;	1.0666666666666667;	97388.0;	30232.0;	0.0;	0.13333333333333333;	0.3333333333333333;	0.3333333333333333
1377558774;	1;	2699.99866;	23.142845657142857;	0.8571428571428571;	97388.0;	30332.285714285714;	0.0;	0.21428571428571427;	0.7857142857142857;	0.7857142857142857
1377559074;	1;	2699.99866;	21.599989280000003;	0.8;	97388.0;	29882.133333333335;	0.0;	0.2;	0.13333333333333333;	0.13333333333333333
1377559374;	1;	2699.99866;	28.799985706666668;	1.0666666666666667;	97388.0;	33202.933333333334;	0.0;	0.2;	0.13333333333333333;	0.13333333333333333
1377559674;	1;	2699.99866;	25.19998749333333;	0.9333333333333332;	97388.0;	32677.866666666665;	0.0;	0.2;	0.06666666666666667;	0.06666666666666667
1377559974;	1;	2699.99866;	21.599989280000003;	0.8;	97388.0;	32504.8;	0.0;	0.13333333333333333;	0.6666666666666666;	0.6666666666666666
1377560274;	1;	2699.99866;	21.599989280000003;	0.8;	97388.0;	36698.4;	0.0;	0.13333333333333333;	0.13333333333333333;	0.13333333333333333
1377560574;	1;	2699.99866;	28.799985706666668;	1.0666666666666667;	97388.0;	29882.4;	0.0;	0.26666666666666666;	0.13333333333333333;	0.06666666666666667
1377560874;	1;	2699.99866;	25.19998749333333;	0.9333333333333332;	97388.0;	29533.6;	0.0;	0.4;	0.13333333333333333;	0.06666666666666667
1377561174;	1;	2699.99866;	23.142845657142857;	0.8571428571428571;	97388.0;	31456.0;	0.0;	0.14285714285714285;	0.07142857142857142;	0.07142857142857142
1377561474;	1;	2699.99866;	21.599989280000003;	0.8;	97388.0;	30406.666666666668;	0.0;	0.13333333333333333;	0.06666666666666667;	0.06666666666666667
1377561774;	1;	2699.99866;	28.799985706666668;	1.0666666666666667;	97388.0;	27960.533333333333;	0.0;	0.26666666666666666;	0.13333333333333333;	0.06666666666666667
1377562074;	1;	2699.99866;	25.19998749333333;	0.9333333333333332;	97388.0;	28308.533333333333;	0.0;	0.26666666666666666;	0.13333333333333333;	0.13333333333333333
1377562374;	1;	2699.99866;	21.599989280000003;	0.8;	97388.0;	34601.066666666666;	0.0;	0.2;	0.6666666666666666;	0.6666666666666666
1377562674;	1;	2699.99866;	28.799985706666668;	1.0666666666666667;	97388.0;	29881.6;	0.0;	0.2;	0.13333333333333333;	0.06666666666666667
1377562974;	1;	2699.99866;	25.19998749333333;	0.9333333333333332;	97388.0;	34251.73333333333;	0.0;	0.2;	0.13333333333333333;	0.06666666666666667
1377563274;	1;	2699.99866;	23.142845657142857;	0.8571428571428571;	97388.0;	33141.142857142855;	0.0;	0.21428571428571427;	0.07142857142857142;	0.07142857142857142
1377563574;	1;	2699.99866;	23.399988386666667;	0.8666666666666667;	97388.0;	33901.333333333336;	0.0;	0.2;	0.7333333333333333;	0.6
1377563874;	1;	2699.99866;	26.999986600000003;	1.0;	97388.0;	31105.066666666666;	0.0;	0.13333333333333333;	0.06666666666666667;	0.06666666666666667
1377564174;	1;	2699.99866;	21.599989280000003;	0.8;	97388.0;	33028.0;	0.0;	0.13333333333333333;	0.13333333333333333;	0.13333333333333333
1377564474;	1;	2699.99866;	21.599989280000003;	0.8;	97388.0;	32853.333333333336;	0.0;	0.26666666666666666;	0.06666666666666667;	0.06666666666666667
1377564774;	1;	2699.99866;	25.19998749333333;	0.9333333333333332;	97388.0;	36699.2;	0.0;	0.2;	0.06666666666666667;	0.06666666666666667
1377565074;	1;	2699.99866;	28.799985706666668;	1.0666666666666667;	97388.0;	31279.733333333334;	0.0;	0.26666666666666666;	0.06666666666666667;	0.06666666666666667
1377565374;	1;	2699.99866;	21.599989280000003;	0.8;	97388.0;	27435.466666666667;	0.0;	0.13333333333333333;	0.13333333333333333;	0.13333333333333333
1377565674;	1;	2699.99866;	21.599989280000003;	0.8;	97388.0;	35649.86666666667;	0.0;	0.2;	0.13333333333333333;	0.06666666666666667
1377565974;	1;	2699.99866;	25.19998749333333;	0.9333333333333332;	97388.0;	29707.466666666667;	0.0;	0.2;	0.8;	0.8
1377566274;	1;	2699.99866;	26.999986600000003;	1.0;	97388.0;	28833.714285714286;	0.0;	0.42857142857142855;	0.21428571428571427;	0.14285714285714285
1377566574;	1;	2699.99866;	21.599989280000003;	0.8;	97388.0;	31629.866666666665;	0.0;	0.13333333333333333;	0.2;	0.2
1377566874;	1;	2699.99866;	23.142845657142857;	0.8571428571428571;	97388.0;	29394.85714285714;	0.0;	0.14285714285714285;	0.2857142857142857;	0.21428571428571427
1377567175;	1;	2699.99866;	28.799985706666668;	1.0666666666666667;	97388.0;	28134.4;	0.0;	0.2;	0.6666666666666666;	0.6
1377567475;	1;	2699.99866;	23.142845657142857;	0.8571428571428571;	97388.0;	30144.571428571428;	0.0;	0.21428571428571427;	0.21428571428571427;	0.14285714285714285
1377567775;	1;	2699.99866;	23.142845657142857;	0.8571428571428571;	97388.0;	28085.428571428572;	0.0;	0.14285714285714285;	0.21428571428571427;	0.21428571428571427
1377568075;	1;	2699.99866;	21.599989280000003;	0.8;	97388.0;	22017.866666666665;	0.0;	0.3333333333333333;	0.13333333333333333;	0.13333333333333333
1377568375;	1;	2699.99866;	28.799985706666668;	1.0666666666666667;	97388.0;	28484.266666666666;	0.0;	0.13333333333333333;	0.13333333333333333;	0.13333333333333333
1377568675;	1;	2699.99866;	25.19998749333333;	0.9333333333333332;	97388.0;	27959.466666666667;	0.0;	0.2;	0.2;	0.13333333333333333
1377568975;	1;	2699.99866;	21.599989280000003;	0.8;	97388.0;	35475.73333333333;	0.0;	0.13333333333333333;	0.2;	0.2
1377569275;	1;	2699.99866;	26.999986600000003;	1.0;	97388.0;	28646.85714285714;	0.0;	0.21428571428571427;	0.21428571428571427;	0.14285714285714285
1377569575;	1;	2699.99866;	28.799985706666668;	1.0666666666666667;	97388.0;	29532.533333333333;	0.0;	0.13333333333333333;	0.8;	0.7333333333333333
1377569875;	1;	2699.99866;	21.599989280000003;	0.8;	97388.0;	31979.2;	0.0;	0.2;	0.13333333333333333;	0.13333333333333333
1377570175;	1;	2699.99866;	23.142845657142857;	0.8571428571428571;	97388.0;	29582.285714285714;	0.0;	0.14285714285714285;	0.14285714285714285;	0.14285714285714285
1377570475;	1;	2699.99866;	23.142845657142857;	0.8571428571428571;	97388.0;	25650.85714285714;	0.0;	0.14285714285714285;	0.07142857142857142;	0.07142857142857142
1377570775;	1;	2699.99866;	25.19998749333333;	0.9333333333333332;	97388.0;	37048.26666666667;	0.0;	0.2;	0.5333333333333333;	0.5333333333333333
1377571075;	1;	2699.99866;	21.599989280000003;	0.8;	97388.0;	33902.4;	0.0;	0.13333333333333333;	0.06666666666666667;	0.06666666666666667
1377571375;	1;	2699.99866;	23.142845657142857;	0.8571428571428571;	97388.0;	27896.85714285714;	0.0;	0.21428571428571427;	0.07142857142857142;	0.07142857142857142
1377571675;	1;	2699.99866;	28.799985706666668;	1.0666666666666667;	97388.0;	34251.46666666667;	0.0;	0.3333333333333333;	0.06666666666666667;	0.06666666666666667
1377571975;	1;	2699.99866;	26.999986600000003;	1.0;	97388.0;	35574.857142857145;	0.0;	0.21428571428571427;	0.07142857142857142;	0.07142857142857142
1377572275;	1;	2699.99866;	21.599989280000003;	0.8;	97388.0;	31978.4;	0.0;	0.13333333333333333;	0.06666666666666667;	0.06666666666666667
1377572575;	1;	2699.99866;	25.19998749333333;	0.9333333333333332;	97388.0;	25163.466666666667;	0.0;	0.26666666666666666;	0.13333333333333333;	0.13333333333333333
1377572875;	1;	2699.99866;	26.999986600000003;	1.0;	97388.0;	32677.866666666665;	0.0;	0.2;	0.06666666666666667;	0.06666666666666667
1377573175;	1;	2699.99866;	23.399988386666667;	0.8666666666666667;	97388.0;	31978.4;	0.0;	0.2;	0.6666666666666666;	0.6666666666666666
1377573475;	1;	2699.99866;	21.599989280000003;	0.8;	97388.0;	24988.266666666666;	0.0;	0.2;	0.06666666666666667;	0.06666666666666667
1377573776;	1;	2699.99866;	25.19998749333333;	0.9333333333333332;	97388.0;	35999.73333333333;	0.0;	0.26666666666666666;	0.06666666666666667;	0.06666666666666667
1377574076;	1;	2699.99866;	28.799985706666668;	1.0666666666666667;	97388.0;	37922.13333333333;	0.0;	0.13333333333333333;	0.13333333333333333;	0.13333333333333333
1377574376;	1;	2699.99866;	21.599989280000003;	0.8;	97388.0;	32154.4;	0.0;	0.13333333333333333;	0.6;	0.6
1377574676;	1;	2699.99866;	21.599989280000003;	0.8;	97388.0;	30930.666666666668;	0.0;	0.13333333333333333;	0.13333333333333333;	0.13333333333333333
1377574976;	1;	2699.99866;	26.999986600000003;	1.0;	97388.0;	32203.14285714286;	0.0;	0.21428571428571427;	0.07142857142857142;	0.07142857142857142
1377575276;	1;	2699.99866;	25.071416128571432;	0.9285714285714286;	97388.0;	34077.71428571428;	0.0;	0.42857142857142855;	0.14285714285714285;	0.14285714285714285
1377575576;	1;	2699.99866;	21.599989280000003;	0.8;	97388.0;	29707.2;	0.0;	0.13333333333333333;	0.06666666666666667;	0.06666666666666667
1377575876;	1;	2699.99866;	25.19998749333333;	0.9333333333333332;	97388.0;	35300.53333333333;	0.0;	0.26666666666666666;	0.2;	0.2
1377576176;	1;	2699.99866;	28.799985706666668;	1.0666666666666667;	97388.0;	32853.066666666666;	0.0;	0.2;	0.06666666666666667;	0.06666666666666667
1377576476;	1;	2699.99866;	21.599989280000003;	0.8;	97388.0;	31630.133333333335;	0.0;	0.13333333333333333;	0.13333333333333333;	0.13333333333333333
1377576776;	1;	2699.99866;	23.142845657142857;	0.8571428571428571;	97388.0;	28270.571428571428;	0.0;	0.14285714285714285;	0.7142857142857143;	0.7142857142857143
1377577076;	1;	2699.99866;	32.39998392;	1.2;	97388.0;	30231.466666666667;	0.0;	0.26666666666666666;	0.13333333333333333;	0.13333333333333333
1377577376;	1;	2699.99866;	21.599989280000003;	0.8;	97388.0;	34776.0;	0.0;	0.2;	0.06666666666666667;	0.06666666666666667
1377577676;	1;	2699.99866;	21.599989280000003;	0.8;	97388.0;	32853.066666666666;	0.0;	0.26666666666666666;	0.06666666666666667;	0.06666666666666667
1377577976;	1;	2699.99866;	28.799985706666668;	1.0666666666666667;	97388.0;	38097.333333333336;	0.0;	0.2;	0.7333333333333333;	0.7333333333333333
1377578276;	1;	2699.99866;	25.19998749333333;	0.9333333333333332;	97388.0;	32154.133333333335;	0.0;	0.13333333333333333;	0.13333333333333333;	0.13333333333333333
1377578576;	1;	2699.99866;	21.599989280000003;	0.8;	97388.0;	30231.2;	0.0;	0.13333333333333333;	0.2;	0.2
1377578876;	1;	2699.99866;	21.599989280000003;	0.8;	97388.0;	33551.2;	0.0;	0.26666666666666666;	0.13333333333333333;	0.13333333333333333
1377579176;	1;	2699.99866;	28.799985706666668;	1.0666666666666667;	97388.0;	36348.53333333333;	0.0;	0.2;	0.13333333333333333;	0.13333333333333333
1377579476;	1;	2699.99866;	25.19998749333333;	0.9333333333333332;	97388.0;	30580.266666666666;	0.0;	0.26666666666666666;	0.13333333333333333;	0.13333333333333333
1377579776;	1;	2699.99866;	21.599989280000003;	0.8;	97388.0;	28133.866666666665;	0.0;	0.13333333333333333;	0.13333333333333333;	0.13333333333333333
1377580076;	1;	2699.99866;	25.071416128571432;	0.9285714285714286;	97388.0;	33140.57142857143;	0.0;	0.14285714285714285;	0.14285714285714285;	0.14285714285714285
1377580376;	1;	2699.99866;	26.999986600000003;	1.0;	97388.0;	37572.53333333333;	0.0;	0.13333333333333333;	0.8;	0.8
1377580676;	1;	2699.99866;	23.142845657142857;	0.8571428571428571;	97388.0;	41566.857142857145;	0.0;	0.2857142857142857;	0.14285714285714285;	0.14285714285714285
1377580976;	1;	2699.99866;	25.19998749333333;	0.9333333333333332;	97388.0;	33377.333333333336;	0.0;	0.3333333333333333;	0.13333333333333333;	0.13333333333333333
1377581276;	1;	2699.99866;	28.799985706666668;	1.0666666666666667;	97388.0;	27261.066666666666;	0.0;	0.13333333333333333;	0.13333333333333333;	0.13333333333333333
1377581576;	1;	2699.99866;	19.799990173333335;	0.7333333333333333;	97388.0;	26561.866666666665;	0.0;	0.2;	0.6666666666666666;	0.6
1377581876;	1;	2699.99866;	21.599989280000003;	0.8;	97388.0;	31804.266666666666;	0.0;	0.13333333333333333;	0.06666666666666667;	0.06666666666666667
1377582176;	1;	2699.99866;	25.19998749333333;	0.9333333333333332;	97388.0;	34950.666666666664;	0.0;	0.2;	0.06666666666666667;	0.06666666666666667
1377582476;	1;	2699.99866;	28.799985706666668;	1.0666666666666667;	97388.0;	32504.0;	0.0;	0.26666666666666666;	0.06666666666666667;	0.13333333333333333
1377582776;	1;	2699.99866;	21.599989280000003;	0.8;	97388.0;	32153.6;	0.0;	0.13333333333333333;	0.5333333333333333;	0.5333333333333333
1377583077;	1;	2699.99866;	21.599989280000003;	0.8;	97388.0;	32678.933333333334;	0.0;	0.2;	0.06666666666666667;	0.06666666666666667
1377583377;	1;	2699.99866;	28.799985706666668;	1.0666666666666667;	97388.0;	34076.8;	0.0;	0.2;	0.2;	0.2
1377583677;	1;	2699.99866;	23.399988386666667;	0.8666666666666667;	97388.0;	31280.0;	0.0;	0.13333333333333333;	0.06666666666666667;	0.06666666666666667
1377583977;	1;	2699.99866;	23.142845657142857;	0.8571428571428571;	97388.0;	30705.428571428572;	0.0;	0.14285714285714285;	0.7142857142857143;	0.7142857142857143
1377584277;	1;	2699.99866;	25.19998749333333;	0.9333333333333332;	97388.0;	32153.866666666665;	0.0;	0.26666666666666666;	0.13333333333333333;	0.13333333333333333
1377584577;	1;	2699.99866;	28.799985706666668;	1.0666666666666667;	97388.0;	34950.666666666664;	0.0;	0.2;	0.13333333333333333;	0.13333333333333333
1377584877;	1;	2699.99866;	21.599989280000003;	0.8;	97388.0;	30231.466666666667;	0.0;	0.2;	0.06666666666666667;	0.06666666666666667
1377585177;	1;	2699.99866;	25.19998749333333;	0.9333333333333332;	97388.0;	32153.866666666665;	0.0;	0.26666666666666666;	0.6666666666666666;	0.6
1377585477;	1;	2699.99866;	28.799985706666668;	1.0666666666666667;	97388.0;	27086.4;	0.0;	0.13333333333333333;	0.06666666666666667;	0.06666666666666667
1377585777;	1;	2699.99866;	21.599989280000003;	0.8;	97388.0;	28484.0;	0.0;	0.13333333333333333;	0.06666666666666667;	0.06666666666666667
1377586077;	1;	2699.99866;	26.999986600000003;	1.0;	97388.0;	27148.571428571428;	0.0;	0.35714285714285715;	0.07142857142857142;	0.14285714285714285
1377586377;	1;	2699.99866;	28.799985706666668;	1.0666666666666667;	97388.0;	32678.933333333334;	0.0;	0.2;	0.06666666666666667;	0.06666666666666667
1377586677;	1;	2699.99866;	25.19998749333333;	0.9333333333333332;	97388.0;	30231.466666666667;	0.0;	0.13333333333333333;	0.06666666666666667;	0.06666666666666667
1377586977;	1;	2699.99866;	21.599989280000003;	0.8;	97388.0;	34776.8;	0.0;	0.2;	0.06666666666666667;	0.06666666666666667
1377587277;	1;	2699.99866;	23.399988386666667;	0.8666666666666667;	97388.0;	26736.533333333333;	0.0;	0.2;	0.2;	0.2
1377587577;	1;	2699.99866;	25.19998749333333;	0.9333333333333332;	97388.0;	27960.266666666666;	0.0;	0.13333333333333333;	0.7333333333333333;	0.7333333333333333
1377587877;	1;	2699.99866;	25.19998749333333;	0.9333333333333332;	97388.0;	30931.466666666667;	0.0;	0.4;	0.13333333333333333;	0.06666666666666667
1377588177;	1;	2699.99866;	21.599989280000003;	0.8;	97388.0;	33377.86666666667;	0.0;	0.13333333333333333;	0.06666666666666667;	0.06666666666666667
1377588477;	1;	2699.99866;	25.19998749333333;	0.9333333333333332;	97388.0;	34776.0;	0.0;	0.26666666666666666;	0.06666666666666667;	0.06666666666666667
1377588776;	1;	2699.99866;	25.19998749333333;	0.9333333333333332;	97388.0;	37920.8;	0.0;	0.13333333333333333;	0.6;	0.6
1377589076;	1;	2699.99866;	25.19998749333333;	0.9333333333333332;	97388.0;	30581.333333333332;	0.0;	0.13333333333333333;	0.06666666666666667;	0.06666666666666667
1377589376;	1;	2699.99866;	21.599989280000003;	0.8;	97388.0;	30058.133333333335;	0.0;	0.13333333333333333;	0.06666666666666667;	0.06666666666666667
1377589676;	1;	2699.99866;	25.19998749333333;	0.9333333333333332;	97388.0;	31630.666666666668;	0.0;	0.4;	0.06666666666666667;	0.06666666666666667
1377589976;	1;	2699.99866;	25.19998749333333;	0.9333333333333332;	97388.0;	29357.6;	0.0;	0.13333333333333333;	0.13333333333333333;	0.13333333333333333
1377590277;	1;	2699.99866;	25.19998749333333;	0.9333333333333332;	97388.0;	25513.6;	0.0;	0.26666666666666666;	0.13333333333333333;	0.13333333333333333
1377590577;	1;	2699.99866;	21.599989280000003;	0.8;	97388.0;	32678.133333333335;	0.0;	0.13333333333333333;	0.06666666666666667;	0.06666666666666667
1377590877;	1;	2699.99866;	25.19998749333333;	0.9333333333333332;	97388.0;	32677.6;	0.0;	0.2;	0.13333333333333333;	0.13333333333333333
1377591177;	1;	2699.99866;	28.799985706666668;	1.0666666666666667;	97388.0;	33552.8;	0.0;	0.13333333333333333;	0.8;	0.8
1377591477;	1;	2699.99866;	21.599989280000003;	0.8;	97388.0;	30581.6;	0.0;	0.3333333333333333;	0.13333333333333333;	0.13333333333333333
1377591777;	1;	2699.99866;	21.599989280000003;	0.8;	97388.0;	31805.6;	0.0;	0.13333333333333333;	0.2;	0.2
1377592077;	1;	2699.99866;	28.799985706666668;	1.0666666666666667;	97388.0;	31104.8;	0.0;	0.26666666666666666;	0.2;	0.2
1377592377;	1;	2699.99866;	25.19998749333333;	0.9333333333333332;	97388.0;	33726.933333333334;	0.0;	0.13333333333333333;	0.6;	0.6
1377592677;	1;	2699.99866;	21.599989280000003;	0.8;	97388.0;	30056.266666666666;	0.0;	0.13333333333333333;	0.13333333333333333;	0.13333333333333333
1377592977;	1;	2699.99866;	21.599989280000003;	0.8;	97388.0;	33377.333333333336;	0.0;	0.2;	0.2;	0.2
1377593277;	1;	2699.99866;	28.799985706666668;	1.0666666666666667;	97388.0;	36522.933333333334;	0.0;	0.3333333333333333;	0.13333333333333333;	0.13333333333333333
1377593577;	1;	2699.99866;	25.19998749333333;	0.9333333333333332;	97388.0;	31280.266666666666;	0.0;	0.26666666666666666;	0.4666666666666667;	0.4666666666666667
1377593877;	1;	2699.99866;	21.599989280000003;	0.8;	97388.0;	32154.666666666668;	0.0;	0.13333333333333333;	0.13333333333333333;	0.13333333333333333
1377594177;	1;	2699.99866;	25.19998749333333;	0.9333333333333332;	97388.0;	30930.133333333335;	0.0;	0.3333333333333333;	0.13333333333333333;	0.13333333333333333
1377594477;	1;	2699.99866;	25.19998749333333;	0.9333333333333332;	97388.0;	32502.933333333334;	0.0;	0.13333333333333333;	0.13333333333333333;	0.13333333333333333
1377594777;	1;	2699.99866;	25.19998749333333;	0.9333333333333332;	97388.0;	35824.53333333333;	0.0;	0.13333333333333333;	0.7333333333333333;	0.7333333333333333
1377595077;	1;	2699.99866;	21.599989280000003;	0.8;	97388.0;	31454.666666666668;	0.0;	0.2;	0.2;	0.2
1377595377;	1;	2699.99866;	28.799985706666668;	1.0666666666666667;	97388.0;	29882.133333333335;	0.0;	0.2;	0.13333333333333333;	0.13333333333333333
1377595677;	1;	2699.99866;	23.399988386666667;	0.8666666666666667;	97388.0;	32678.933333333334;	0.0;	0.26666666666666666;	0.13333333333333333;	0.13333333333333333
1377595977;	1;	2699.99866;	21.599989280000003;	0.8;	97388.0;	31630.133333333335;	0.0;	0.13333333333333333;	0.6666666666666666;	0.6666666666666666
1377596277;	1;	2699.99866;	25.19998749333333;	0.9333333333333332;	97388.0;	29357.866666666665;	0.0;	0.2;	0.06666666666666667;	0.06666666666666667
1377596577;	1;	2699.99866;	28.799985706666668;	1.0666666666666667;	97388.0;	31978.933333333334;	0.0;	0.2;	0.06666666666666667;	0.06666666666666667
1377596877;	1;	2699.99866;	21.599989280000003;	0.8;	97388.0;	33552.26666666667;	0.0;	0.4;	0.06666666666666667;	0.06666666666666667
1377597177;	1;	2699.99866;	21.599989280000003;	0.8;	97388.0;	36000.0;	0.0;	0.13333333333333333;	0.06666666666666667;	0.06666666666666667
1377597477;	1;	2699.99866;	25.19998749333333;	0.9333333333333332;	97388.0;	32853.333333333336;	0.0;	0.2;	0.06666666666666667;	0.06666666666666667
1377597777;	1;	2699.99866;	28.799985706666668;	1.0666666666666667;	97388.0;	31454.666666666668;	0.0;	0.2;	0.06666666666666667;	0.06666666666666667
1377598077;	1;	2699.99866;	21.599989280000003;	0.8;	97388.0;	28834.133333333335;	0.0;	0.2;	0.06666666666666667;	0.06666666666666667
1377598377;	1;	2699.99866;	21.599989280000003;	0.8;	97388.0;	29883.466666666667;	0.0;	0.13333333333333333;	0.7333333333333333;	0.7333333333333333
1377598677;	1;	2699.99866;	28.799985706666668;	1.0666666666666667;	97388.0;	24813.866666666665;	0.0;	0.26666666666666666;	0.06666666666666667;	0.06666666666666667
1377598977;	1;	2699.99866;	25.19998749333333;	0.9333333333333332;	97388.0;	34601.86666666667;	0.0;	0.26666666666666666;	0.06666666666666667;	0.06666666666666667
1377599277;	1;	2699.99866;	21.599989280000003;	0.8;	97388.0;	30405.866666666665;	0.0;	0.2;	0.06666666666666667;	0.06666666666666667
1377599577;	1;	2699.99866;	28.799985706666668;	1.0666666666666667;	97388.0;	30406.4;	0.0;	0.2;	0.6;	0.5333333333333333
1377599877;	1;	2699.99866;	25.19998749333333;	0.9333333333333332;	97388.0;	30230.933333333334;	0.0;	0.13333333333333333;	0.06666666666666667;	0.06666666666666667
1377600177;	1;	2699.99866;	21.599989280000003;	0.8;	97388.0;	36522.4;	0.0;	0.13333333333333333;	0.06666666666666667;	0.06666666666666667
1377600477;	1;	2699.99866;	19.799990173333335;	0.7333333333333333;	97388.0;	31805.066666666666;	0.0;	0.3333333333333333;	0.06666666666666667;	0.06666666666666667
1377600777;	1;	2699.99866;	28.799985706666668;	1.0666666666666667;	97388.0;	28483.466666666667;	0.0;	0.3333333333333333;	0.06666666666666667;	0.06666666666666667
1377601077;	1;	2699.99866;	25.19998749333333;	0.9333333333333332;	97388.0;	32503.466666666667;	0.0;	0.2;	0.06666666666666667;	0.06666666666666667
1377601377;	1;	2699.99866;	21.599989280000003;	0.8;	97388.0;	32328.533333333333;	0.0;	0.13333333333333333;	0.06666666666666667;	0.06666666666666667
1377601677;	1;	2699.99866;	28.799985706666668;	1.0666666666666667;	97388.0;	29708.0;	0.0;	0.2;	0.06666666666666667;	0.06666666666666667
1377601977;	1;	2699.99866;	25.19998749333333;	0.9333333333333332;	97388.0;	27435.733333333334;	0.0;	0.13333333333333333;	0.8;	0.8
1377602278;	1;	2699.99866;	21.599989280000003;	0.8;	97388.0;	29882.933333333334;	0.0;	0.26666666666666666;	0.06666666666666667;	0.06666666666666667
1377602578;	1;	2699.99866;	21.599989280000003;	0.8;	97388.0;	35299.46666666667;	0.0;	0.2;	0.06666666666666667;	0.06666666666666667
1377602878;	1;	2699.99866;	21.599989280000003;	0.8;	97388.0;	32853.86666666667;	0.0;	0.13333333333333333;	0.13333333333333333;	0.13333333333333333
1377603178;	1;	2699.99866;	26.999986600000003;	1.0;	97388.0;	35649.86666666667;	0.0;	0.2;	0.7333333333333333;	0.6666666666666666
1377603478;	1;	2699.99866;	25.19998749333333;	0.9333333333333332;	97388.0;	33377.6;	0.0;	0.2;	0.13333333333333333;	0.13333333333333333
1377603778;	1;	2699.99866;	21.599989280000003;	0.8;	97388.0;	35998.4;	0.0;	0.2;	0.2;	0.2
1377604078;	1;	2699.99866;	25.19998749333333;	0.9333333333333332;	97388.0;	26736.0;	0.0;	0.4;	0.13333333333333333;	0.13333333333333333
1377604378;	1;	2699.99866;	28.799985706666668;	1.0666666666666667;	97388.0;	34250.666666666664;	0.0;	0.13333333333333333;	0.13333333333333333;	0.13333333333333333
1377604678;	1;	2699.99866;	21.599989280000003;	0.8;	97388.0;	28658.933333333334;	0.0;	0.2;	0.13333333333333333;	0.13333333333333333
1377604978;	1;	2699.99866;	21.599989280000003;	0.8;	97388.0;	32678.933333333334;	0.0;	0.13333333333333333;	0.13333333333333333;	0.13333333333333333
1377605278;	1;	2699.99866;	26.999986600000003;	1.0;	97388.0;	30930.4;	0.0;	0.2;	0.13333333333333333;	0.13333333333333333
1377605578;	1;	2699.99866;	26.999986600000003;	1.0;	97388.0;	31805.333333333332;	0.0;	0.13333333333333333;	0.8;	0.8
1377605878;	1;	2699.99866;	21.599989280000003;	0.8;	97388.0;	33028.8;	0.0;	0.26666666666666666;	0.13333333333333333;	0.13333333333333333
1377606178;	1;	2699.99866;	21.599989280000003;	0.8;	97388.0;	28833.333333333332;	0.0;	0.2;	0.5333333333333333;	0.5333333333333333
1377606478;	1;	2699.99866;	28.799985706666668;	1.0666666666666667;	97388.0;	30930.4;	0.0;	0.2;	0.13333333333333333;	0.13333333333333333
1377606778;	1;	2699.99866;	25.19998749333333;	0.9333333333333332;	97388.0;	29708.533333333333;	0.0;	0.13333333333333333;	0.6;	0.6
1377607078;	1;	2699.99866;	21.599989280000003;	0.8;	97388.0;	35999.46666666667;	0.0;	0.2;	0.13333333333333333;	0.13333333333333333
1377607378;	1;	2699.99866;	25.19998749333333;	0.9333333333333332;	97388.0;	27959.2;	0.0;	0.26666666666666666;	0.13333333333333333;	0.13333333333333333
1377607678;	1;	2699.99866;	25.19998749333333;	0.9333333333333332;	97388.0;	33552.8;	0.0;	0.4666666666666667;	0.06666666666666667;	0.06666666666666667
1377607978;	1;	2699.99866;	25.19998749333333;	0.9333333333333332;	97388.0;	31630.133333333335;	0.0;	1.0;	0.06666666666666667;	0.06666666666666667
1377608278;	1;	2699.99866;	21.599989280000003;	0.8;	97388.0;	32853.86666666667;	0.0;	0.13333333333333333;	0.06666666666666667;	0.06666666666666667
1377608578;	1;	2699.99866;	25.19998749333333;	0.9333333333333332;	97388.0;	31454.133333333335;	0.0;	0.2;	0.06666666666666667;	0.06666666666666667
1377608878;	1;	2699.99866;	26.999986600000003;	1.0;	97388.0;	31279.2;	0.0;	0.13333333333333333;	0.13333333333333333;	0.13333333333333333
1377609178;	1;	2699.99866;	21.599989280000003;	0.8;	97388.0;	35475.2;	0.0;	0.13333333333333333;	0.7333333333333333;	0.7333333333333333
1377609478;	1;	2699.99866;	25.19998749333333;	0.9333333333333332;	97388.0;	35824.0;	0.0;	0.4;	0.06666666666666667;	0.06666666666666667
1377609778;	1;	2699.99866;	28.799985706666668;	1.0666666666666667;	97388.0;	29706.933333333334;	0.0;	0.2;	0.06666666666666667;	0.06666666666666667
1377610078;	1;	2699.99866;	21.599989280000003;	0.8;	97388.0;	29882.4;	0.0;	0.13333333333333333;	0.06666666666666667;	0.06666666666666667
1377610378;	1;	2699.99866;	21.599989280000003;	0.8;	97388.0;	30930.4;	0.0;	0.13333333333333333;	0.5333333333333333;	0.5333333333333333
1377610678;	1;	2699.99866;	28.799985706666668;	1.0666666666666667;	97388.0;	33202.666666666664;	0.0;	0.2;	0.06666666666666667;	0.06666666666666667
1377610978;	1;	2699.99866;	25.19998749333333;	0.9333333333333332;	97388.0;	27434.933333333334;	0.0;	0.13333333333333333;	0.13333333333333333;	0.06666666666666667
1377611278;	1;	2699.99866;	21.599989280000003;	0.8;	97388.0;	26561.866666666665;	0.0;	0.26666666666666666;	0.06666666666666667;	0.06666666666666667
1377611578;	1;	2699.99866;	23.399988386666667;	0.8666666666666667;	97388.0;	29008.266666666666;	0.0;	0.2;	0.0;	0.0
1377611878;	1;	2699.99866;	28.799985706666668;	1.0666666666666667;	97388.0;	38969.6;	0.0;	0.13333333333333333;	0.06666666666666667;	0.06666666666666667
1377612178;	1;	2699.99866;	21.599989280000003;	0.8;	97388.0;	35125.6;	0.0;	0.2;	0.13333333333333333;	0.13333333333333333
1377612478;	1;	2699.99866;	21.214275185714285;	0.7857142857142857;	97388.0;	35574.28571428572;	0.0;	0.2857142857142857;	0.07142857142857142;	0.07142857142857142
1377613078;	1;	2699.998145;	21.599985160000003;	0.8;	97388.0;	30930.4;	0.0;	0.3333333333333333;	0.06666666666666667;	0.06666666666666667
1377613378;	1;	2699.998145;	26.99998145;	1.0;	97388.0;	30406.4;	0.0;	0.13333333333333333;	0.06666666666666667;	0.06666666666666667
1377613678;	1;	2699.998145;	23.399983923333334;	0.8666666666666667;	97388.0;	34252.0;	0.0;	0.26666666666666666;	0.06666666666666667;	0.06666666666666667
1377613978;	1;	2699.998145;	21.599985160000003;	0.8;	97388.0;	39669.333333333336;	0.0;	0.13333333333333333;	0.5333333333333333;	0.5333333333333333
1377614279;	1;	2699.998145;	28.799980213333335;	1.0666666666666667;	97388.0;	37222.4;	0.0;	0.2;	0.06666666666666667;	0.06666666666666667
1377614579;	1;	2699.998145;	25.19998268666666;	0.9333333333333332;	97388.0;	27435.466666666667;	0.0;	0.26666666666666666;	0.06666666666666667;	0.06666666666666667
1377614879;	1;	2699.998145;	21.599985160000003;	0.8;	97388.0;	32504.0;	0.0;	0.3333333333333333;	0.13333333333333333;	0.13333333333333333
1377615179;	1;	2699.998145;	25.19998268666666;	0.9333333333333332;	97388.0;	31805.333333333332;	0.0;	0.2;	0.13333333333333333;	0.13333333333333333
1377615479;	1;	2699.998145;	28.799980213333335;	1.0666666666666667;	97388.0;	34077.6;	0.0;	0.2;	0.06666666666666667;	0.06666666666666667
1377615779;	1;	2699.998145;	21.599985160000003;	0.8;	97388.0;	31978.4;	0.0;	0.13333333333333333;	0.13333333333333333;	0.13333333333333333
1377616079;	1;	2699.998145;	21.599985160000003;	0.8;	97388.0;	30754.933333333334;	0.0;	0.2;	0.26666666666666666;	0.26666666666666666
1377616379;	1;	2699.998145;	28.799980213333335;	1.0666666666666667;	97388.0;	28134.933333333334;	0.0;	0.2;	0.8;	0.7333333333333333
1377616679;	1;	2699.998145;	25.19998268666666;	0.9333333333333332;	97388.0;	31979.733333333334;	0.0;	0.4666666666666667;	0.2;	0.2
1377616979;	1;	2699.998145;	21.599985160000003;	0.8;	97388.0;	34600.8;	0.0;	0.13333333333333333;	0.2;	0.13333333333333333
1377617279;	1;	2699.998145;	25.19998268666666;	0.9333333333333332;	97388.0;	30931.2;	0.0;	0.2;	0.13333333333333333;	0.13333333333333333
1377617579;	1;	2699.998145;	28.799980213333335;	1.0666666666666667;	97388.0;	37223.2;	0.0;	0.13333333333333333;	0.6;	0.6
1377617879;	1;	2699.998145;	21.599985160000003;	0.8;	97388.0;	29882.4;	0.0;	0.2;	0.13333333333333333;	0.13333333333333333
1377618179;	1;	2699.998145;	21.599985160000003;	0.8;	97388.0;	38445.333333333336;	0.0;	0.26666666666666666;	0.13333333333333333;	0.13333333333333333
1377618479;	1;	2699.998145;	28.799980213333335;	1.0666666666666667;	97388.0;	34600.8;	0.0;	0.4;	0.2;	0.2
1377618779;	1;	2699.998145;	25.19998268666666;	0.9333333333333332;	97388.0;	28308.8;	0.0;	0.13333333333333333;	0.13333333333333333;	0.13333333333333333
1377619079;	1;	2699.998145;	21.599985160000003;	0.8;	97388.0;	33028.0;	0.0;	0.13333333333333333;	0.13333333333333333;	0.13333333333333333
1377619379;	1;	2699.998145;	25.19998268666666;	0.9333333333333332;	97388.0;	33028.0;	0.0;	0.2;	0.13333333333333333;	0.13333333333333333
1377619679;	1;	2699.998145;	28.799980213333335;	1.0666666666666667;	97388.0;	26736.0;	0.0;	0.13333333333333333;	0.13333333333333333;	0.13333333333333333
1377619979;	1;	2699.998145;	21.599985160000003;	0.8;	97388.0;	28309.6;	0.0;	0.13333333333333333;	0.8;	0.8
1377620279;	1;	2699.998145;	21.599985160000003;	0.8;	97388.0;	32153.866666666665;	0.0;	0.26666666666666666;	0.13333333333333333;	0.13333333333333333
1377620579;	1;	2699.998145;	28.799980213333335;	1.0666666666666667;	97388.0;	26736.533333333333;	0.0;	0.2;	0.06666666666666667;	0.06666666666666667
1377620879;	1;	2699.998145;	25.19998268666666;	0.9333333333333332;	97388.0;	30405.6;	0.0;	0.13333333333333333;	0.13333333333333333;	0.13333333333333333
1377621179;	1;	2699.998145;	21.599985160000003;	0.8;	97388.0;	29182.933333333334;	0.0;	0.13333333333333333;	0.6;	0.5333333333333333
1377621479;	1;	2699.998145;	25.19998268666666;	0.9333333333333332;	97388.0;	31456.0;	0.0;	0.2;	0.06666666666666667;	0.06666666666666667
1377621779;	1;	2699.998145;	28.799980213333335;	1.0666666666666667;	97388.0;	26212.0;	0.0;	0.13333333333333333;	0.13333333333333333;	0.13333333333333333
1377622079;	1;	2699.998145;	21.599985160000003;	0.8;	97388.0;	28309.6;	0.0;	0.2;	0.13333333333333333;	0.13333333333333333
1377622379;	1;	2699.998145;	25.19998268666666;	0.9333333333333332;	97388.0;	28135.2;	0.0;	0.13333333333333333;	0.06666666666666667;	0.06666666666666667
1377622679;	1;	2699.998145;	25.19998268666666;	0.9333333333333332;	97388.0;	30407.2;	0.0;	0.26666666666666666;	0.06666666666666667;	0.13333333333333333
1377622979;	1;	2699.998145;	25.19998268666666;	0.9333333333333332;	97388.0;	29708.533333333333;	0.0;	0.26666666666666666;	0.06666666666666667;	0.06666666666666667
1377623279;	1;	2699.998145;	19.799986396666664;	0.7333333333333333;	97388.0;	30931.2;	0.0;	0.2;	0.06666666666666667;	0.06666666666666667
1377623579;	1;	2699.998145;	25.19998268666666;	0.9333333333333332;	97388.0;	35650.4;	0.0;	0.26666666666666666;	0.7333333333333333;	0.7333333333333333
1377623879;	1;	2699.998145;	28.799980213333335;	1.0666666666666667;	97388.0;	33552.0;	0.0;	0.26666666666666666;	0.13333333333333333;	0.13333333333333333
1377624179;	1;	2699.998145;	21.599985160000003;	0.8;	97388.0;	33028.8;	0.0;	0.2;	0.13333333333333333;	0.13333333333333333
1377624479;	1;	2699.998145;	23.399983923333334;	0.8666666666666667;	97388.0;	35649.6;	0.0;	0.26666666666666666;	0.13333333333333333;	0.13333333333333333
1377624779;	1;	2699.998145;	25.19998268666666;	0.9333333333333332;	97388.0;	36173.6;	0.0;	0.2;	0.6;	0.5333333333333333
1377625079;	1;	2699.998145;	25.19998268666666;	0.9333333333333332;	97388.0;	37223.2;	0.0;	0.2;	0.06666666666666667;	0.06666666666666667
1377625379;	1;	2699.998145;	21.599985160000003;	0.8;	97388.0;	30932.0;	0.0;	0.13333333333333333;	0.06666666666666667;	0.06666666666666667
1377625679;	1;	2699.998145;	25.19998268666666;	0.9333333333333332;	97388.0;	29881.6;	0.0;	0.4666666666666667;	0.13333333333333333;	0.13333333333333333
1377625979;	1;	2699.998145;	28.799980213333335;	1.0666666666666667;	97388.0;	25688.0;	0.0;	0.2;	0.06666666666666667;	0.06666666666666667
1377626279;	1;	2699.998145;	21.599985160000003;	0.8;	97388.0;	30931.2;	0.0;	0.2;	0.06666666666666667;	0.06666666666666667
1377626579;	1;	2699.998145;	21.599985160000003;	0.8;	97388.0;	35650.4;	0.0;	0.26666666666666666;	0.13333333333333333;	0.13333333333333333
1377626879;	1;	2699.998145;	28.799980213333335;	1.0666666666666667;	97388.0;	31454.4;	0.0;	0.2;	0.06666666666666667;	0.06666666666666667
1377627179;	1;	2699.998145;	25.19998268666666;	0.9333333333333332;	97388.0;	25162.666666666668;	0.0;	0.2;	0.7333333333333333;	0.7333333333333333
1377627479;	1;	2699.998145;	21.599985160000003;	0.8;	97388.0;	27785.6;	0.0;	0.26666666666666666;	0.3333333333333333;	0.26666666666666666
1377627779;	1;	2699.998145;	25.19998268666666;	0.9333333333333332;	97388.0;	33551.2;	0.0;	0.26666666666666666;	0.06666666666666667;	0.06666666666666667
1377628079;	1;	2699.998145;	28.799980213333335;	1.0666666666666667;	97388.0;	30406.4;	0.0;	0.2;	0.06666666666666667;	0.06666666666666667
1377628379;	1;	2699.998145;	21.599985160000003;	0.8;	97388.0;	29008.0;	0.0;	0.13333333333333333;	0.6;	0.6
1377628679;	1;	2699.998145;	21.599985160000003;	0.8;	97388.0;	33028.0;	0.0;	0.2;	0.13333333333333333;	0.06666666666666667
1377628979;	1;	2699.998145;	28.799980213333335;	1.0666666666666667;	97388.0;	32153.6;	0.0;	0.2;	0.2;	0.13333333333333333
1377629279;	1;	2699.998145;	25.19998268666666;	0.9333333333333332;	97388.0;	35999.73333333333;	0.0;	0.4666666666666667;	0.26666666666666666;	0.2
1377629580;	1;	2699.998145;	21.599985160000003;	0.8;	97388.0;	33028.0;	0.0;	0.13333333333333333;	0.13333333333333333;	0.13333333333333333
1377629880;	1;	2699.998145;	25.19998268666666;	0.9333333333333332;	97388.0;	36173.6;	0.0;	0.26666666666666666;	0.2;	0.13333333333333333
1377630180;	1;	2699.998145;	26.99998145;	1.0;	97388.0;	29881.866666666665;	0.0;	0.13333333333333333;	0.13333333333333333;	0.13333333333333333
1377630480;	1;	2699.998145;	19.799986396666664;	0.7333333333333333;	97388.0;	30406.4;	0.0;	0.13333333333333333;	0.13333333333333333;	0.13333333333333333
1377630780;	1;	2699.998145;	25.19998268666666;	0.9333333333333332;	97388.0;	33377.333333333336;	0.0;	0.26666666666666666;	0.7333333333333333;	0.7333333333333333
1377631080;	1;	2699.998145;	28.799980213333335;	1.0666666666666667;	97388.0;	34076.0;	0.0;	0.2;	0.2;	0.2
1377631380;	1;	2699.998145;	19.799986396666664;	0.7333333333333333;	97388.0;	37573.066666666666;	0.0;	0.2;	0.13333333333333333;	0.13333333333333333
1377631680;	1;	2699.998145;	21.599985160000003;	0.8;	97388.0;	33552.0;	0.0;	0.2;	0.13333333333333333;	0.13333333333333333
1377631980;	1;	2699.998145;	26.99998145;	1.0;	97388.0;	31455.2;	0.0;	0.26666666666666666;	0.6;	0.6
1377632280;	1;	2699.998145;	25.19998268666666;	0.9333333333333332;	97388.0;	31980.0;	0.0;	0.26666666666666666;	0.13333333333333333;	0.13333333333333333
1377632580;	1;	2699.998145;	21.599985160000003;	0.8;	97388.0;	30405.6;	0.0;	0.13333333333333333;	0.13333333333333333;	0.13333333333333333
1377632880;	1;	2699.998145;	23.399983923333334;	0.8666666666666667;	97388.0;	36698.4;	0.0;	0.4666666666666667;	0.13333333333333333;	0.13333333333333333
1377633180;	1;	2699.998145;	28.799980213333335;	1.0666666666666667;	97388.0;	30930.4;	0.0;	0.13333333333333333;	0.13333333333333333;	0.13333333333333333
1377633480;	1;	2699.998145;	21.599985160000003;	0.8;	97388.0;	35648.8;	0.0;	0.13333333333333333;	0.13333333333333333;	0.13333333333333333
1377633780;	1;	2699.998145;	21.599985160000003;	0.8;	97388.0;	33028.0;	0.0;	0.13333333333333333;	0.13333333333333333;	0.13333333333333333
1377634080;	1;	2699.998145;	28.799980213333335;	1.0666666666666667;	97388.0;	34601.6;	0.0;	0.2;	0.13333333333333333;	0.13333333333333333
1377634380;	1;	2699.998145;	25.19998268666666;	0.9333333333333332;	97388.0;	33552.0;	0.0;	0.13333333333333333;	0.7333333333333333;	0.7333333333333333
1377634680;	1;	2699.998145;	21.599985160000003;	0.8;	97388.0;	28308.8;	0.0;	0.26666666666666666;	0.13333333333333333;	0.13333333333333333
1377634980;	1;	2699.998145;	25.19998268666666;	0.9333333333333332;	97388.0;	37573.066666666666;	0.0;	0.26666666666666666;	0.13333333333333333;	0.13333333333333333
1377635280;	1;	2699.998145;	28.799980213333335;	1.0666666666666667;	97388.0;	37746.4;	0.0;	0.13333333333333333;	0.06666666666666667;	0.06666666666666667
1377635580;	1;	2699.998145;	21.599985160000003;	0.8;	97388.0;	38620.0;	0.0;	0.2;	0.6666666666666666;	0.6666666666666666
1377635880;	1;	2699.998145;	21.599985160000003;	0.8;	97388.0;	37397.066666666666;	0.0;	0.26666666666666666;	0.06666666666666667;	0.06666666666666667
1377636180;	1;	2699.998145;	28.799980213333335;	1.0666666666666667;	97388.0;	31455.2;	0.0;	0.2;	0.13333333333333333;	0.13333333333333333
1377636480;	1;	2699.998145;	25.19998268666666;	0.9333333333333332;	97388.0;	35125.6;	0.0;	0.4666666666666667;	0.13333333333333333;	0.06666666666666667
1377636780;	1;	2699.998145;	21.599985160000003;	0.8;	97388.0;	35125.6;	0.0;	0.2;	0.06666666666666667;	0.06666666666666667
1377637080;	1;	2699.998145;	25.19998268666666;	0.9333333333333332;	97388.0;	30931.466666666667;	0.0;	0.26666666666666666;	0.4666666666666667;	0.4666666666666667
1377637380;	1;	2699.998145;	28.799980213333335;	1.0666666666666667;	97388.0;	33552.8;	0.0;	0.2;	0.06666666666666667;	0.06666666666666667
1377637680;	1;	2699.998145;	21.599985160000003;	0.8;	97388.0;	29008.266666666666;	0.0;	0.2;	0.06666666666666667;	0.06666666666666667
1377637980;	1;	2699.998145;	21.599985160000003;	0.8;	97388.0;	31454.4;	0.0;	0.13333333333333333;	0.7333333333333333;	0.7333333333333333
1377638280;	1;	2699.998145;	25.19998268666666;	0.9333333333333332;	97388.0;	35649.86666666667;	0.0;	0.4;	0.13333333333333333;	0.13333333333333333
1377638581;	1;	2699.998145;	28.799980213333335;	1.0666666666666667;	97388.0;	27958.666666666668;	0.0;	0.13333333333333333;	0.06666666666666667;	0.06666666666666667
1377638881;	1;	2699.998145;	21.599985160000003;	0.8;	97388.0;	33377.333333333336;	0.0;	0.26666666666666666;	0.06666666666666667;	0.06666666666666667
1377639181;	1;	2699.998145;	21.599985160000003;	0.8;	97388.0;	38270.4;	0.0;	0.13333333333333333;	0.5333333333333333;	0.5333333333333333
1377639481;	1;	2699.998145;	25.19998268666666;	0.9333333333333332;	97388.0;	28308.8;	0.0;	0.26666666666666666;	0.13333333333333333;	0.13333333333333333
1377640081;	1;	2699.998145;	21.599985160000003;	0.8;	97388.0;	32328.533333333333;	0.0;	0.4;	0.2;	0.2
1377640381;	1;	2699.998145;	21.599985160000003;	0.8;	97388.0;	31629.866666666665;	0.0;	0.13333333333333333;	0.06666666666666667;	0.06666666666666667
1377640681;	1;	2699.998145;	28.799980213333335;	1.0666666666666667;	97388.0;	30406.133333333335;	0.0;	0.2;	0.13333333333333333;	0.13333333333333333
1377640981;	1;	2699.998145;	25.19998268666666;	0.9333333333333332;	97388.0;	33552.8;	0.0;	0.2;	0.06666666666666667;	0.06666666666666667
1377641281;	1;	2699.998145;	21.599985160000003;	0.8;	97388.0;	38445.86666666667;	0.0;	0.26666666666666666;	0.2;	0.2
1377641581;	1;	2699.998145;	25.19998268666666;	0.9333333333333332;	97388.0;	36872.8;	0.0;	0.26666666666666666;	0.6666666666666666;	0.6666666666666666
1377641881;	1;	2699.998145;	28.799980213333335;	1.0666666666666667;	97388.0;	32853.6;	0.0;	0.26666666666666666;	0.2;	0.2
1377642181;	1;	2699.998145;	21.599985160000003;	0.8;	97388.0;	26736.0;	0.0;	0.13333333333333333;	0.06666666666666667;	0.06666666666666667
1377642481;	1;	2699.998145;	21.599985160000003;	0.8;	97388.0;	28659.2;	0.0;	0.2;	0.26666666666666666;	0.2
1377642781;	1;	2699.998145;	28.799980213333335;	1.0666666666666667;	97388.0;	34951.2;	0.0;	0.2;	0.6;	0.6
1377643081;	1;	2699.998145;	25.19998268666666;	0.9333333333333332;	97388.0;	28484.0;	0.0;	0.26666666666666666;	0.13333333333333333;	0.13333333333333333
1377643381;	1;	2699.998145;	21.599985160000003;	0.8;	97388.0;	38096.26666666667;	0.0;	0.2;	0.06666666666666667;	0.06666666666666667
1377643681;	1;	2699.998145;	25.19998268666666;	0.9333333333333332;	97388.0;	32502.933333333334;	0.0;	0.4666666666666667;	0.2;	0.2
1377643981;	1;	2699.998145;	28.799980213333335;	1.0666666666666667;	97388.0;	30580.8;	0.0;	0.2;	0.13333333333333333;	0.13333333333333333
1377644281;	1;	2699.998145;	21.599985160000003;	0.8;	97388.0;	31280.266666666666;	0.0;	0.13333333333333333;	0.13333333333333333;	0.13333333333333333
1377644581;	1;	2699.998145;	21.599985160000003;	0.8;	97388.0;	31630.133333333335;	0.0;	0.2;	0.13333333333333333;	0.13333333333333333
1377644881;	1;	2699.998145;	28.799980213333335;	1.0666666666666667;	97388.0;	34250.666666666664;	0.0;	0.2;	0.26666666666666666;	0.26666666666666666
1377645181;	1;	2699.998145;	25.19998268666666;	0.9333333333333332;	97388.0;	27784.533333333333;	0.0;	0.26666666666666666;	0.7333333333333333;	0.7333333333333333
1377645481;	1;	2699.998145;	21.599985160000003;	0.8;	97388.0;	27610.4;	0.0;	0.26666666666666666;	0.2;	0.13333333333333333
1377645781;	1;	2699.998145;	21.599985160000003;	0.8;	97388.0;	35124.0;	0.0;	0.26666666666666666;	0.13333333333333333;	0.13333333333333333
1377646081;	1;	2699.998145;	28.799980213333335;	1.0666666666666667;	97388.0;	35824.0;	0.0;	0.2;	0.13333333333333333;	0.13333333333333333
1377646381;	1;	2699.998145;	25.19998268666666;	0.9333333333333332;	97388.0;	32853.066666666666;	0.0;	0.3333333333333333;	0.6666666666666666;	0.6666666666666666
1377646681;	1;	2699.998145;	21.599985160000003;	0.8;	97388.0;	30231.733333333334;	0.0;	0.2;	0.13333333333333333;	0.13333333333333333
1377646981;	1;	2699.998145;	25.19998268666666;	0.9333333333333332;	97388.0;	34600.8;	0.0;	0.2;	0.13333333333333333;	0.13333333333333333
1377647281;	1;	2699.998145;	26.99998145;	1.0;	97388.0;	27959.466666666667;	0.0;	0.4666666666666667;	0.13333333333333333;	0.13333333333333333
1377647581;	1;	2699.998145;	26.99998145;	1.0;	97388.0;	31105.866666666665;	0.0;	0.13333333333333333;	0.06666666666666667;	0.06666666666666667
1377647881;	1;	2699.998145;	21.599985160000003;	0.8;	97388.0;	29182.933333333334;	0.0;	0.13333333333333333;	0.13333333333333333;	0.13333333333333333
1377648181;	1;	2699.998145;	21.599985160000003;	0.8;	97388.0;	29357.6;	0.0;	0.13333333333333333;	0.06666666666666667;	0.06666666666666667
1377648481;	1;	2699.998145;	28.799980213333335;	1.0666666666666667;	97388.0;	28659.2;	0.0;	0.2;	0.06666666666666667;	0.06666666666666667
1377648781;	1;	2699.998145;	25.19998268666666;	0.9333333333333332;	97388.0;	31630.4;	0.0;	0.13333333333333333;	0.6666666666666666;	0.6666666666666666
1377649081;	1;	2699.998145;	21.599985160000003;	0.8;	97388.0;	32678.4;	0.0;	0.26666666666666666;	0.06666666666666667;	0.06666666666666667
1377649381;	1;	2699.998145;	21.599985160000003;	0.8;	97388.0;	33727.46666666667;	0.0;	0.2;	0.06666666666666667;	0.06666666666666667
1377649681;	1;	2699.998145;	23.399983923333334;	0.8666666666666667;	97388.0;	27609.333333333332;	0.0;	0.3333333333333333;	0.13333333333333333;	0.13333333333333333
1377649982;	1;	2699.998145;	26.99998145;	1.0;	97388.0;	30931.2;	0.0;	0.13333333333333333;	0.8;	0.6666666666666666
1377650282;	1;	2699.998145;	23.399983923333334;	0.8666666666666667;	97388.0;	29882.133333333335;	0.0;	0.2;	0.06666666666666667;	0.06666666666666667
1377650582;	1;	2699.998145;	21.599985160000003;	0.8;	97388.0;	27784.8;	0.0;	0.13333333333333333;	0.4;	0.4
1377650882;	1;	2699.998145;	21.599985160000003;	0.8;	97388.0;	33028.26666666667;	0.0;	0.4;	0.13333333333333333;	0.13333333333333333
1377651182;	1;	2699.998145;	21.599985160000003;	0.8;	97388.0;	32678.133333333335;	0.0;	0.13333333333333333;	0.06666666666666667;	0.06666666666666667
1377651482;	1;	2699.998145;	17.999987633333333;	0.6666666666666667;	97388.0;	35474.4;	0.0;	0.13333333333333333;	0.06666666666666667;	0.06666666666666667
1377651782;	1;	2699.998145;	21.599985160000003;	0.8;	97388.0;	26911.2;	0.0;	0.13333333333333333;	0.2;	0.2
1377652082;	1;	2699.998145;	25.19998268666666;	0.9333333333333332;	97388.0;	30581.333333333332;	0.0;	0.26666666666666666;	0.06666666666666667;	0.06666666666666667
1377652382;	1;	2699.998145;	21.599985160000003;	0.8;	97388.0;	31980.0;	0.0;	0.2;	0.6;	0.6
1377652682;	1;	2699.998145;	21.599985160000003;	0.8;	97388.0;	30406.4;	0.0;	0.26666666666666666;	0.2;	0.2
1377652982;	1;	2699.998145;	21.599985160000003;	0.8;	97388.0;	38446.933333333334;	0.0;	0.13333333333333333;	0.06666666666666667;	0.06666666666666667
1377653282;	1;	2699.998145;	25.19998268666666;	0.9333333333333332;	97388.0;	32329.066666666666;	0.0;	0.3333333333333333;	0.13333333333333333;	0.13333333333333333
1377653582;	1;	2699.998145;	28.799980213333335;	1.0666666666666667;	97388.0;	26910.4;	0.0;	0.2;	0.7333333333333333;	0.6
1377653882;	1;	2699.998145;	21.599985160000003;	0.8;	97388.0;	27609.6;	0.0;	0.13333333333333333;	0.06666666666666667;	0.06666666666666667
1377654182;	1;	2699.998145;	21.599985160000003;	0.8;	97388.0;	35650.4;	0.0;	0.2;	0.06666666666666667;	0.06666666666666667
1377654482;	1;	2699.998145;	28.799980213333335;	1.0666666666666667;	97388.0;	34251.73333333333;	0.0;	0.26666666666666666;	0.26666666666666666;	0.26666666666666666
1377654782;	1;	2699.998145;	25.19998268666666;	0.9333333333333332;	97388.0;	30406.133333333335;	0.0;	0.13333333333333333;	0.13333333333333333;	0.13333333333333333
1377655082;	1;	2699.998145;	21.599985160000003;	0.8;	97388.0;	33901.86666666667;	0.0;	0.13333333333333333;	0.13333333333333333;	0.13333333333333333
1377655382;	1;	2699.998145;	25.19998268666666;	0.9333333333333332;	97388.0;	34251.2;	0.0;	0.3333333333333333;	0.13333333333333333;	0.13333333333333333
1377655682;	1;	2699.998145;	25.19998268666666;	0.9333333333333332;	97388.0;	29881.6;	0.0;	0.13333333333333333;	0.13333333333333333;	0.13333333333333333
1377655982;	1;	2699.998145;	25.19998268666666;	0.9333333333333332;	97388.0;	33202.4;	0.0;	0.2;	0.8;	0.8
1377656282;	1;	2699.998145;	21.599985160000003;	0.8;	97388.0;	33202.933333333334;	0.0;	0.26666666666666666;	0.2;	0.2
1377656582;	1;	2699.998145;	25.19998268666666;	0.9333333333333332;	97388.0;	35474.666666666664;	0.0;	0.2;	0.13333333333333333;	0.13333333333333333
1377656882;	1;	2699.998145;	28.799980213333335;	1.0666666666666667;	97388.0;	28833.333333333332;	0.0;	0.2;	0.2;	0.2
1377657182;	1;	2699.998145;	21.599985160000003;	0.8;	97388.0;	31280.0;	0.0;	0.13333333333333333;	0.6666666666666666;	0.6666666666666666
1377657482;	1;	2699.998145;	21.599985160000003;	0.8;	97388.0;	30755.466666666667;	0.0;	0.13333333333333333;	0.13333333333333333;	0.13333333333333333
1377657782;	1;	2699.998145;	28.799980213333335;	1.0666666666666667;	97388.0;	25688.266666666666;	0.0;	0.2;	0.13333333333333333;	0.13333333333333333
1377658082;	1;	2699.998145;	25.19998268666666;	0.9333333333333332;	97388.0;	32329.333333333332;	0.0;	0.4666666666666667;	0.13333333333333333;	0.13333333333333333
1377658382;	1;	2699.998145;	21.599985160000003;	0.8;	97388.0;	36347.73333333333;	0.0;	0.13333333333333333;	0.13333333333333333;	0.13333333333333333
1377658682;	1;	2699.998145;	25.19998268666666;	0.9333333333333332;	97388.0;	37572.0;	0.0;	0.26666666666666666;	0.06666666666666667;	0.06666666666666667
1377658982;	1;	2699.998145;	28.799980213333335;	1.0666666666666667;	97388.0;	37047.73333333333;	0.0;	0.13333333333333333;	0.06666666666666667;	0.06666666666666667
1377659282;	1;	2699.998145;	21.599985160000003;	0.8;	97388.0;	34601.333333333336;	0.0;	0.13333333333333333;	0.06666666666666667;	0.06666666666666667
1377659582;	1;	2699.998145;	21.599985160000003;	0.8;	97388.0;	34251.46666666667;	0.0;	0.2;	0.6666666666666666;	0.6666666666666666
1377659882;	1;	2699.998145;	28.799980213333335;	1.0666666666666667;	97388.0;	27784.8;	0.0;	0.3333333333333333;	0.06666666666666667;	0.06666666666666667
1377660182;	1;	2699.998145;	25.19998268666666;	0.9333333333333332;	97388.0;	32155.2;	0.0;	0.2;	0.06666666666666667;	0.06666666666666667
1377660482;	1;	2699.998145;	21.599985160000003;	0.8;	97388.0;	33728.26666666667;	0.0;	0.2;	0.06666666666666667;	0.06666666666666667
1377660782;	1;	2699.998145;	25.19998268666666;	0.9333333333333332;	97388.0;	29181.866666666665;	0.0;	0.3333333333333333;	0.6666666666666666;	0.6666666666666666
1377661082;	1;	2699.998145;	28.799980213333335;	1.0666666666666667;	97388.0;	32153.866666666665;	0.0;	0.26666666666666666;	0.06666666666666667;	0.06666666666666667
1377661382;	1;	2699.998145;	21.599985160000003;	0.8;	97388.0;	28308.8;	0.0;	0.2;	0.13333333333333333;	0.13333333333333333
1377661682;	1;	2699.998145;	21.599985160000003;	0.8;	97388.0;	30405.6;	0.0;	0.26666666666666666;	0.06666666666666667;	0.06666666666666667
1377661982;	1;	2699.998145;	28.799980213333335;	1.0666666666666667;	97388.0;	28484.266666666666;	0.0;	0.2;	0.13333333333333333;	0.06666666666666667
1377662282;	1;	2699.998145;	25.19998268666666;	0.9333333333333332;	97388.0;	29532.0;	0.0;	0.2;	0.06666666666666667;	0.06666666666666667
1377662582;	1;	2699.998145;	21.599985160000003;	0.8;	97388.0;	27960.266666666666;	0.0;	0.2;	0.06666666666666667;	0.06666666666666667
1377662882;	1;	2699.998145;	28.799980213333335;	1.0666666666666667;	97388.0;	29533.066666666666;	0.0;	0.2;	0.6;	0.6
1377663182;	1;	2699.998145;	25.19998268666666;	0.9333333333333332;	97388.0;	31979.466666666667;	0.0;	0.26666666666666666;	0.7333333333333333;	0.7333333333333333
1377663482;	1;	2699.998145;	21.599985160000003;	0.8;	97388.0;	32853.066666666666;	0.0;	0.26666666666666666;	0.06666666666666667;	0.06666666666666667
1377663782;	1;	2699.998145;	21.599985160000003;	0.8;	97388.0;	30757.066666666666;	0.0;	0.2;	0.06666666666666667;	0.06666666666666667
1377664082;	1;	2699.998145;	28.799980213333335;	1.0666666666666667;	97388.0;	28832.533333333333;	0.0;	0.26666666666666666;	0.06666666666666667;	0.06666666666666667
1377664683;	1;	2699.998145;	21.599985160000003;	0.8;	97388.0;	30406.933333333334;	0.0;	0.2;	0.06666666666666667;	0.06666666666666667
1377664983;	1;	2699.998145;	23.399983923333334;	0.8666666666666667;	97388.0;	30406.666666666668;	0.0;	0.2;	0.06666666666666667;	0.06666666666666667
1377665283;	1;	2699.998145;	26.99998145;	1.0;	97388.0;	27434.933333333334;	0.0;	0.26666666666666666;	0.06666666666666667;	0.06666666666666667
1377665583;	1;	2699.998145;	25.19998268666666;	0.9333333333333332;	97388.0;	31280.0;	0.0;	0.13333333333333333;	0.06666666666666667;	0.06666666666666667
1377665883;	1;	2699.998145;	21.599985160000003;	0.8;	97388.0;	26911.2;	0.0;	0.13333333333333333;	0.06666666666666667;	0.06666666666666667
1377666183;	1;	2699.998145;	25.19998268666666;	0.9333333333333332;	97388.0;	28133.866666666665;	0.0;	0.26666666666666666;	0.06666666666666667;	0.06666666666666667
1377666483;	1;	2699.998145;	28.799980213333335;	1.0666666666666667;	97388.0;	28484.266666666666;	0.0;	0.13333333333333333;	0.13333333333333333;	0.13333333333333333
1377666783;	1;	2699.998145;	21.599985160000003;	0.8;	97388.0;	28658.666666666668;	0.0;	0.13333333333333333;	0.8666666666666667;	0.8666666666666667
1377667083;	1;	2699.998145;	25.19998268666666;	0.9333333333333332;	97388.0;	32678.933333333334;	0.0;	0.4;	0.2;	0.2
1377667383;	1;	2699.998145;	28.799980213333335;	1.0666666666666667;	97388.0;	28484.266666666666;	0.0;	0.13333333333333333;	0.06666666666666667;	0.06666666666666667
1377667683;	1;	2699.998145;	21.599985160000003;	0.8;	97388.0;	28309.866666666665;	0.0;	0.2;	0.13333333333333333;	0.13333333333333333
1377667983;	1;	2699.998145;	21.599985160000003;	0.8;	97388.0;	29183.466666666667;	0.0;	0.2;	0.6666666666666666;	0.6666666666666666
1377668283;	1;	2699.998145;	28.799980213333335;	1.0666666666666667;	97388.0;	33901.6;	0.0;	0.2;	0.13333333333333333;	0.13333333333333333
1377668583;	1;	2699.998145;	25.19998268666666;	0.9333333333333332;	97388.0;	34776.8;	0.0;	0.2;	0.13333333333333333;	0.13333333333333333
1377668883;	1;	2699.998145;	21.599985160000003;	0.8;	97388.0;	28658.4;	0.0;	0.26666666666666666;	0.2;	0.2
1377669183;	1;	2699.998145;	21.599985160000003;	0.8;	97388.0;	30406.666666666668;	0.0;	0.13333333333333333;	0.13333333333333333;	0.13333333333333333
1377669483;	1;	2699.998145;	28.799980213333335;	1.0666666666666667;	97388.0;	36173.6;	0.0;	0.2;	0.13333333333333333;	0.13333333333333333
1377669783;	1;	2699.998145;	25.19998268666666;	0.9333333333333332;	97388.0;	33552.8;	0.0;	0.13333333333333333;	0.06666666666666667;	0.06666666666666667
1377670083;	1;	2699.998145;	21.599985160000003;	0.8;	97388.0;	30581.866666666665;	0.0;	0.2;	0.13333333333333333;	0.13333333333333333
1377670383;	1;	2699.998145;	25.19998268666666;	0.9333333333333332;	97388.0;	28834.133333333335;	0.0;	0.26666666666666666;	0.7333333333333333;	0.7333333333333333
1377670683;	1;	2699.998145;	28.799980213333335;	1.0666666666666667;	97388.0;	27436.266666666666;	0.0;	0.26666666666666666;	0.13333333333333333;	0.13333333333333333
1377670983;	1;	2699.998145;	19.799986396666664;	0.7333333333333333;	97388.0;	33551.73333333333;	0.0;	0.13333333333333333;	0.13333333333333333;	0.13333333333333333
1377671283;	1;	2699.998145;	21.599985160000003;	0.8;	97388.0;	31105.866666666665;	0.0;	0.2;	0.13333333333333333;	0.13333333333333333
1377671583;	1;	2699.998145;	28.799980213333335;	1.0666666666666667;	97388.0;	30230.933333333334;	0.0;	0.26666666666666666;	0.6;	0.6
1377671883;	1;	2699.998145;	25.19998268666666;	0.9333333333333332;	97388.0;	34427.2;	0.0;	0.3333333333333333;	0.06666666666666667;	0.06666666666666667
1377672183;	1;	2699.998145;	21.599985160000003;	0.8;	97388.0;	31629.6;	0.0;	0.13333333333333333;	0.13333333333333333;	0.13333333333333333
1377672483;	1;	2699.998145;	25.19998268666666;	0.9333333333333332;	97388.0;	28309.066666666666;	0.0;	0.26666666666666666;	0.06666666666666667;	0.06666666666666667
1377672783;	1;	2699.998145;	28.799980213333335;	1.0666666666666667;	97388.0;	29358.666666666668;	0.0;	0.2;	0.06666666666666667;	0.06666666666666667
1377673083;	1;	2699.998145;	21.599985160000003;	0.8;	97388.0;	29358.666666666668;	0.0;	0.13333333333333333;	0.06666666666666667;	0.06666666666666667
1377673383;	1;	2699.998145;	21.599985160000003;	0.8;	97388.0;	29882.4;	0.0;	0.2;	0.06666666666666667;	0.06666666666666667
1377673683;	1;	2699.998145;	32.39997774;	1.2;	97388.0;	28135.466666666667;	0.0;	0.2;	0.3333333333333333;	0.26666666666666666
1377673983;	1;	2699.998145;	21.599985160000003;	0.8;	97388.0;	33203.2;	0.0;	0.13333333333333333;	0.6;	0.6
1377674283;	1;	2699.998145;	21.599985160000003;	0.8;	97388.0;	35125.86666666667;	0.0;	0.3333333333333333;	0.06666666666666667;	0.06666666666666667
1377674583;	1;	2699.998145;	28.799980213333335;	1.0666666666666667;	97388.0;	27610.133333333335;	0.0;	0.2;	0.06666666666666667;	0.06666666666666667
1377674883;	1;	2699.998145;	25.19998268666666;	0.9333333333333332;	97388.0;	32154.933333333334;	0.0;	0.26666666666666666;	0.13333333333333333;	0.13333333333333333
1377675183;	1;	2699.998145;	21.599985160000003;	0.8;	97388.0;	35125.86666666667;	0.0;	0.13333333333333333;	0.6;	0.6
1377675483;	1;	2699.998145;	25.19998268666666;	0.9333333333333332;	97388.0;	35649.86666666667;	0.0;	0.3333333333333333;	0.06666666666666667;	0.06666666666666667
1377675783;	1;	2699.998145;	28.799980213333335;	1.0666666666666667;	97388.0;	28832.8;	0.0;	0.2;	0.06666666666666667;	0.06666666666666667
1377676083;	1;	2699.998145;	21.599985160000003;	0.8;	97388.0;	28134.4;	0.0;	0.2;	0.06666666666666667;	0.06666666666666667
1377676383;	1;	2699.998145;	21.599985160000003;	0.8;	97388.0;	32503.466666666667;	0.0;	0.3333333333333333;	0.06666666666666667;	0.06666666666666667
1377676684;	1;	2699.998145;	28.799980213333335;	1.0666666666666667;	97388.0;	34250.666666666664;	0.0;	0.13333333333333333;	0.06666666666666667;	0.06666666666666667
1377676984;	1;	2699.998145;	23.399983923333334;	0.8666666666666667;	97388.0;	28484.266666666666;	0.0;	0.13333333333333333;	0.13333333333333333;	0.13333333333333333
1377677284;	1;	2699.998145;	21.599985160000003;	0.8;	97388.0;	30057.333333333332;	0.0;	0.2;	0.06666666666666667;	0.06666666666666667
1377677584;	1;	2699.998145;	28.799980213333335;	1.0666666666666667;	97388.0;	31279.466666666667;	0.0;	0.2;	0.7333333333333333;	0.7333333333333333
1377677884;	1;	2699.998145;	25.19998268666666;	0.9333333333333332;	97388.0;	33727.2;	0.0;	0.2;	0.06666666666666667;	0.06666666666666667
1377678184;	1;	2699.998145;	21.599985160000003;	0.8;	97388.0;	35124.53333333333;	0.0;	0.13333333333333333;	0.06666666666666667;	0.06666666666666667
1377678484;	1;	2699.998145;	25.19998268666666;	0.9333333333333332;	97388.0;	32155.2;	0.0;	0.26666666666666666;	0.06666666666666667;	0.06666666666666667
1377678784;	1;	2699.998145;	28.799980213333335;	1.0666666666666667;	97388.0;	26561.6;	0.0;	0.13333333333333333;	0.6666666666666666;	0.6
1377679084;	1;	2699.998145;	21.599985160000003;	0.8;	97388.0;	28832.533333333333;	0.0;	0.2;	0.13333333333333333;	0.13333333333333333
1377679384;	1;	2699.998145;	21.599985160000003;	0.8;	97388.0;	31804.533333333333;	0.0;	0.2;	0.13333333333333333;	0.13333333333333333
1377679684;	1;	2699.998145;	28.799980213333335;	1.0666666666666667;	97388.0;	31454.933333333334;	0.0;	0.26666666666666666;	0.06666666666666667;	0.06666666666666667
1377679984;	1;	2699.998145;	25.19998268666666;	0.9333333333333332;	97388.0;	31280.0;	0.0;	0.13333333333333333;	0.13333333333333333;	0.13333333333333333
1377680284;	1;	2699.998145;	21.599985160000003;	0.8;	97388.0;	29008.8;	0.0;	0.13333333333333333;	0.06666666666666667;	0.06666666666666667
1377680584;	1;	2699.998145;	28.799980213333335;	1.0666666666666667;	97388.0;	27959.466666666667;	0.0;	0.2;	0.06666666666666667;	0.06666666666666667
1377680884;	1;	2699.998145;	25.19998268666666;	0.9333333333333332;	97388.0;	25163.466666666667;	0.0;	0.2;	0.06666666666666667;	0.06666666666666667
1377681184;	1;	2699.998145;	21.599985160000003;	0.8;	97388.0;	31805.6;	0.0;	0.13333333333333333;	0.6666666666666666;	0.6666666666666666
1377681484;	1;	2699.998145;	25.19998268666666;	0.9333333333333332;	97388.0;	28484.266666666666;	0.0;	0.3333333333333333;	0.13333333333333333;	0.13333333333333333
1377681784;	1;	2699.998145;	28.799980213333335;	1.0666666666666667;	97388.0;	28134.4;	0.0;	0.13333333333333333;	0.2;	0.2
1377682084;	1;	2699.998145;	21.599985160000003;	0.8;	97388.0;	25863.466666666667;	0.0;	0.13333333333333333;	0.13333333333333333;	0.13333333333333333
1377682384;	1;	2699.998145;	21.599985160000003;	0.8;	97388.0;	34427.2;	0.0;	0.2;	0.6666666666666666;	0.6666666666666666
1377682684;	1;	2699.998145;	28.799980213333335;	1.0666666666666667;	97388.0;	36698.933333333334;	0.0;	0.26666666666666666;	0.13333333333333333;	0.13333333333333333
1377682984;	1;	2699.998145;	25.19998268666666;	0.9333333333333332;	97388.0;	31804.8;	0.0;	0.2;	0.13333333333333333;	0.13333333333333333
1377683284;	1;	2699.998145;	21.599985160000003;	0.8;	97388.0;	36174.4;	0.0;	0.3333333333333333;	0.2;	0.2
1377683584;	1;	2699.998145;	25.19998268666666;	0.9333333333333332;	97388.0;	33552.8;	0.0;	0.2;	0.13333333333333333;	0.13333333333333333
1377683884;	1;	2699.998145;	28.799980213333335;	1.0666666666666667;	97388.0;	30581.333333333332;	0.0;	0.13333333333333333;	0.13333333333333333;	0.13333333333333333
1377684184;	1;	2699.998145;	21.599985160000003;	0.8;	97388.0;	34251.2;	0.0;	0.13333333333333333;	0.13333333333333333;	0.13333333333333333
1377684484;	1;	2699.998145;	25.19998268666666;	0.9333333333333332;	97388.0;	31805.066666666666;	0.0;	0.2;	0.13333333333333333;	0.13333333333333333
1377684784;	1;	2699.998145;	28.799980213333335;	1.0666666666666667;	97388.0;	28832.8;	0.0;	0.13333333333333333;	0.7333333333333333;	0.7333333333333333
1377685084;	1;	2699.998145;	21.599985160000003;	0.8;	97388.0;	30231.733333333334;	0.0;	0.3333333333333333;	0.06666666666666667;	0.06666666666666667
1377685384;	1;	2699.998145;	21.599985160000003;	0.8;	97388.0;	26736.8;	0.0;	0.13333333333333333;	0.13333333333333333;	0.13333333333333333
1377685684;	1;	2699.998145;	28.799980213333335;	1.0666666666666667;	97388.0;	38445.86666666667;	0.0;	0.2;	0.13333333333333333;	0.13333333333333333
1377685984;	1;	2699.998145;	25.19998268666666;	0.9333333333333332;	97388.0;	31280.0;	0.0;	0.2;	0.6666666666666666;	0.6
1377686284;	1;	2699.998145;	21.599985160000003;	0.8;	97388.0;	35650.933333333334;	0.0;	0.2;	0.8;	0.8
1377686584;	1;	2699.998145;	25.19998268666666;	0.9333333333333332;	97388.0;	35649.86666666667;	0.0;	0.26666666666666666;	0.13333333333333333;	0.13333333333333333
1377686884;	1;	2699.998145;	28.799980213333335;	1.0666666666666667;	97388.0;	28834.4;	0.0;	0.13333333333333333;	0.13333333333333333;	0.13333333333333333
1377687184;	1;	2699.998145;	21.599985160000003;	0.8;	97388.0;	28309.6;	0.0;	0.13333333333333333;	0.06666666666666667;	0.06666666666666667
1377687484;	1;	2699.998145;	21.599985160000003;	0.8;	97388.0;	29009.066666666666;	0.0;	0.2;	0.13333333333333333;	0.06666666666666667
1377687784;	1;	2699.998145;	28.799980213333335;	1.0666666666666667;	97388.0;	34775.2;	0.0;	0.2;	0.06666666666666667;	0.06666666666666667
1377688084;	1;	2699.998145;	25.19998268666666;	0.9333333333333332;	97388.0;	34600.0;	0.0;	0.2;	0.06666666666666667;	0.06666666666666667
1377688384;	1;	2699.998145;	19.799986396666664;	0.7333333333333333;	97388.0;	33028.0;	0.0;	0.13333333333333333;	0.7333333333333333;	0.6666666666666666
1377688684;	1;	2699.998145;	28.799980213333335;	1.0666666666666667;	97388.0;	26910.933333333334;	0.0;	0.3333333333333333;	0.06666666666666667;	0.06666666666666667
1377688984;	1;	2699.998145;	25.19998268666666;	0.9333333333333332;	97388.0;	34950.666666666664;	0.0;	0.2;	0.06666666666666667;	0.06666666666666667
1377689284;	1;	2699.998145;	21.599985160000003;	0.8;	97388.0;	30580.533333333333;	0.0;	0.13333333333333333;	0.06666666666666667;	0.13333333333333333
1377689584;	1;	2699.998145;	25.19998268666666;	0.9333333333333332;	97388.0;	31804.0;	0.0;	0.26666666666666666;	0.6666666666666666;	0.6666666666666666
1377689884;	1;	2699.998145;	28.799980213333335;	1.0666666666666667;	97388.0;	32853.066666666666;	0.0;	0.13333333333333333;	0.06666666666666667;	0.06666666666666667
1377690184;	1;	2699.998145;	21.599985160000003;	0.8;	97388.0;	25862.666666666668;	0.0;	0.13333333333333333;	0.06666666666666667;	0.06666666666666667
1377690484;	1;	2699.998145;	23.399983923333334;	0.8666666666666667;	97388.0;	32679.2;	0.0;	0.26666666666666666;	0.06666666666666667;	0.06666666666666667
1377690784;	1;	2699.998145;	25.19998268666666;	0.9333333333333332;	97388.0;	32854.4;	0.0;	0.2;	0.13333333333333333;	0.13333333333333333
1377691084;	1;	2699.998145;	25.19998268666666;	0.9333333333333332;	97388.0;	31629.066666666666;	0.0;	0.13333333333333333;	0.13333333333333333;	0.06666666666666667
1377691384;	1;	2699.998145;	21.599985160000003;	0.8;	97388.0;	28308.0;	0.0;	0.13333333333333333;	0.06666666666666667;	0.06666666666666667
1377691684;	1;	2699.998145;	25.19998268666666;	0.9333333333333332;	97388.0;	26736.0;	0.0;	0.2;	0.13333333333333333;	0.06666666666666667
1377691984;	1;	2699.998145;	28.799980213333335;	1.0666666666666667;	97388.0;	33552.26666666667;	0.0;	0.13333333333333333;	0.7333333333333333;	0.6666666666666666
1377692284;	1;	2699.998145;	21.599985160000003;	0.8;	97388.0;	32504.0;	0.0;	0.3333333333333333;	0.2;	0.2
1377692584;	1;	2699.998145;	25.19998268666666;	0.9333333333333332;	97388.0;	26386.666666666668;	0.0;	0.3333333333333333;	0.13333333333333333;	0.13333333333333333
1377692884;	1;	2699.998145;	28.799980213333335;	1.0666666666666667;	97388.0;	29707.733333333334;	0.0;	0.2;	0.13333333333333333;	0.06666666666666667
1377693184;	1;	2699.998145;	21.599985160000003;	0.8;	97388.0;	28134.933333333334;	0.0;	0.2;	0.7333333333333333;	0.6
1377693484;	1;	2699.998145;	21.599985160000003;	0.8;	97388.0;	33901.333333333336;	0.0;	0.26666666666666666;	0.06666666666666667;	0.06666666666666667
1377693784;	1;	2699.998145;	28.799980213333335;	1.0666666666666667;	97388.0;	31279.2;	0.0;	0.2;	0.06666666666666667;	0.06666666666666667
1377694084;	1;	2699.998145;	23.399983923333334;	0.8666666666666667;	97388.0;	31629.6;	0.0;	0.4666666666666667;	0.06666666666666667;	0.06666666666666667
1377694384;	1;	2699.998145;	21.599985160000003;	0.8;	97388.0;	29533.066666666666;	0.0;	0.13333333333333333;	0.13333333333333333;	0.13333333333333333
1377694684;	1;	2699.998145;	28.799980213333335;	1.0666666666666667;	97388.0;	29533.066666666666;	0.0;	1.0666666666666667;	0.06666666666666667;	0.06666666666666667
1377694984;	1;	2699.998145;	25.19998268666666;	0.9333333333333332;	97388.0;	27960.266666666666;	0.0;	0.2;	0.13333333333333333;	0.13333333333333333
1377695284;	1;	2699.998145;	21.599985160000003;	0.8;	97388.0;	28658.4;	0.0;	0.2;	0.13333333333333333;	0.13333333333333333
1377695584;	1;	2699.998145;	25.19998268666666;	0.9333333333333332;	97388.0;	32328.8;	0.0;	0.2;	0.7333333333333333;	0.7333333333333333
1377695884;	1;	2699.998145;	28.799980213333335;	1.0666666666666667;	97388.0;	33901.6;	0.0;	0.13333333333333333;	0.06666666666666667;	0.06666666666666667
1377696184;	1;	2699.998145;	21.599985160000003;	0.8;	97388.0;	30755.733333333334;	0.0;	0.13333333333333333;	0.06666666666666667;	0.06666666666666667
1377696484;	1;	2699.998145;	25.19998268666666;	0.9333333333333332;	97388.0;	32328.266666666666;	0.0;	0.26666666666666666;	0.06666666666666667;	0.06666666666666667
1377696785;	1;	2699.998145;	26.99998145;	1.0;	97388.0;	33901.86666666667;	0.0;	0.2;	0.6;	0.6
1377697085;	1;	2699.998145;	23.399983923333334;	0.8666666666666667;	97388.0;	31629.866666666665;	0.0;	0.2;	0.13333333333333333;	0.13333333333333333
1377697385;	1;	2699.998145;	21.599985160000003;	0.8;	97388.0;	37572.0;	0.0;	0.13333333333333333;	0.13333333333333333;	0.13333333333333333
1377697685;	1;	2699.998145;	25.19998268666666;	0.9333333333333332;	97388.0;	33726.933333333334;	0.0;	0.3333333333333333;	0.13333333333333333;	0.13333333333333333
1377697985;	1;	2699.998145;	28.799980213333335;	1.0666666666666667;	97388.0;	28659.2;	0.0;	0.13333333333333333;	0.2;	0.2
1377698285;	1;	2699.998145;	21.599985160000003;	0.8;	97388.0;	28834.133333333335;	0.0;	0.2;	0.13333333333333333;	0.13333333333333333
1377698585;	1;	2699.998145;	25.19998268666666;	0.9333333333333332;	97388.0;	32154.4;	0.0;	0.2;	0.13333333333333333;	0.13333333333333333
1377698885;	1;	2699.998145;	28.799980213333335;	1.0666666666666667;	97388.0;	27086.133333333335;	0.0;	0.13333333333333333;	0.13333333333333333;	0.13333333333333333
1377699185;	1;	2699.998145;	21.599985160000003;	0.8;	97388.0;	29358.4;	0.0;	0.13333333333333333;	0.7333333333333333;	0.7333333333333333
1377699485;	1;	2699.998145;	21.599985160000003;	0.8;	97388.0;	32329.066666666666;	0.0;	0.2;	0.13333333333333333;	0.13333333333333333
1377699785;	1;	2699.998145;	28.799980213333335;	1.0666666666666667;	97388.0;	29532.266666666666;	0.0;	0.2;	0.13333333333333333;	0.13333333333333333
1377700085;	1;	2699.998145;	25.19998268666666;	0.9333333333333332;	97388.0;	32503.2;	0.0;	0.13333333333333333;	0.13333333333333333;	0.13333333333333333
1377700385;	1;	2699.998145;	21.599985160000003;	0.8;	97388.0;	33028.0;	0.0;	0.2;	0.6666666666666666;	0.6666666666666666
1377700685;	1;	2699.998145;	25.19998268666666;	0.9333333333333332;	97388.0;	31281.333333333332;	0.0;	0.3333333333333333;	0.13333333333333333;	0.13333333333333333
1377700985;	1;	2699.998145;	28.799980213333335;	1.0666666666666667;	97388.0;	38096.26666666667;	0.0;	0.13333333333333333;	0.13333333333333333;	0.13333333333333333
1377701285;	1;	2699.998145;	21.599985160000003;	0.8;	97388.0;	32328.8;	0.0;	0.26666666666666666;	0.06666666666666667;	0.06666666666666667
1377701585;	1;	2699.998145;	25.19998268666666;	0.9333333333333332;	97388.0;	31105.333333333332;	0.0;	0.2;	0.13333333333333333;	0.13333333333333333
1377701885;	1;	2699.998145;	28.799980213333335;	1.0666666666666667;	97388.0;	27260.8;	0.0;	0.2;	0.13333333333333333;	0.13333333333333333
1377702185;	1;	2699.998145;	21.599985160000003;	0.8;	97388.0;	36698.666666666664;	0.0;	0.2;	0.7333333333333333;	0.6
1377702485;	1;	2699.998145;	21.599985160000003;	0.8;	97388.0;	40543.2;	0.0;	0.13333333333333333;	0.2;	0.2
1377702785;	1;	2699.998145;	28.799980213333335;	1.0666666666666667;	97388.0;	34950.933333333334;	0.0;	0.2;	0.6666666666666666;	0.6666666666666666
1377703085;	1;	2699.998145;	25.19998268666666;	0.9333333333333332;	97388.0;	32679.2;	0.0;	0.26666666666666666;	0.06666666666666667;	0.06666666666666667
1377703385;	1;	2699.998145;	21.599985160000003;	0.8;	97388.0;	33202.4;	0.0;	0.13333333333333333;	0.13333333333333333;	0.13333333333333333
1377703685;	1;	2699.998145;	25.19998268666666;	0.9333333333333332;	97388.0;	32679.466666666667;	0.0;	0.2;	0.13333333333333333;	0.13333333333333333
1377703985;	1;	2699.998145;	28.799980213333335;	1.0666666666666667;	97388.0;	32503.466666666667;	0.0;	0.13333333333333333;	0.6;	0.6
1377704285;	1;	2699.998145;	21.599985160000003;	0.8;	97388.0;	33028.26666666667;	0.0;	0.13333333333333333;	0.06666666666666667;	0.06666666666666667
1377704585;	1;	2699.998145;	25.19998268666666;	0.9333333333333332;	97388.0;	37922.4;	0.0;	0.26666666666666666;	0.06666666666666667;	0.06666666666666667
1377704885;	1;	2699.998145;	28.799980213333335;	1.0666666666666667;	97388.0;	34601.066666666666;	0.0;	0.2;	0.06666666666666667;	0.06666666666666667
1377705185;	1;	2699.998145;	21.599985160000003;	0.8;	97388.0;	32853.066666666666;	0.0;	0.13333333333333333;	0.13333333333333333;	0.13333333333333333
1377705485;	1;	2699.998145;	21.599985160000003;	0.8;	97388.0;	27959.733333333334;	0.0;	0.13333333333333333;	0.06666666666666667;	0.06666666666666667
1377705785;	1;	2699.998145;	28.799980213333335;	1.0666666666666667;	97388.0;	38097.6;	0.0;	0.2;	0.06666666666666667;	0.06666666666666667
1377706085;	1;	2699.998145;	25.19998268666666;	0.9333333333333332;	97388.0;	34077.066666666666;	0.0;	0.13333333333333333;	0.13333333333333333;	0.13333333333333333
1377706385;	1;	2699.998145;	21.599985160000003;	0.8;	97388.0;	36698.4;	0.0;	0.13333333333333333;	0.6666666666666666;	0.6666666666666666
1377706685;	1;	2699.998145;	23.399983923333334;	0.8666666666666667;	97388.0;	32502.933333333334;	0.0;	0.3333333333333333;	0.2;	0.2
1377706986;	1;	2699.998145;	26.99998145;	1.0;	97388.0;	26912.0;	0.0;	0.26666666666666666;	0.13333333333333333;	0.13333333333333333
1377707286;	1;	2699.998145;	21.599985160000003;	0.8;	97388.0;	26561.866666666665;	0.0;	0.2;	0.13333333333333333;	0.13333333333333333
1377707586;	1;	2699.998145;	25.19998268666666;	0.9333333333333332;	97388.0;	31629.6;	0.0;	0.26666666666666666;	0.6;	0.6
1377707886;	1;	2699.998145;	28.799980213333335;	1.0666666666666667;	97388.0;	32678.4;	0.0;	0.13333333333333333;	0.13333333333333333;	0.13333333333333333
1377708186;	1;	2699.998145;	21.599985160000003;	0.8;	97388.0;	34425.86666666667;	0.0;	0.2;	0.06666666666666667;	0.06666666666666667
1377708486;	1;	2699.998145;	21.599985160000003;	0.8;	97388.0;	35650.933333333334;	0.0;	0.2;	0.2;	0.2
1377708786;	1;	2699.998145;	28.799980213333335;	1.0666666666666667;	97388.0;	27436.266666666666;	0.0;	0.2;	0.06666666666666667;	0.06666666666666667
1377709086;	1;	2699.998145;	25.19998268666666;	0.9333333333333332;	97388.0;	33202.666666666664;	0.0;	0.13333333333333333;	0.2;	0.2
1377709386;	1;	2699.998145;	21.599985160000003;	0.8;	97388.0;	40543.2;	0.0;	0.2;	0.06666666666666667;	0.06666666666666667
1377709686;	1;	2699.998145;	28.799980213333335;	1.0666666666666667;	97388.0;	33901.86666666667;	0.0;	0.2;	0.13333333333333333;	0.13333333333333333
1377709986;	1;	2699.998145;	25.19998268666666;	0.9333333333333332;	97388.0;	30755.733333333334;	0.0;	0.13333333333333333;	0.7333333333333333;	0.7333333333333333
1377710286;	1;	2699.998145;	21.599985160000003;	0.8;	97388.0;	35124.8;	0.0;	0.2;	0.2;	0.2
1377710586;	1;	2699.998145;	25.19998268666666;	0.9333333333333332;	97388.0;	33901.333333333336;	0.0;	0.3333333333333333;	0.13333333333333333;	0.13333333333333333
1377710886;	1;	2699.998145;	28.799980213333335;	1.0666666666666667;	97388.0;	28134.666666666668;	0.0;	0.13333333333333333;	0.13333333333333333;	0.13333333333333333
1377711186;	1;	2699.998145;	21.599985160000003;	0.8;	97388.0;	27784.8;	0.0;	0.13333333333333333;	0.6666666666666666;	0.6666666666666666
1377711486;	1;	2699.998145;	21.599985160000003;	0.8;	97388.0;	32503.466666666667;	0.0;	0.13333333333333333;	0.13333333333333333;	0.13333333333333333
1377711786;	1;	2699.998145;	28.799980213333335;	1.0666666666666667;	97388.0;	31629.866666666665;	0.0;	0.2;	0.13333333333333333;	0.13333333333333333
1377712086;	1;	2699.998145;	25.19998268666666;	0.9333333333333332;	97388.0;	30931.2;	0.0;	0.26666666666666666;	0.13333333333333333;	0.13333333333333333
1377712386;	1;	2699.998145;	21.599985160000003;	0.8;	97388.0;	29007.466666666667;	0.0;	0.13333333333333333;	0.13333333333333333;	0.13333333333333333
1377712686;	1;	2699.998145;	25.19998268666666;	0.9333333333333332;	97388.0;	30755.2;	0.0;	0.26666666666666666;	0.13333333333333333;	0.13333333333333333
1377712986;	1;	2699.998145;	28.799980213333335;	1.0666666666666667;	97388.0;	28834.4;	0.0;	0.13333333333333333;	0.7333333333333333;	0.8
1377713286;	1;	2699.998145;	21.599985160000003;	0.8;	97388.0;	30931.2;	0.0;	0.13333333333333333;	0.13333333333333333;	0.13333333333333333
1377713586;	1;	2699.998145;	25.19998268666666;	0.9333333333333332;	97388.0;	29882.666666666668;	0.0;	0.2;	0.7333333333333333;	0.7333333333333333
1377713886;	1;	2699.998145;	28.799980213333335;	1.0666666666666667;	97388.0;	29357.6;	0.0;	0.13333333333333333;	0.13333333333333333;	0.13333333333333333
1377714186;	1;	2699.998145;	21.599985160000003;	0.8;	97388.0;	34600.8;	0.0;	0.13333333333333333;	0.3333333333333333;	0.3333333333333333
1377714486;	1;	2699.998145;	21.599985160000003;	0.8;	97388.0;	35125.6;	0.0;	0.3333333333333333;	0.2;	0.2
1377714786;	1;	2699.998145;	30.599978976666666;	1.1333333333333333;	97388.0;	38796.0;	0.0;	0.2;	0.6666666666666666;	0.6666666666666666
1377715086;	1;	2699.998145;	23.399983923333334;	0.8666666666666667;	97388.0;	34251.2;	0.0;	0.13333333333333333;	0.13333333333333333;	0.13333333333333333
1377715386;	1;	2699.998145;	21.599985160000003;	0.8;	97388.0;	36349.066666666666;	0.0;	0.13333333333333333;	0.06666666666666667;	0.06666666666666667
1377715686;	1;	2699.998145;	25.19998268666666;	0.9333333333333332;	97388.0;	31979.2;	0.0;	0.26666666666666666;	0.06666666666666667;	0.06666666666666667
1377715987;	1;	2699.998145;	28.799980213333335;	1.0666666666666667;	97388.0;	32854.4;	0.0;	0.13333333333333333;	0.13333333333333333;	0.13333333333333333
1377716287;	1;	2699.998145;	21.599985160000003;	0.8;	97388.0;	33552.0;	0.0;	0.13333333333333333;	0.13333333333333333;	0.13333333333333333
1377716587;	1;	2699.998145;	25.19998268666666;	0.9333333333333332;	97388.0;	34077.066666666666;	0.0;	0.26666666666666666;	0.06666666666666667;	0.06666666666666667
1377716887;	1;	2699.998145;	28.799980213333335;	1.0666666666666667;	97388.0;	39319.2;	0.0;	0.13333333333333333;	0.06666666666666667;	0.06666666666666667
1377717187;	1;	2699.998145;	21.599985160000003;	0.8;	97388.0;	31804.266666666666;	0.0;	0.2;	0.6666666666666666;	0.6666666666666666
1377717487;	1;	2699.998145;	21.599985160000003;	0.8;	97388.0;	30407.2;	0.0;	0.26666666666666666;	0.06666666666666667;	0.06666666666666667
1377717787;	1;	2699.998145;	28.799980213333335;	1.0666666666666667;	97388.0;	28834.4;	0.0;	0.2;	0.13333333333333333;	0.13333333333333333
1377718087;	1;	2699.998145;	25.19998268666666;	0.9333333333333332;	97388.0;	27260.266666666666;	0.0;	0.2;	0.06666666666666667;	0.06666666666666667
1377718387;	1;	2699.998145;	21.599985160000003;	0.8;	97388.0;	34076.0;	0.0;	0.13333333333333333;	0.6;	0.6
1377718687;	1;	2699.998145;	25.19998268666666;	0.9333333333333332;	97388.0;	33552.8;	0.0;	0.26666666666666666;	0.06666666666666667;	0.06666666666666667
1377718987;	1;	2699.998145;	28.799980213333335;	1.0666666666666667;	97388.0;	34949.86666666667;	0.0;	0.13333333333333333;	0.06666666666666667;	0.06666666666666667
1377719286;	1;	2699.998145;	21.599985160000003;	0.8;	97388.0;	42989.6;	0.0;	0.2;	0.06666666666666667;	0.06666666666666667
1377719586;	1;	2699.998145;	21.599985160000003;	0.8;	97388.0;	35474.4;	0.0;	0.26666666666666666;	0.06666666666666667;	0.06666666666666667
1377719886;	1;	2699.998145;	28.799980213333335;	1.0666666666666667;	97388.0;	33552.0;	0.0;	0.2;	0.06666666666666667;	0.06666666666666667
1377720186;	1;	2699.998145;	23.399983923333334;	0.8666666666666667;	97388.0;	34601.6;	0.0;	0.13333333333333333;	0.2;	0.2
1377720486;	1;	2699.998145;	21.599985160000003;	0.8;	97388.0;	34600.0;	0.0;	0.2;	0.06666666666666667;	0.06666666666666667
1377720786;	1;	2699.998145;	28.799980213333335;	1.0666666666666667;	97388.0;	34600.8;	0.0;	0.26666666666666666;	0.6666666666666666;	0.6666666666666666
1377721086;	1;	2699.998145;	25.19998268666666;	0.9333333333333332;	97388.0;	34600.26666666667;	0.0;	0.2;	0.2;	0.2
1377721386;	1;	2699.998145;	19.799986396666664;	0.7333333333333333;	97388.0;	33027.2;	0.0;	0.13333333333333333;	0.06666666666666667;	0.06666666666666667
1377721686;	1;	2699.998145;	23.399983923333334;	0.8666666666666667;	97388.0;	30930.4;	0.0;	0.3333333333333333;	0.06666666666666667;	0.06666666666666667
1377721986;	1;	2699.998145;	28.799980213333335;	1.0666666666666667;	97388.0;	33028.0;	0.0;	0.13333333333333333;	0.6666666666666666;	0.6666666666666666
1377722286;	1;	2699.998145;	21.599985160000003;	0.8;	97388.0;	35824.8;	0.0;	0.13333333333333333;	0.06666666666666667;	0.06666666666666667
1377722586;	1;	2699.998145;	21.599985160000003;	0.8;	97388.0;	36173.6;	0.0;	0.2;	0.06666666666666667;	0.06666666666666667
1377722886;	1;	2699.998145;	28.799980213333335;	1.0666666666666667;	97388.0;	31454.4;	0.0;	0.26666666666666666;	0.13333333333333333;	0.13333333333333333
1377723186;	1;	2699.998145;	25.19998268666666;	0.9333333333333332;	97388.0;	28309.6;	0.0;	0.13333333333333333;	0.2;	0.2
1377723486;	1;	2699.998145;	21.599985160000003;	0.8;	97388.0;	28483.466666666667;	0.0;	0.13333333333333333;	0.13333333333333333;	0.13333333333333333
1377723787;	1;	2699.998145;	25.19998268666666;	0.9333333333333332;	97388.0;	37746.4;	0.0;	0.26666666666666666;	0.2;	0.13333333333333333
1377724087;	1;	2699.998145;	28.799980213333335;	1.0666666666666667;	97388.0;	31454.4;	0.0;	0.13333333333333333;	0.13333333333333333;	0.13333333333333333
1377724387;	1;	2699.998145;	21.599985160000003;	0.8;	97388.0;	38271.2;	0.0;	0.2;	0.7333333333333333;	0.7333333333333333
1377724687;	1;	2699.998145;	21.599985160000003;	0.8;	97388.0;	37747.2;	0.0;	0.26666666666666666;	0.13333333333333333;	0.13333333333333333
1377724987;	1;	2699.998145;	25.19998268666666;	0.9333333333333332;	97388.0;	27260.8;	0.0;	0.26666666666666666;	0.13333333333333333;	0.13333333333333333
1377725287;	1;	2699.998145;	28.799980213333335;	1.0666666666666667;	97388.0;	26736.0;	0.0;	0.13333333333333333;	0.13333333333333333;	0.13333333333333333
1377725587;	1;	2699.998145;	21.599985160000003;	0.8;	97388.0;	28134.666666666668;	0.0;	0.2;	0.6666666666666666;	0.6666666666666666
1377725887;	1;	2699.998145;	21.599985160000003;	0.8;	97388.0;	27260.8;	0.0;	0.13333333333333333;	0.13333333333333333;	0.13333333333333333
1377726187;	1;	2699.998145;	25.19998268666666;	0.9333333333333332;	97388.0;	32503.2;	0.0;	0.26666666666666666;	0.13333333333333333;	0.13333333333333333
1377726487;	1;	2699.998145;	28.799980213333335;	1.0666666666666667;	97388.0;	32503.2;	0.0;	0.2;	0.13333333333333333;	0.13333333333333333
1377726787;	1;	2699.998145;	21.599985160000003;	0.8;	97388.0;	30406.933333333334;	0.0;	0.13333333333333333;	0.2;	0.2
1377727087;	1;	2699.998145;	21.599985160000003;	0.8;	97388.0;	36174.4;	0.0;	0.2;	0.06666666666666667;	0.06666666666666667
1377727387;	1;	2699.998145;	28.799980213333335;	1.0666666666666667;	97388.0;	34602.4;	0.0;	0.2;	0.13333333333333333;	0.06666666666666667
1377727687;	1;	2699.998145;	25.19998268666666;	0.9333333333333332;	97388.0;	33727.2;	0.0;	0.2;	0.06666666666666667;	0.06666666666666667
1377727987;	1;	2699.998145;	21.599985160000003;	0.8;	97388.0;	32503.2;	0.0;	0.13333333333333333;	0.7333333333333333;	0.6666666666666666
1377728287;	1;	2699.998145;	28.799980213333335;	1.0666666666666667;	97388.0;	32504.0;	0.0;	0.26666666666666666;	0.13333333333333333;	0.13333333333333333
1377728587;	1;	2699.998145;	25.19998268666666;	0.9333333333333332;	97388.0;	27785.6;	0.0;	0.2;	0.13333333333333333;	0.13333333333333333
1377728887;	1;	2699.998145;	21.599985160000003;	0.8;	97388.0;	30930.4;	0.0;	0.13333333333333333;	0.13333333333333333;	0.06666666666666667
1377729187;	1;	2699.998145;	25.19998268666666;	0.9333333333333332;	97388.0;	28309.6;	0.0;	0.26666666666666666;	0.6666666666666666;	0.6666666666666666
1377729487;	1;	2699.998145;	26.99998145;	1.0;	97388.0;	27260.8;	0.0;	0.2;	0.06666666666666667;	0.06666666666666667
1377729787;	1;	2699.998145;	23.399983923333334;	0.8666666666666667;	97388.0;	37398.13333333333;	0.0;	0.2;	0.06666666666666667;	0.06666666666666667
1377730087;	1;	2699.998145;	21.599985160000003;	0.8;	97388.0;	35125.6;	0.0;	0.2;	0.06666666666666667;	0.06666666666666667
1377730387;	1;	2699.998145;	28.799980213333335;	1.0666666666666667;	97388.0;	35823.46666666667;	0.0;	0.2;	0.13333333333333333;	0.13333333333333333
1377730687;	1;	2699.9985;	26.999985000000002;	1.0;	97388.0;	26212.0;	0.0;	0.2;	0.2;	0.2
1377730987;	1;	2699.9985;	21.599988000000003;	0.8;	97388.0;	33552.0;	0.0;	0.13333333333333333;	0.13333333333333333;	0.06666666666666667
1377731288;	1;	2699.9985;	23.399987;	0.8666666666666667;	97388.0;	31456.0;	0.0;	0.13333333333333333;	0.2;	0.2
1377731588;	1;	2699.9985;	26.999985000000002;	1.0;	97388.0;	26387.466666666667;	0.0;	0.2;	0.6666666666666666;	0.6666666666666666
1377731888;	1;	2699.9985;	25.199986;	0.9333333333333332;	97388.0;	29007.466666666667;	0.0;	0.2;	0.06666666666666667;	0.06666666666666667
1377732188;	1;	2699.9985;	21.599988000000003;	0.8;	97388.0;	28134.4;	0.0;	0.13333333333333333;	0.06666666666666667;	0.06666666666666667
1377732488;	1;	2699.9985;	25.199986;	0.9333333333333332;	97388.0;	27784.8;	0.0;	0.3333333333333333;	0.06666666666666667;	0.06666666666666667
1377732788;	1;	2699.9985;	28.799984;	1.0666666666666667;	97388.0;	30932.0;	0.0;	0.2;	0.6;	0.6
1377733088;	1;	2699.9985;	21.599988000000003;	0.8;	97388.0;	27260.8;	0.0;	0.13333333333333333;	0.06666666666666667;	0.06666666666666667
1377733388;	1;	2699.9985;	25.199986;	0.9333333333333332;	97388.0;	23590.933333333334;	0.0;	0.13333333333333333;	0.06666666666666667;	0.06666666666666667
1377733688;	1;	2699.9985;	25.199986;	0.9333333333333332;	97388.0;	29183.2;	0.0;	0.26666666666666666;	0.13333333333333333;	0.13333333333333333
1377733988;	1;	2699.9985;	25.199986;	0.9333333333333332;	97388.0;	34076.26666666667;	0.0;	0.2;	0.06666666666666667;	0.06666666666666667
1377734288;	1;	2699.9985;	21.599988000000003;	0.8;	97388.0;	33376.8;	0.0;	0.13333333333333333;	0.06666666666666667;	0.06666666666666667
1377734588;	1;	2699.9985;	25.199986;	0.9333333333333332;	97388.0;	35125.333333333336;	0.0;	0.2;	0.13333333333333333;	0.13333333333333333
1377734888;	1;	2699.9985;	28.799984;	1.0666666666666667;	97388.0;	31629.333333333332;	0.0;	0.13333333333333333;	0.13333333333333333;	0.13333333333333333
1377735188;	1;	2699.9985;	21.599988000000003;	0.8;	97388.0;	30406.4;	0.0;	0.2;	0.7333333333333333;	0.7333333333333333
1377735488;	1;	2699.9985;	21.599988000000003;	0.8;	97388.0;	31979.733333333334;	0.0;	0.26666666666666666;	0.13333333333333333;	0.13333333333333333
1377735788;	1;	2699.9985;	28.799984;	1.0666666666666667;	97388.0;	34077.6;	0.0;	0.2;	0.13333333333333333;	0.13333333333333333
1377736088;	1;	2699.9985;	25.199986;	0.9333333333333332;	97388.0;	36175.46666666667;	0.0;	0.13333333333333333;	0.13333333333333333;	0.13333333333333333
1377736388;	1;	2699.9985;	26.999985000000002;	1.0;	97388.0;	32765.333333333332;	0.0;	0.25;	0.8333333333333334;	0.75
1377736688;	1;	2699.9985;	25.199986;	0.9333333333333332;	97388.0;	31280.8;	0.0;	0.2;	0.26666666666666666;	0.13333333333333333
1377736988;	1;	2699.998316;	24.545439236363634;	0.9090909090909091;	97388.0;	23592.0;	0.0;	0.2;	0.1;	0.1
1377737288;	1;	2699.998316;	25.199984282666666;	0.9333333333333332;	97388.0;	30057.066666666666;	0.0;	0.26666666666666666;	0.13333333333333333;	0.13333333333333333
1377737588;	1;	2699.998316;	21.599986528000002;	0.8;	97388.0;	28133.6;	0.0;	0.13333333333333333;	0.5333333333333333;	0.5333333333333333
1377737888;	1;	2699.998316;	25.199984282666666;	0.9333333333333332;	97388.0;	36872.8;	0.0;	0.26666666666666666;	0.13333333333333333;	0.13333333333333333
1377738188;	1;	2699.998316;	28.799982037333333;	1.0666666666666667;	97388.0;	32853.066666666666;	0.0;	0.13333333333333333;	0.2;	0.2
1377738489;	1;	2699.998316;	21.599986528000002;	0.8;	97388.0;	37223.46666666667;	0.0;	0.13333333333333333;	0.13333333333333333;	0.13333333333333333
1377738789;	1;	2699.998316;	21.599986528000002;	0.8;	97388.0;	32329.6;	0.0;	0.13333333333333333;	0.6666666666666666;	0.6666666666666666
1377739089;	1;	2699.998316;	28.799982037333333;	1.0666666666666667;	97388.0;	27610.4;	0.0;	0.26666666666666666;	0.13333333333333333;	0.13333333333333333
1377739389;	1;	2699.998316;	25.199984282666666;	0.9333333333333332;	97388.0;	31280.266666666666;	0.0;	0.13333333333333333;	0.2;	0.2
1377739689;	1;	2699.998316;	21.599986528000002;	0.8;	97388.0;	33377.333333333336;	0.0;	0.13333333333333333;	0.06666666666666667;	0.06666666666666667
1377739989;	1;	2699.998316;	21.599986528000002;	0.8;	97388.0;	32153.6;	0.0;	0.26666666666666666;	0.6;	0.6
1377740289;	1;	2699.998316;	28.799982037333333;	1.0666666666666667;	97388.0;	33377.066666666666;	0.0;	0.2;	0.06666666666666667;	0.06666666666666667
1377740589;	1;	2699.998316;	25.199984282666666;	0.9333333333333332;	97388.0;	36698.13333333333;	0.0;	0.2;	0.06666666666666667;	0.06666666666666667
1377740889;	1;	2699.998316;	21.599986528000002;	0.8;	97388.0;	30231.466666666667;	0.0;	0.2;	0.06666666666666667;	0.06666666666666667
1377741189;	1;	2699.998316;	25.199984282666666;	0.9333333333333332;	97388.0;	29532.533333333333;	0.0;	0.26666666666666666;	0.06666666666666667;	0.06666666666666667
1377741489;	1;	2699.998316;	28.799982037333333;	1.0666666666666667;	97388.0;	35649.86666666667;	0.0;	0.13333333333333333;	0.13333333333333333;	0.13333333333333333
1377741789;	1;	2699.998316;	19.799987650666665;	0.7333333333333333;	97388.0;	36348.0;	0.0;	0.13333333333333333;	0.2;	0.13333333333333333
1377742089;	1;	2699.998316;	21.599986528000002;	0.8;	97388.0;	29707.466666666667;	0.0;	0.13333333333333333;	0.06666666666666667;	0.06666666666666667
1377742389;	1;	2699.998316;	25.199984282666666;	0.9333333333333332;	97388.0;	33553.333333333336;	0.0;	0.3333333333333333;	0.6666666666666666;	0.6666666666666666
1377742689;	1;	2699.998316;	28.799982037333333;	1.0666666666666667;	97388.0;	33202.4;	0.0;	0.2;	0.06666666666666667;	0.06666666666666667
1377742989;	1;	2699.998316;	21.599986528000002;	0.8;	97388.0;	27609.866666666665;	0.0;	0.13333333333333333;	0.06666666666666667;	0.06666666666666667
1377743289;	1;	2699.998316;	21.599986528000002;	0.8;	97388.0;	30580.533333333333;	0.0;	0.13333333333333333;	0.13333333333333333;	0.13333333333333333
1377743589;	1;	2699.998316;	28.799982037333333;	1.0666666666666667;	97388.0;	31280.266666666666;	0.0;	0.2;	0.6;	0.6
1377743889;	1;	2699.998316;	25.199984282666666;	0.9333333333333332;	97388.0;	32153.866666666665;	0.0;	0.2;	0.06666666666666667;	0.06666666666666667
1377744189;	1;	2699.998316;	21.599986528000002;	0.8;	97388.0;	31106.133333333335;	0.0;	0.13333333333333333;	0.06666666666666667;	0.06666666666666667
1377744489;	1;	2699.998316;	25.199984282666666;	0.9333333333333332;	97388.0;	29882.133333333335;	0.0;	0.26666666666666666;	0.06666666666666667;	0.06666666666666667
1377744789;	1;	2699.998316;	25.199984282666666;	0.9333333333333332;	97388.0;	29357.6;	0.0;	0.2;	0.06666666666666667;	0.06666666666666667
1377745089;	1;	2699.998316;	25.199984282666666;	0.9333333333333332;	97388.0;	30406.933333333334;	0.0;	0.13333333333333333;	0.06666666666666667;	0.06666666666666667
1377745389;	1;	2699.998316;	21.599986528000002;	0.8;	97388.0;	37046.933333333334;	0.0;	0.13333333333333333;	0.13333333333333333;	0.06666666666666667
1377745689;	1;	2699.998316;	25.199984282666666;	0.9333333333333332;	97388.0;	39494.666666666664;	0.0;	0.26666666666666666;	0.13333333333333333;	0.13333333333333333
1377745989;	1;	2699.998316;	28.799982037333333;	1.0666666666666667;	97388.0;	31630.4;	0.0;	0.13333333333333333;	0.6666666666666666;	0.6666666666666666
1377746289;	1;	2699.998316;	21.599986528000002;	0.8;	97388.0;	33202.666666666664;	0.0;	0.2;	0.2;	0.2
1377746589;	1;	2699.998316;	21.599986528000002;	0.8;	97388.0;	31804.8;	0.0;	0.2;	0.13333333333333333;	0.13333333333333333
1377746889;	1;	2699.998316;	28.799982037333333;	1.0666666666666667;	97388.0;	29358.4;	0.0;	0.26666666666666666;	0.13333333333333333;	0.13333333333333333
1377747189;	1;	2699.998316;	25.199984282666666;	0.9333333333333332;	97388.0;	26911.2;	0.0;	0.2;	0.6666666666666666;	0.6666666666666666
1377747489;	1;	2699.998316;	21.599986528000002;	0.8;	97388.0;	25687.733333333334;	0.0;	0.13333333333333333;	0.13333333333333333;	0.13333333333333333
1377747789;	1;	2699.998316;	25.199984282666666;	0.9333333333333332;	97388.0;	30931.466666666667;	0.0;	0.2;	0.13333333333333333;	0.13333333333333333
1377748089;	1;	2699.998316;	28.799982037333333;	1.0666666666666667;	97388.0;	31280.8;	0.0;	0.2;	0.13333333333333333;	0.13333333333333333
1377748389;	1;	2699.998316;	21.599986528000002;	0.8;	97388.0;	28658.933333333334;	0.0;	0.13333333333333333;	0.2;	0.2
1377748690;	1;	2699.998316;	21.599986528000002;	0.8;	97388.0;	33202.4;	0.0;	0.13333333333333333;	0.13333333333333333;	0.13333333333333333
1377748990;	1;	2699.998316;	28.799982037333333;	1.0666666666666667;	97388.0;	27261.333333333332;	0.0;	0.2;	0.2;	0.13333333333333333
1377749290;	1;	2699.998316;	25.199984282666666;	0.9333333333333332;	97388.0;	26736.266666666666;	0.0;	0.2;	0.2;	0.2
1377749590;	1;	2699.998316;	21.599986528000002;	0.8;	97388.0;	28133.333333333332;	0.0;	0.13333333333333333;	0.6666666666666666;	0.6666666666666666
1377749890;	1;	2699.998316;	25.199984282666666;	0.9333333333333332;	97388.0;	28135.2;	0.0;	0.3333333333333333;	0.13333333333333333;	0.13333333333333333
1377750190;	1;	2699.998316;	28.799982037333333;	1.0666666666666667;	97388.0;	34426.666666666664;	0.0;	0.13333333333333333;	0.06666666666666667;	0.06666666666666667
1377750490;	1;	2699.998316;	21.599986528000002;	0.8;	97388.0;	29881.066666666666;	0.0;	0.13333333333333333;	0.2;	0.13333333333333333
1377750790;	1;	2699.998316;	21.599986528000002;	0.8;	97388.0;	28658.933333333334;	0.0;	0.2;	0.6666666666666666;	0.6
1377751090;	1;	2699.998316;	25.199984282666666;	0.9333333333333332;	97388.0;	31106.666666666668;	0.0;	0.2;	0.06666666666666667;	0.06666666666666667
1377751390;	1;	2699.998316;	28.799982037333333;	1.0666666666666667;	97388.0;	32329.066666666666;	0.0;	0.13333333333333333;	0.13333333333333333;	0.06666666666666667
1377751690;	1;	2699.998316;	21.599986528000002;	0.8;	97388.0;	35998.666666666664;	0.0;	0.2;	0.06666666666666667;	0.06666666666666667
1377751990;	1;	2699.998316;	25.199984282666666;	0.9333333333333332;	97388.0;	32504.0;	0.0;	0.2;	0.06666666666666667;	0.06666666666666667
1377752289;	1;	2699.998316;	30.599980914666666;	1.1333333333333333;	97388.0;	28833.333333333332;	0.0;	0.13333333333333333;	0.26666666666666666;	0.26666666666666666
1377752589;	1;	2699.998316;	21.599986528000002;	0.8;	97388.0;	26561.6;	0.0;	0.13333333333333333;	0.06666666666666667;	0.06666666666666667
1377752889;	1;	2699.998316;	21.599986528000002;	0.8;	97388.0;	31281.6;	0.0;	0.2;	0.2;	0.13333333333333333
1377753189;	1;	2699.998316;	30.599980914666666;	1.1333333333333333;	97388.0;	33377.6;	0.0;	0.2;	0.6;	0.6
1377753489;	1;	2699.998316;	23.399985405333336;	0.8666666666666667;	97388.0;	30756.533333333333;	0.0;	0.2;	0.13333333333333333;	0.06666666666666667
1377753789;	1;	2699.998316;	21.599986528000002;	0.8;	97388.0;	29182.933333333334;	0.0;	0.2;	0.13333333333333333;	0.13333333333333333
1377754089;	1;	2699.998316;	28.799982037333333;	1.0666666666666667;	97408.0;	34426.13333333333;	0.0;	0.2;	0.13333333333333333;	0.13333333333333333
1377754389;	1;	2699.998316;	25.199984282666666;	0.9333333333333332;	97408.0;	29532.8;	0.0;	0.2;	0.6;	0.6
1377754689;	1;	2699.998316;	21.599986528000002;	0.8;	97408.0;	31105.6;	0.0;	0.13333333333333333;	0.13333333333333333;	0.06666666666666667
1377754989;	1;	2699.998316;	25.199984282666666;	0.9333333333333332;	97408.0;	30931.2;	0.0;	0.2;	0.06666666666666667;	0.06666666666666667
1377755289;	1;	2699.998316;	28.799982037333333;	1.0666666666666667;	97408.0;	30231.466666666667;	0.0;	0.2;	0.13333333333333333;	0.06666666666666667
1377755589;	1;	2699.998316;	21.599986528000002;	0.8;	97408.0;	35474.933333333334;	0.0;	0.13333333333333333;	0.06666666666666667;	0.06666666666666667
1377755890;	1;	2699.998316;	21.599986528000002;	0.8;	97408.0;	37223.2;	0.0;	0.13333333333333333;	0.13333333333333333;	0.13333333333333333
1377756190;	1;	2699.998316;	28.799982037333333;	1.0666666666666667;	97408.0;	33902.13333333333;	0.0;	0.2;	0.13333333333333333;	0.13333333333333333
1377756490;	1;	2699.998316;	25.199984282666666;	0.9333333333333332;	97408.0;	32853.6;	0.0;	0.2;	0.13333333333333333;	0.06666666666666667
1377756790;	1;	2699.998316;	21.599986528000002;	0.8;	97408.0;	32503.466666666667;	0.0;	0.13333333333333333;	0.6666666666666666;	0.6666666666666666
1377757090;	1;	2699.998316;	25.199984282666666;	0.9333333333333332;	97408.0;	33377.6;	0.0;	0.3333333333333333;	0.06666666666666667;	0.06666666666666667
1377757390;	1;	2699.998316;	28.799982037333333;	1.0666666666666667;	97408.0;	32329.066666666666;	0.0;	0.13333333333333333;	0.4;	0.4
1377757690;	1;	2699.998316;	21.599986528000002;	0.8;	97408.0;	33727.2;	0.0;	0.13333333333333333;	0.06666666666666667;	0.06666666666666667
1377757990;	1;	2699.998316;	25.199984282666666;	0.9333333333333332;	97408.0;	36173.86666666667;	0.0;	0.26666666666666666;	0.6666666666666666;	0.6666666666666666
1377758290;	1;	2699.998316;	28.799982037333333;	1.0666666666666667;	97408.0;	24464.266666666666;	0.0;	0.13333333333333333;	0.13333333333333333;	0.13333333333333333
1377758590;	1;	2699.998316;	21.599986528000002;	0.8;	97408.0;	29357.866666666665;	0.0;	0.2;	0.13333333333333333;	0.13333333333333333
1377758890;	1;	2699.998316;	21.599986528000002;	0.8;	97408.0;	30056.8;	0.0;	0.2;	0.13333333333333333;	0.13333333333333333
1377759190;	1;	2699.998316;	28.799982037333333;	1.0666666666666667;	97408.0;	33376.8;	0.0;	0.2;	0.2;	0.2
1377759490;	1;	2699.998316;	25.199984282666666;	0.9333333333333332;	97408.0;	35999.2;	0.0;	0.2;	0.13333333333333333;	0.13333333333333333
1377759790;	1;	2699.998316;	21.599986528000002;	0.8;	97408.0;	32853.6;	0.0;	0.13333333333333333;	0.2;	0.2
1377760090;	1;	2699.998316;	28.799982037333333;	1.0666666666666667;	97408.0;	37048.0;	0.0;	0.26666666666666666;	0.3333333333333333;	0.3333333333333333
1377760390;	1;	2699.998316;	25.199984282666666;	0.9333333333333332;	97408.0;	33551.46666666667;	0.0;	0.13333333333333333;	0.7333333333333333;	0.7333333333333333
1377760690;	1;	2699.998316;	21.599986528000002;	0.8;	97408.0;	32153.6;	0.0;	0.2;	0.13333333333333333;	0.13333333333333333
1377760990;	1;	2699.998316;	25.199984282666666;	0.9333333333333332;	97408.0;	30405.6;	0.0;	0.2;	0.13333333333333333;	0.13333333333333333
1377761290;	1;	2699.998316;	28.799982037333333;	1.0666666666666667;	97408.0;	37748.26666666667;	0.0;	0.13333333333333333;	0.13333333333333333;	0.13333333333333333
1377761590;	1;	2699.998316;	21.599986528000002;	0.8;	97408.0;	31280.266666666666;	0.0;	0.13333333333333333;	0.6666666666666666;	0.6666666666666666
1377761890;	1;	2699.998316;	21.599986528000002;	0.8;	97408.0;	28834.133333333335;	0.0;	0.2;	0.13333333333333333;	0.13333333333333333
1377762190;	1;	2699.998316;	32.399979791999996;	1.2;	97408.0;	32328.8;	0.0;	0.2;	0.13333333333333333;	0.13333333333333333
1377762490;	1;	2699.998316;	21.599986528000002;	0.8;	97408.0;	32153.866666666665;	0.0;	0.26666666666666666;	0.13333333333333333;	0.13333333333333333
1377762790;	1;	2699.998316;	21.599986528000002;	0.8;	97408.0;	30231.733333333334;	0.0;	0.13333333333333333;	0.13333333333333333;	0.13333333333333333
1377763090;	1;	2699.998316;	28.799982037333333;	1.0666666666666667;	97408.0;	27609.6;	0.0;	0.26666666666666666;	0.13333333333333333;	0.13333333333333333
1377763390;	1;	2699.998316;	25.199984282666666;	0.9333333333333332;	97408.0;	27785.6;	0.0;	0.13333333333333333;	0.13333333333333333;	0.13333333333333333
1377763690;	1;	2699.998316;	21.599986528000002;	0.8;	97408.0;	31979.2;	0.0;	0.13333333333333333;	0.06666666666666667;	0.06666666666666667
1377763990;	1;	2699.998316;	25.199984282666666;	0.9333333333333332;	97408.0;	32154.4;	0.0;	0.3333333333333333;	0.6666666666666666;	0.6666666666666666
1377764290;	1;	2699.998316;	28.799982037333333;	1.0666666666666667;	97408.0;	33552.0;	0.0;	0.2;	0.06666666666666667;	0.06666666666666667
1377764590;	1;	2699.998316;	21.599986528000002;	0.8;	97408.0;	35999.46666666667;	0.0;	0.2;	0.06666666666666667;	0.06666666666666667
1377764890;	1;	2699.998316;	23.399985405333336;	0.8666666666666667;	97408.0;	40717.333333333336;	0.0;	0.2;	0.06666666666666667;	0.06666666666666667
1377765191;	1;	2699.998316;	26.999983160000003;	1.0;	97408.0;	35649.6;	0.0;	0.2;	0.7333333333333333;	0.7333333333333333
1377765491;	1;	2699.998316;	25.199984282666666;	0.9333333333333332;	97408.0;	34600.8;	0.0;	0.2;	0.06666666666666667;	0.06666666666666667
1377765791;	1;	2699.998316;	21.599986528000002;	0.8;	97408.0;	31454.4;	0.0;	0.2;	0.4666666666666667;	0.4666666666666667
1377766091;	1;	2699.998316;	28.799982037333333;	1.0666666666666667;	97408.0;	29881.866666666665;	0.0;	0.26666666666666666;	0.06666666666666667;	0.13333333333333333
1377766391;	1;	2699.998316;	25.199984282666666;	0.9333333333333332;	97408.0;	36523.2;	0.0;	0.2;	0.06666666666666667;	0.06666666666666667
1377766691;	1;	2699.998316;	21.599986528000002;	0.8;	97408.0;	35473.6;	0.0;	0.13333333333333333;	0.13333333333333333;	0.13333333333333333
1377766991;	1;	2699.998316;	25.199984282666666;	0.9333333333333332;	97408.0;	33902.13333333333;	0.0;	0.26666666666666666;	0.13333333333333333;	0.13333333333333333
1377767291;	1;	2699.998316;	28.799982037333333;	1.0666666666666667;	97408.0;	29707.2;	0.0;	0.13333333333333333;	0.13333333333333333;	0.13333333333333333
1377767591;	1;	2699.998316;	21.599986528000002;	0.8;	97408.0;	31629.333333333332;	0.0;	0.13333333333333333;	0.6666666666666666;	0.6666666666666666
1377767891;	1;	2699.998316;	25.199984282666666;	0.9333333333333332;	97408.0;	33027.46666666667;	0.0;	0.3333333333333333;	0.2;	0.2
1377768191;	1;	2699.998316;	28.799982037333333;	1.0666666666666667;	97408.0;	30581.066666666666;	0.0;	0.13333333333333333;	0.06666666666666667;	0.06666666666666667
1377768491;	1;	2699.998316;	21.599986528000002;	0.8;	97408.0;	35824.8;	0.0;	0.13333333333333333;	0.2;	0.2
1377768791;	1;	2699.998316;	21.599986528000002;	0.8;	97408.0;	37921.6;	0.0;	0.2;	0.6666666666666666;	0.6666666666666666
1377769091;	1;	2699.998316;	28.799982037333333;	1.0666666666666667;	97408.0;	35300.0;	0.0;	0.2;	0.13333333333333333;	0.13333333333333333
1377769391;	1;	2699.998316;	25.199984282666666;	0.9333333333333332;	97408.0;	32678.933333333334;	0.0;	0.13333333333333333;	0.06666666666666667;	0.06666666666666667
1377769691;	1;	2699.998316;	21.599986528000002;	0.8;	97408.0;	34601.066666666666;	0.0;	0.2;	0.13333333333333333;	0.13333333333333333
1377769991;	1;	2699.998316;	28.799982037333333;	1.0666666666666667;	97408.0;	30930.133333333335;	0.0;	0.2;	0.13333333333333333;	0.13333333333333333
1377770291;	1;	2699.998316;	25.199984282666666;	0.9333333333333332;	97408.0;	32329.066666666666;	0.0;	0.13333333333333333;	0.13333333333333333;	0.13333333333333333
1377770591;	1;	2699.998316;	19.799987650666665;	0.7333333333333333;	97408.0;	37921.066666666666;	0.0;	0.2;	0.13333333333333333;	0.06666666666666667
1377770891;	1;	2699.998316;	25.199984282666666;	0.9333333333333332;	97408.0;	33028.26666666667;	0.0;	0.26666666666666666;	0.13333333333333333;	0.13333333333333333
1377771191;	1;	2699.998316;	28.799982037333333;	1.0666666666666667;	97408.0;	34427.2;	0.0;	0.13333333333333333;	0.6666666666666666;	0.6666666666666666
1377771491;	1;	2699.998316;	21.599986528000002;	0.8;	97408.0;	31804.266666666666;	0.0;	0.26666666666666666;	0.13333333333333333;	0.13333333333333333
1377771791;	1;	2699.998316;	21.599986528000002;	0.8;	97408.0;	33902.13333333333;	0.0;	0.13333333333333333;	0.13333333333333333;	0.13333333333333333
1377772091;	1;	2699.998316;	28.799982037333333;	1.0666666666666667;	97408.0;	33028.0;	0.0;	0.2;	0.2;	0.2
1377772391;	1;	2699.998316;	25.199984282666666;	0.9333333333333332;	97408.0;	42465.86666666667;	0.0;	0.26666666666666666;	0.6666666666666666;	0.6666666666666666
1377772691;	1;	2699.998316;	19.799987650666665;	0.7333333333333333;	97408.0;	33028.53333333333;	0.0;	0.13333333333333333;	0.13333333333333333;	0.13333333333333333
1377772991;	1;	2699.998316;	28.799982037333333;	1.0666666666666667;	97408.0;	30580.533333333333;	0.0;	0.2;	0.13333333333333333;	0.13333333333333333
1377773291;	1;	2699.998316;	25.199984282666666;	0.9333333333333332;	97408.0;	28309.6;	0.0;	0.2;	0.13333333333333333;	0.13333333333333333
1377773591;	1;	2699.998316;	21.599986528000002;	0.8;	97408.0;	31630.933333333334;	0.0;	0.13333333333333333;	0.13333333333333333;	0.13333333333333333
1377773891;	1;	2699.998316;	25.199984282666666;	0.9333333333333332;	97408.0;	26561.333333333332;	0.0;	0.26666666666666666;	0.13333333333333333;	0.13333333333333333
1377774191;	1;	2699.998316;	28.799982037333333;	1.0666666666666667;	97408.0;	31456.0;	0.0;	0.13333333333333333;	0.26666666666666666;	0.26666666666666666
1377774491;	1;	2699.998316;	21.599986528000002;	0.8;	97408.0;	34600.8;	0.0;	0.13333333333333333;	0.13333333333333333;	0.13333333333333333
1377774791;	1;	2699.998316;	21.599986528000002;	0.8;	97408.0;	32504.0;	0.0;	0.2;	0.7333333333333333;	0.7333333333333333
1377775091;	1;	2699.998316;	28.799982037333333;	1.0666666666666667;	97408.0;	33552.0;	0.0;	0.3333333333333333;	0.13333333333333333;	0.13333333333333333
1377775391;	1;	2699.998316;	25.199984282666666;	0.9333333333333332;	97408.0;	29357.6;	0.0;	0.13333333333333333;	0.13333333333333333;	0.13333333333333333
1377775691;	1;	2699.998316;	21.599986528000002;	0.8;	97408.0;	32329.6;	0.0;	0.2;	0.13333333333333333;	0.13333333333333333
1377775991;	1;	2699.998316;	28.799982037333333;	1.0666666666666667;	97408.0;	32504.0;	0.0;	0.2;	0.6;	0.6
1377776291;	1;	2699.998316;	25.199984282666666;	0.9333333333333332;	97408.0;	31455.2;	0.0;	0.13333333333333333;	0.06666666666666667;	0.06666666666666667
1377776591;	1;	2699.998316;	21.599986528000002;	0.8;	97408.0;	30930.4;	0.0;	0.13333333333333333;	0.06666666666666667;	0.06666666666666667
1377776892;	1;	2699.998316;	25.199984282666666;	0.9333333333333332;	97408.0;	30407.2;	0.0;	0.3333333333333333;	0.06666666666666667;	0.06666666666666667
1377777192;	1;	2699.998316;	28.799982037333333;	1.0666666666666667;	97408.0;	24638.4;	0.0;	0.13333333333333333;	0.06666666666666667;	0.06666666666666667
1377777492;	1;	2699.998316;	21.599986528000002;	0.8;	97408.0;	29881.6;	0.0;	0.13333333333333333;	0.06666666666666667;	0.06666666666666667
1377777792;	1;	2699.998316;	21.599986528000002;	0.8;	97408.0;	29358.4;	0.0;	0.2;	0.13333333333333333;	0.13333333333333333
1377778092;	1;	2699.998316;	26.999983160000003;	1.0;	97408.0;	30755.733333333334;	0.0;	0.2;	0.13333333333333333;	0.13333333333333333
1377778392;	1;	2699.998316;	25.199984282666666;	0.9333333333333332;	97408.0;	34601.6;	0.0;	0.13333333333333333;	0.6666666666666666;	0.6666666666666666
1377778692;	1;	2699.998316;	21.599986528000002;	0.8;	97408.0;	29882.4;	0.0;	0.2;	0.06666666666666667;	0.06666666666666667
1377778992;	1;	2699.998316;	25.199984282666666;	0.9333333333333332;	97408.0;	28833.6;	0.0;	0.26666666666666666;	0.06666666666666667;	0.06666666666666667
1377779292;	1;	2699.998316;	28.799982037333333;	1.0666666666666667;	97408.0;	30930.4;	0.0;	0.13333333333333333;	0.13333333333333333;	0.13333333333333333
1377779592;	1;	2699.998316;	21.599986528000002;	0.8;	97408.0;	28310.4;	0.0;	0.13333333333333333;	0.6666666666666666;	0.6666666666666666
1377779892;	1;	2699.998316;	25.199984282666666;	0.9333333333333332;	97408.0;	30232.533333333333;	0.0;	0.26666666666666666;	0.06666666666666667;	0.06666666666666667
1377780192;	1;	2699.998316;	28.799982037333333;	1.0666666666666667;	97408.0;	34076.8;	0.0;	0.13333333333333333;	0.06666666666666667;	0.06666666666666667
1377780492;	1;	2699.998316;	21.599986528000002;	0.8;	97408.0;	33552.0;	0.0;	0.4666666666666667;	0.06666666666666667;	0.06666666666666667
1377780792;	1;	2699.998316;	21.599986528000002;	0.8;	97408.0;	31454.4;	0.0;	0.13333333333333333;	0.13333333333333333;	0.13333333333333333
1377781092;	1;	2699.998316;	25.199984282666666;	0.9333333333333332;	97408.0;	39145.86666666667;	0.0;	1.0666666666666667;	0.13333333333333333;	0.13333333333333333
1377781392;	1;	2699.998316;	28.799982037333333;	1.0666666666666667;	97408.0;	34076.8;	0.0;	0.2;	0.2;	0.2
1377781692;	1;	2699.998316;	21.599986528000002;	0.8;	97408.0;	29357.6;	0.0;	0.13333333333333333;	0.06666666666666667;	0.06666666666666667
1377781992;	1;	2699.998316;	25.199984282666666;	0.9333333333333332;	97408.0;	30056.8;	0.0;	0.26666666666666666;	0.6;	0.6
1377782292;	1;	2699.998316;	28.799982037333333;	1.0666666666666667;	97408.0;	36697.6;	0.0;	0.2;	0.13333333333333333;	0.13333333333333333
1377782592;	1;	2699.998316;	21.599986528000002;	0.8;	98090.66666666667;	28308.8;	0.0;	0.13333333333333333;	0.06666666666666667;	0.06666666666666667
1377782892;	1;	2699.998316;	21.599986528000002;	0.8;	99456.0;	30406.4;	0.0;	0.2;	0.06666666666666667;	0.06666666666666667
1377783192;	1;	2699.998316;	28.799982037333333;	1.0666666666666667;	99456.0;	34600.8;	0.0;	0.2;	0.6;	0.6
1377783492;	1;	2699.998316;	25.199984282666666;	0.9333333333333332;	99456.0;	33552.0;	0.0;	0.26666666666666666;	0.06666666666666667;	0.06666666666666667
1377783792;	1;	2699.998316;	21.599986528000002;	0.8;	99456.0;	31980.0;	0.0;	0.13333333333333333;	0.06666666666666667;	0.06666666666666667
1377784092;	1;	2699.998316;	25.199984282666666;	0.9333333333333332;	99456.0;	29882.4;	0.0;	0.3333333333333333;	0.13333333333333333;	0.13333333333333333
1377784392;	1;	2699.998316;	28.799982037333333;	1.0666666666666667;	99456.0;	25164.0;	0.0;	0.13333333333333333;	0.13333333333333333;	0.13333333333333333
1377784692;	1;	2699.998316;	21.599986528000002;	0.8;	99456.0;	34601.6;	0.0;	0.13333333333333333;	0.13333333333333333;	0.13333333333333333
1377784992;	1;	2699.998316;	21.599986528000002;	0.8;	99456.0;	31978.4;	0.0;	0.2;	0.2;	0.2
1377785292;	1;	2699.998316;	28.799982037333333;	1.0666666666666667;	99456.0;	31455.2;	0.0;	0.26666666666666666;	0.13333333333333333;	0.13333333333333333
1377785591;	1;	2699.998316;	25.199984282666666;	0.9333333333333332;	99456.0;	29882.4;	0.0;	0.13333333333333333;	0.6666666666666666;	0.6666666666666666
1377785891;	1;	2699.998316;	21.599986528000002;	0.8;	99456.0;	25164.0;	0.0;	0.2;	0.13333333333333333;	0.13333333333333333
1377786192;	1;	2699.998316;	28.799982037333333;	1.0666666666666667;	99456.0;	38271.2;	0.0;	0.2;	0.13333333333333333;	0.13333333333333333
1377786492;	1;	2699.998316;	25.199984282666666;	0.9333333333333332;	99456.0;	36523.2;	0.0;	0.26666666666666666;	0.13333333333333333;	0.13333333333333333
1377786792;	1;	2699.998316;	21.599986528000002;	0.8;	99456.0;	36173.86666666667;	0.0;	0.13333333333333333;	0.6666666666666666;	0.6666666666666666
1377787092;	1;	2699.998316;	26.999983160000003;	1.0;	99456.0;	35475.46666666667;	0.0;	0.26666666666666666;	0.13333333333333333;	0.13333333333333333
1377787392;	1;	2699.998316;	26.999983160000003;	1.0;	99456.0;	34602.4;	0.0;	0.13333333333333333;	0.2;	0.2
1377787692;	1;	2699.998316;	21.599986528000002;	0.8;	99456.0;	31980.0;	0.0;	0.26666666666666666;	0.13333333333333333;	0.13333333333333333
1377787992;	1;	2699.998316;	25.199984282666666;	0.9333333333333332;	99456.0;	30930.4;	0.0;	0.26666666666666666;	0.13333333333333333;	0.13333333333333333
1377788292;	1;	2699.998316;	28.799982037333333;	1.0666666666666667;	99456.0;	36697.6;	0.0;	0.13333333333333333;	0.5333333333333333;	0.5333333333333333
1377788592;	1;	2699.998316;	21.599986528000002;	0.8;	99456.0;	33552.0;	0.0;	0.13333333333333333;	0.26666666666666666;	0.26666666666666666
1377788892;	1;	2699.998316;	21.599986528000002;	0.8;	99456.0;	33028.8;	0.0;	0.2;	0.3333333333333333;	0.26666666666666666
1377789192;	1;	2699.998316;	28.799982037333333;	1.0666666666666667;	99456.0;	31978.4;	0.0;	0.2;	0.7333333333333333;	0.7333333333333333
1377789492;	1;	2699.998316;	25.199984282666666;	0.9333333333333332;	99456.0;	36174.4;	0.0;	0.26666666666666666;	0.13333333333333333;	0.13333333333333333
1377789792;	1;	2699.998316;	21.599986528000002;	0.8;	99456.0;	32504.0;	0.0;	0.13333333333333333;	0.06666666666666667;	0.06666666666666667
1377790092;	1;	2699.998316;	28.799982037333333;	1.0666666666666667;	99456.0;	30930.4;	0.0;	0.2;	0.06666666666666667;	0.06666666666666667
1377790392;	1;	2699.998316;	25.199984282666666;	0.9333333333333332;	99456.0;	28833.866666666665;	0.0;	0.2;	0.6;	0.6
1377790692;	1;	2699.998316;	19.799987650666665;	0.7333333333333333;	101078.4;	35126.4;	0.0;	0.13333333333333333;	0.06666666666666667;	0.06666666666666667
1377790992;	1;	2699.998316;	25.199984282666666;	0.9333333333333332;	101484.0;	30407.2;	0.0;	0.3333333333333333;	0.06666666666666667;	0.06666666666666667
1377791292;	1;	2699.998316;	28.799982037333333;	1.0666666666666667;	101484.0;	29182.666666666668;	0.0;	0.2;	0.13333333333333333;	0.06666666666666667
1377791592;	1;	2699.998316;	21.599986528000002;	0.8;	101484.0;	32504.8;	0.0;	0.2;	0.06666666666666667;	0.06666666666666667
1377791892;	1;	2699.998316;	21.599986528000002;	0.8;	101484.0;	37746.4;	0.0;	0.13333333333333333;	0.13333333333333333;	0.13333333333333333
1377792192;	1;	2699.998316;	28.799982037333333;	1.0666666666666667;	101484.0;	36698.4;	0.0;	0.2;	0.13333333333333333;	0.13333333333333333
1377792492;	1;	2699.998316;	25.199984282666666;	0.9333333333333332;	101484.0;	33552.0;	0.0;	0.2;	0.06666666666666667;	0.06666666666666667
1377792792;	1;	2699.998316;	21.599986528000002;	0.8;	101484.0;	33727.46666666667;	0.0;	0.13333333333333333;	0.6;	0.6
1377793092;	1;	2699.998316;	25.199984282666666;	0.9333333333333332;	101484.0;	31455.2;	0.0;	0.3333333333333333;	0.06666666666666667;	0.06666666666666667
1377793392;	1;	2699.998316;	28.799982037333333;	1.0666666666666667;	101484.0;	31804.533333333333;	0.0;	0.13333333333333333;	0.13333333333333333;	0.13333333333333333
1377793692;	1;	2699.998316;	21.599986528000002;	0.8;	101484.0;	37921.6;	0.0;	0.2;	0.2;	0.2
1377793992;	1;	2699.998316;	25.199984282666666;	0.9333333333333332;	101484.0;	37222.4;	0.0;	0.26666666666666666;	0.6;	0.6
1377794292;	1;	2699.998316;	25.199984282666666;	0.9333333333333332;	101484.0;	33028.0;	0.0;	0.2;	0.06666666666666667;	0.06666666666666667
1377794592;	1;	2699.998316;	25.199984282666666;	0.9333333333333332;	101484.0;	28833.6;	0.0;	0.2;	0.06666666666666667;	0.06666666666666667
1377794892;	1;	2699.998316;	21.599986528000002;	0.8;	101484.0;	26736.8;	0.0;	0.2;	0.06666666666666667;	0.06666666666666667
1377795192;	1;	2699.998316;	28.799982037333333;	1.0666666666666667;	101484.0;	29882.4;	0.0;	0.2;	0.06666666666666667;	0.06666666666666667
1377795492;	1;	2699.998316;	25.199984282666666;	0.9333333333333332;	101484.0;	31629.866666666665;	0.0;	0.13333333333333333;	0.13333333333333333;	0.13333333333333333
1377795793;	1;	2699.998316;	21.599986528000002;	0.8;	101484.0;	29882.4;	0.0;	0.13333333333333333;	0.06666666666666667;	0.06666666666666667
1377796093;	1;	2699.998316;	25.199984282666666;	0.9333333333333332;	101484.0;	35300.0;	0.0;	0.26666666666666666;	0.13333333333333333;	0.13333333333333333
1377796393;	1;	2699.998316;	28.799982037333333;	1.0666666666666667;	101484.0;	33552.8;	0.0;	0.13333333333333333;	0.6;	0.6
1377796693;	1;	2699.998316;	21.599986528000002;	0.8;	101484.0;	30931.2;	0.0;	0.2;	0.13333333333333333;	0.13333333333333333
1377796993;	1;	2699.998316;	21.599986528000002;	0.8;	101484.0;	30231.733333333334;	0.0;	0.2;	0.06666666666666667;	0.06666666666666667
1377797293;	1;	2699.998316;	32.399979791999996;	1.2;	101484.0;	36173.6;	0.0;	0.2;	0.13333333333333333;	0.13333333333333333
1377797593;	1;	2699.998316;	21.599986528000002;	0.8;	101484.0;	34076.0;	0.0;	0.2;	0.6;	0.6
1377797893;	1;	2699.998316;	21.599986528000002;	0.8;	101484.0;	30930.4;	0.0;	0.13333333333333333;	0.06666666666666667;	0.06666666666666667
1377798193;	1;	2699.998316;	25.199984282666666;	0.9333333333333332;	101484.0;	26911.466666666667;	0.0;	0.26666666666666666;	0.06666666666666667;	0.06666666666666667
1377798493;	1;	2699.998316;	28.799982037333333;	1.0666666666666667;	101484.0;	30406.4;	0.0;	0.2;	0.06666666666666667;	0.06666666666666667
1377798793;	1;	2699.998316;	21.599986528000002;	0.8;	101484.0;	29357.6;	0.0;	0.13333333333333333;	0.06666666666666667;	0.06666666666666667
1377799093;	1;	2699.998316;	21.599986528000002;	0.8;	101484.0;	28485.066666666666;	0.0;	0.13333333333333333;	0.06666666666666667;	0.06666666666666667
1377799393;	1;	2699.998316;	28.799982037333333;	1.0666666666666667;	101484.0;	31455.2;	0.0;	0.2;	0.2;	0.2
1377799693;	1;	2699.998316;	25.199984282666666;	0.9333333333333332;	101484.0;	34250.666666666664;	0.0;	0.2;	0.2;	0.2
1377799993;	1;	2699.998316;	21.599986528000002;	0.8;	101484.0;	37222.4;	0.0;	0.13333333333333333;	0.6666666666666666;	0.6666666666666666
1377800293;	1;	2699.998316;	25.199984282666666;	0.9333333333333332;	101484.0;	31804.8;	0.0;	0.4;	0.2;	0.2
1377800593;	1;	2699.998316;	28.799982037333333;	1.0666666666666667;	101484.0;	39319.2;	0.0;	0.13333333333333333;	0.26666666666666666;	0.26666666666666666
1377800893;	1;	2699.998316;	21.599986528000002;	0.8;	101484.0;	34426.13333333333;	0.0;	0.13333333333333333;	0.13333333333333333;	0.13333333333333333
1377801193;	1;	2699.998316;	23.14284270857143;	0.8571428571428571;	101484.0;	36511.71428571428;	0.0;	0.2857142857142857;	0.6428571428571429;	0.6428571428571429
1377801493;	1;	2699.998316;	26.999983160000003;	1.0;	101484.0;	30056.533333333333;	0.0;	0.2;	0.13333333333333333;	0.13333333333333333
1377801793;	1;	2699.998316;	23.14284270857143;	0.8571428571428571;	101484.0;	34264.28571428572;	0.0;	0.2857142857142857;	0.07142857142857142;	0.07142857142857142
1377802093;	1;	2699.998316;	21.599986528000002;	0.8;	101484.0;	34076.0;	0.0;	0.26666666666666666;	0.13333333333333333;	0.13333333333333333
1377802393;	1;	2699.998316;	25.199984282666666;	0.9333333333333332;	101484.0;	30930.4;	0.0;	0.26666666666666666;	0.13333333333333333;	0.13333333333333333
1377802693;	1;	2699.998316;	28.799982037333333;	1.0666666666666667;	101484.0;	25513.6;	0.0;	0.13333333333333333;	0.13333333333333333;	0.13333333333333333
1377802993;	1;	2699.998316;	21.599986528000002;	0.8;	101484.0;	30407.2;	0.0;	0.13333333333333333;	0.2;	0.2
1377803293;	1;	2699.998316;	21.599986528000002;	0.8;	101484.0;	29357.6;	0.0;	0.13333333333333333;	0.13333333333333333;	0.13333333333333333
1377803593;	1;	2699.998316;	28.799982037333333;	1.0666666666666667;	101484.0;	29357.6;	0.0;	0.2;	0.7333333333333333;	0.7333333333333333
1377803893;	1;	2699.998316;	25.199984282666666;	0.9333333333333332;	101484.0;	24814.933333333334;	0.0;	0.2;	0.2;	0.13333333333333333
1377804194;	1;	2699.998316;	21.599986528000002;	0.8;	101484.0;	29880.8;	0.0;	0.13333333333333333;	0.13333333333333333;	0.06666666666666667
1377804494;	1;	2699.998316;	28.799982037333333;	1.0666666666666667;	101484.0;	34602.4;	0.0;	0.26666666666666666;	0.13333333333333333;	0.06666666666666667
1377804794;	1;	2699.998316;	25.199984282666666;	0.9333333333333332;	101484.0;	27260.8;	0.0;	0.13333333333333333;	0.7333333333333333;	0.7333333333333333
1377805094;	1;	2699.998316;	21.599986528000002;	0.8;	101484.0;	23067.733333333334;	0.0;	0.13333333333333333;	0.06666666666666667;	0.06666666666666667
1377805394;	1;	2699.998316;	26.999983160000003;	1.0;	101484.0;	29008.533333333333;	0.0;	0.3333333333333333;	0.06666666666666667;	0.06666666666666667
1377805694;	1;	2699.998316;	26.999983160000003;	1.0;	101484.0;	32678.4;	0.0;	0.3333333333333333;	0.06666666666666667;	0.06666666666666667
1377805994;	1;	2699.998316;	25.199984282666666;	0.9333333333333332;	101484.0;	34251.2;	0.0;	0.13333333333333333;	0.06666666666666667;	0.06666666666666667
1377806294;	1;	2699.998316;	23.14284270857143;	0.8571428571428571;	101484.0;	28084.285714285714;	0.0;	0.14285714285714285;	0.14285714285714285;	0.14285714285714285
1377806594;	1;	2699.998316;	25.199984282666666;	0.9333333333333332;	101484.0;	26038.133333333335;	0.0;	0.3333333333333333;	0.2;	0.2
1377806894;	1;	2699.998316;	25.199984282666666;	0.9333333333333332;	101484.0;	31979.466666666667;	0.0;	0.13333333333333333;	0.06666666666666667;	0.06666666666666667
1377807194;	1;	2699.998316;	25.199984282666666;	0.9333333333333332;	101484.0;	31629.6;	0.0;	0.13333333333333333;	1.0;	1.0
1377807494;	1;	2699.998316;	21.599986528000002;	0.8;	101484.0;	27611.2;	0.0;	0.26666666666666666;	0.06666666666666667;	0.06666666666666667
1377807794;	1;	2699.998316;	28.799982037333333;	1.0666666666666667;	101484.0;	28308.533333333333;	0.0;	0.3333333333333333;	0.06666666666666667;	0.06666666666666667
1377808094;	1;	2699.998316;	25.199984282666666;	0.9333333333333332;	101484.0;	32853.066666666666;	0.0;	0.13333333333333333;	0.06666666666666667;	0.06666666666666667
1377808394;	1;	2699.998316;	21.599986528000002;	0.8;	101484.0;	35125.333333333336;	0.0;	0.13333333333333333;	0.6666666666666666;	0.6666666666666666
1377808694;	1;	2699.998316;	26.999983160000003;	1.0;	101484.0;	33701.71428571428;	0.0;	0.2857142857142857;	0.07142857142857142;	0.07142857142857142
1377808994;	1;	2699.998316;	28.799982037333333;	1.0666666666666667;	101484.0;	29357.866666666665;	0.0;	0.13333333333333333;	0.06666666666666667;	0.06666666666666667
1377809294;	1;	2699.998316;	21.599986528000002;	0.8;	101484.0;	33377.066666666666;	0.0;	0.3333333333333333;	0.06666666666666667;	0.06666666666666667
1377809594;	1;	2699.998316;	25.199984282666666;	0.9333333333333332;	101484.0;	28833.6;	0.0;	0.2;	0.06666666666666667;	0.06666666666666667
1377809894;	1;	2699.998316;	28.799982037333333;	1.0666666666666667;	101484.0;	31281.066666666666;	0.0;	0.2;	0.06666666666666667;	0.06666666666666667
1377810194;	1;	2699.998316;	23.399985405333336;	0.8666666666666667;	101484.0;	30930.4;	0.0;	0.13333333333333333;	0.2;	0.2
1377810494;	1;	2699.998316;	21.599986528000002;	0.8;	101484.0;	27959.733333333334;	0.0;	0.13333333333333333;	0.06666666666666667;	0.06666666666666667
1377810794;	1;	2699.998316;	21.599986528000002;	0.8;	101484.0;	29183.466666666667;	0.0;	0.2;	0.6666666666666666;	0.6666666666666666
1377811094;	1;	2699.998316;	25.199984282666666;	0.9333333333333332;	101484.0;	29707.2;	0.0;	0.3333333333333333;	0.06666666666666667;	0.06666666666666667
1377811394;	1;	2699.998316;	28.799982037333333;	1.0666666666666667;	101484.0;	30930.4;	0.0;	0.13333333333333333;	0.06666666666666667;	0.06666666666666667
1377811694;	1;	2699.998316;	23.14284270857143;	0.8571428571428571;	101484.0;	35200.0;	0.0;	0.14285714285714285;	0.07142857142857142;	0.07142857142857142
1377811994;	1;	2699.998316;	21.599986528000002;	0.8;	101484.0;	33027.46666666667;	0.0;	0.13333333333333333;	0.6;	0.6
1377812294;	1;	2699.998316;	25.199984282666666;	0.9333333333333332;	101484.0;	34601.6;	0.0;	0.13333333333333333;	0.13333333333333333;	0.13333333333333333
1377812594;	1;	2699.998316;	26.999983160000003;	1.0;	101484.0;	37634.28571428572;	0.0;	0.14285714285714285;	0.07142857142857142;	0.07142857142857142
1377812894;	1;	2699.998316;	21.599986528000002;	0.8;	101484.0;	29356.8;	0.0;	0.3333333333333333;	0.13333333333333333;	0.13333333333333333
1377813194;	1;	2699.998316;	21.599986528000002;	0.8;	101484.0;	37397.6;	0.0;	0.13333333333333333;	0.13333333333333333;	0.13333333333333333
1377813494;	1;	2699.998316;	25.199984282666666;	0.9333333333333332;	101484.0;	30930.933333333334;	0.0;	0.26666666666666666;	0.13333333333333333;	0.13333333333333333
1377813794;	1;	2699.998316;	28.799982037333333;	1.0666666666666667;	101484.0;	32504.0;	0.0;	0.13333333333333333;	0.2;	0.2
1377814094;	1;	2699.998316;	21.599986528000002;	0.8;	101484.0;	30406.4;	0.0;	0.13333333333333333;	0.13333333333333333;	0.13333333333333333
1377814395;	1;	2699.998316;	25.199984282666666;	0.9333333333333332;	101484.0;	32328.8;	0.0;	0.2;	0.6666666666666666;	0.6666666666666666
1377814695;	1;	2699.998316;	28.799982037333333;	1.0666666666666667;	101484.0;	35650.4;	0.0;	0.3333333333333333;	0.13333333333333333;	0.13333333333333333
1377814995;	1;	2699.998316;	25.199984282666666;	0.9333333333333332;	101484.0;	31454.666666666668;	0.0;	0.2;	0.13333333333333333;	0.13333333333333333
1377815295;	1;	2699.998316;	21.599986528000002;	0.8;	101484.0;	34251.46666666667;	0.0;	0.13333333333333333;	0.2;	0.2
1377815595;	1;	2699.998316;	25.199984282666666;	0.9333333333333332;	101484.0;	32154.133333333335;	0.0;	0.3333333333333333;	0.8;	0.7333333333333333
1377815895;	1;	2699.998316;	28.799982037333333;	1.0666666666666667;	101484.0;	26911.2;	0.0;	0.2;	0.13333333333333333;	0.13333333333333333
1377816195;	1;	2699.998316;	21.599986528000002;	0.8;	101484.0;	31804.0;	0.0;	0.13333333333333333;	0.13333333333333333;	0.13333333333333333
1377816495;	1;	2699.998316;	23.14284270857143;	0.8571428571428571;	101484.0;	29208.0;	0.0;	0.2857142857142857;	0.14285714285714285;	0.14285714285714285
1377816795;	1;	2699.998316;	26.999983160000003;	1.0;	101484.0;	33727.2;	0.0;	0.2;	0.13333333333333333;	0.13333333333333333
1377817095;	1;	2699.998316;	26.999983160000003;	1.0;	101484.0;	34077.333333333336;	0.0;	0.13333333333333333;	0.13333333333333333;	0.2
1377817395;	1;	2699.998316;	21.599986528000002;	0.8;	101484.0;	33377.066666666666;	0.0;	0.13333333333333333;	0.2;	0.2
1377817694;	1;	2699.998316;	25.071412934285718;	0.9285714285714286;	101484.0;	31641.714285714286;	0.0;	0.21428571428571427;	0.35714285714285715;	0.2857142857142857
1377817994;	1;	2699.998316;	26.999983160000003;	1.0;	101484.0;	30581.6;	0.0;	0.13333333333333333;	0.6;	0.6
1377818294;	1;	2699.998316;	25.199984282666666;	0.9333333333333332;	101484.0;	35999.2;	0.0;	0.26666666666666666;	0.13333333333333333;	0.13333333333333333
1377818594;	1;	2699.998316;	21.599986528000002;	0.8;	101484.0;	29707.466666666667;	0.0;	0.13333333333333333;	0.06666666666666667;	0.06666666666666667
1377818894;	1;	2699.998316;	26.999983160000003;	1.0;	101484.0;	29020.85714285714;	0.0;	0.2857142857142857;	0.07142857142857142;	0.07142857142857142
1377819194;	1;	2699.998316;	28.799982037333333;	1.0666666666666667;	101484.0;	29182.4;	0.0;	0.13333333333333333;	0.6666666666666666;	0.6666666666666666
1377819494;	1;	2699.998316;	21.599986528000002;	0.8;	101484.0;	36174.4;	0.0;	0.13333333333333333;	0.06666666666666667;	0.06666666666666667
1377819794;	1;	2699.998316;	21.599986528000002;	0.8;	101484.0;	31280.266666666666;	0.0;	0.2;	0.06666666666666667;	0.06666666666666667
1377820094;	1;	2699.998316;	28.799982037333333;	1.0666666666666667;	101484.0;	30580.8;	0.0;	0.26666666666666666;	0.06666666666666667;	0.06666666666666667
1377820394;	1;	2699.998316;	21.599986528000002;	0.8;	101484.0;	29707.466666666667;	0.0;	0.2;	0.06666666666666667;	0.06666666666666667
1377820694;	1;	2699.998316;	21.599986528000002;	0.8;	101484.0;	29708.0;	0.0;	0.13333333333333333;	0.06666666666666667;	0.06666666666666667
1377820994;	1;	2699.998316;	25.199984282666666;	0.9333333333333332;	101484.0;	35474.933333333334;	0.0;	0.26666666666666666;	0.7333333333333333;	0.7333333333333333
1377821294;	1;	2699.998316;	25.199984282666666;	0.9333333333333332;	101484.0;	37746.933333333334;	0.0;	0.13333333333333333;	0.13333333333333333;	0.13333333333333333
1377821594;	1;	2699.998316;	21.599986528000002;	0.8;	101484.0;	38272.0;	0.0;	0.13333333333333333;	0.6;	0.6
1377821894;	1;	2699.998316;	25.199984282666666;	0.9333333333333332;	101484.0;	34076.8;	0.0;	0.26666666666666666;	0.06666666666666667;	0.06666666666666667
1377822194;	1;	2699.998316;	26.999983160000003;	1.0;	101484.0;	28134.133333333335;	0.0;	0.26666666666666666;	0.06666666666666667;	0.06666666666666667
1377822494;	1;	2699.998316;	25.199984282666666;	0.9333333333333332;	101484.0;	34776.53333333333;	0.0;	0.2;	0.06666666666666667;	0.06666666666666667
1377822794;	1;	2699.998316;	21.599986528000002;	0.8;	101484.0;	32504.0;	0.0;	0.13333333333333333;	0.6;	0.6
1377823094;	1;	2699.998316;	23.399985405333336;	0.8666666666666667;	101484.0;	32678.133333333335;	0.0;	0.26666666666666666;	0.26666666666666666;	0.06666666666666667
1377823394;	1;	2699.998316;	25.199984282666666;	0.9333333333333332;	101484.0;	36699.2;	0.0;	0.13333333333333333;	0.13333333333333333;	0.13333333333333333
1377823694;	1;	2699.998316;	21.599986528000002;	0.8;	101484.0;	35650.13333333333;	0.0;	0.3333333333333333;	0.13333333333333333;	0.13333333333333333
1377823994;	1;	2699.998316;	25.199984282666666;	0.9333333333333332;	101484.0;	29882.4;	0.0;	0.26666666666666666;	0.13333333333333333;	0.13333333333333333
1377824294;	1;	2699.998316;	26.999983160000003;	1.0;	101484.0;	29957.428571428572;	0.0;	0.14285714285714285;	0.07142857142857142;	0.07142857142857142
1377824595;	1;	2699.998316;	23.14284270857143;	0.8571428571428571;	101484.0;	31830.285714285714;	0.0;	0.21428571428571427;	0.14285714285714285;	0.14285714285714285
1377824895;	1;	2699.998316;	21.599986528000002;	0.8;	101484.0;	36348.53333333333;	0.0;	0.13333333333333333;	0.2;	0.13333333333333333
1377825195;	1;	2699.998316;	25.199984282666666;	0.9333333333333332;	101484.0;	31454.666666666668;	0.0;	0.26666666666666666;	0.7333333333333333;	0.6666666666666666
1377825495;	1;	2699.998316;	25.199984282666666;	0.9333333333333332;	101484.0;	36348.53333333333;	0.0;	0.2;	0.13333333333333333;	0.13333333333333333
1377825795;	1;	2699.998316;	21.599986528000002;	0.8;	101484.0;	32504.0;	0.0;	0.2;	0.06666666666666667;	0.06666666666666667
1377826095;	1;	2699.998316;	21.599986528000002;	0.8;	101484.0;	29356.8;	0.0;	0.2;	0.06666666666666667;	0.06666666666666667
1377826395;	1;	2699.998316;	25.199984282666666;	0.9333333333333332;	101484.0;	31978.4;	0.0;	0.13333333333333333;	0.6;	0.6
1377826695;	1;	2699.998316;	25.199984282666666;	0.9333333333333332;	101484.0;	26911.466666666667;	0.0;	0.13333333333333333;	0.13333333333333333;	0.13333333333333333
1377826995;	1;	2699.998316;	21.599986528000002;	0.8;	101484.0;	29882.4;	0.0;	0.13333333333333333;	0.13333333333333333;	0.13333333333333333
1377827295;	1;	2699.998316;	23.14284270857143;	0.8571428571428571;	101484.0;	31829.714285714286;	0.0;	0.2857142857142857;	0.21428571428571427;	0.21428571428571427
1377827595;	1;	2699.998316;	28.799982037333333;	1.0666666666666667;	101484.0;	33901.066666666666;	0.0;	0.13333333333333333;	0.13333333333333333;	0.13333333333333333
1377827895;	1;	2699.998316;	21.599986528000002;	0.8;	101484.0;	33902.13333333333;	0.0;	0.13333333333333333;	0.2;	0.2
1377828195;	1;	2699.998316;	21.599986528000002;	0.8;	101484.0;	34251.2;	0.0;	0.13333333333333333;	0.2;	0.2
1377828495;	1;	2699.998316;	25.199984282666666;	0.9333333333333332;	101484.0;	29707.2;	0.0;	0.26666666666666666;	0.13333333333333333;	0.13333333333333333
1377828795;	1;	2699.998316;	26.999983160000003;	1.0;	101484.0;	32391.428571428572;	0.0;	0.14285714285714285;	0.7142857142857143;	0.6428571428571429
1377829095;	1;	2699.998316;	21.599986528000002;	0.8;	101484.0;	33028.26666666667;	0.0;	0.26666666666666666;	0.2;	0.13333333333333333
1377829395;	1;	2699.998316;	25.199984282666666;	0.9333333333333332;	101484.0;	35824.53333333333;	0.0;	0.2;	0.2;	0.2
1377829695;	1;	2699.998316;	25.199984282666666;	0.9333333333333332;	101484.0;	37047.2;	0.0;	0.2;	0.13333333333333333;	0.13333333333333333
1377829995;	1;	2699.998316;	28.799982037333333;	1.0666666666666667;	101484.0;	36697.86666666667;	0.0;	0.13333333333333333;	0.6666666666666666;	0.6666666666666666
1377830295;	1;	2699.998316;	21.599986528000002;	0.8;	101484.0;	34775.2;	0.0;	0.13333333333333333;	0.13333333333333333;	0.13333333333333333
1377830595;	1;	2699.998316;	23.14284270857143;	0.8571428571428571;	101484.0;	32953.71428571428;	0.0;	0.2857142857142857;	0.14285714285714285;	0.14285714285714285
1377830895;	1;	2699.998316;	28.799982037333333;	1.0666666666666667;	101484.0;	30056.533333333333;	0.0;	0.26666666666666666;	0.2;	0.13333333333333333
1377831195;	1;	2699.998316;	23.14284270857143;	0.8571428571428571;	101484.0;	32578.85714285714;	0.0;	0.14285714285714285;	0.07142857142857142;	0.07142857142857142
1377831495;	1;	2699.998316;	23.399985405333336;	0.8666666666666667;	101484.0;	31454.933333333334;	0.0;	0.2;	0.13333333333333333;	0.13333333333333333
1377831795;	1;	2699.998316;	23.14284270857143;	0.8571428571428571;	101484.0;	38758.57142857143;	0.0;	0.21428571428571427;	0.14285714285714285;	0.14285714285714285
1377832095;	1;	2699.998316;	28.799982037333333;	1.0666666666666667;	101484.0;	36873.066666666666;	0.0;	0.2;	0.06666666666666667;	0.06666666666666667
1377832395;	1;	2699.998316;	21.599986528000002;	0.8;	101484.0;	29881.333333333332;	0.0;	0.13333333333333333;	0.6;	0.6
1377832695;	1;	2699.998316;	25.199984282666666;	0.9333333333333332;	101484.0;	29182.933333333334;	0.0;	0.26666666666666666;	0.06666666666666667;	0.06666666666666667
1377832995;	1;	2699.998316;	28.928553385714284;	1.0714285714285714;	101484.0;	29582.85714285714;	0.0;	0.14285714285714285;	0.07142857142857142;	0.07142857142857142
1377833295;	1;	2699.998316;	21.599986528000002;	0.8;	101484.0;	33376.8;	0.0;	0.2;	0.06666666666666667;	0.06666666666666667
1377833595;	1;	2699.998316;	21.599986528000002;	0.8;	101484.0;	31978.933333333334;	0.0;	0.13333333333333333;	0.6666666666666666;	0.6666666666666666
1377833895;	1;	2699.998316;	25.199984282666666;	0.9333333333333332;	101484.0;	29532.533333333333;	0.0;	0.2;	0.06666666666666667;	0.06666666666666667
1377834195;	1;	2699.998316;	25.199984282666666;	0.9333333333333332;	101484.0;	30056.266666666666;	0.0;	0.13333333333333333;	0.06666666666666667;	0.06666666666666667
1377834495;	1;	2699.998316;	23.14284270857143;	0.8571428571428571;	101484.0;	36135.42857142857;	0.0;	0.21428571428571427;	0.07142857142857142;	0.07142857142857142
1377834795;	1;	2699.998316;	25.199984282666666;	0.9333333333333332;	101484.0;	36873.333333333336;	0.0;	0.26666666666666666;	0.13333333333333333;	0.13333333333333333
1377835095;	1;	2699.998316;	25.199984282666666;	0.9333333333333332;	101484.0;	30580.8;	0.0;	0.13333333333333333;	0.13333333333333333;	0.06666666666666667
1377835395;	1;	2699.998316;	21.599986528000002;	0.8;	101484.0;	31454.666666666668;	0.0;	0.13333333333333333;	0.06666666666666667;	0.06666666666666667
1377835695;	1;	2699.998316;	25.199984282666666;	0.9333333333333332;	101484.0;	32328.533333333333;	0.0;	0.26666666666666666;	0.5333333333333333;	0.5333333333333333
1377835996;	1;	2699.998316;	28.799982037333333;	1.0666666666666667;	101484.0;	36349.333333333336;	0.0;	0.13333333333333333;	0.6;	0.6
1377836296;	1;	2699.998316;	23.14284270857143;	0.8571428571428571;	101484.0;	34075.71428571428;	0.0;	0.42857142857142855;	0.14285714285714285;	0.14285714285714285
1377836596;	1;	2699.998316;	25.199984282666666;	0.9333333333333332;	101484.0;	28308.8;	0.0;	0.2;	0.13333333333333333;	0.13333333333333333
1377836896;	1;	2699.998316;	25.199984282666666;	0.9333333333333332;	101484.0;	33552.26666666667;	0.0;	0.2;	0.13333333333333333;	0.13333333333333333
1377837196;	1;	2699.998316;	28.799982037333333;	1.0666666666666667;	101484.0;	34950.4;	0.0;	0.2;	0.6;	0.5333333333333333
1377837496;	1;	2699.998316;	23.14284270857143;	0.8571428571428571;	101484.0;	32766.0;	0.0;	0.14285714285714285;	0.14285714285714285;	0.14285714285714285
1377837796;	1;	2699.998316;	28.799982037333333;	1.0666666666666667;	101484.0;	29881.333333333332;	0.0;	0.26666666666666666;	0.06666666666666667;	0.06666666666666667
1377838096;	1;	2699.998316;	25.199984282666666;	0.9333333333333332;	101484.0;	31105.866666666665;	0.0;	0.13333333333333333;	0.13333333333333333;	0.13333333333333333
1377838396;	1;	2699.998316;	21.599986528000002;	0.8;	101484.0;	36349.6;	0.0;	0.2;	0.13333333333333333;	0.13333333333333333
1377838696;	1;	2699.998316;	23.14284270857143;	0.8571428571428571;	101484.0;	36323.71428571428;	0.0;	0.14285714285714285;	0.14285714285714285;	0.14285714285714285
1377838996;	1;	2699.998316;	26.999983160000003;	1.0;	101484.0;	33140.57142857143;	0.0;	0.14285714285714285;	0.07142857142857142;	0.07142857142857142
1377839296;	1;	2699.998316;	21.599986528000002;	0.8;	101484.0;	24813.866666666665;	0.0;	0.2;	0.2;	0.2
1377839596;	1;	2699.998316;	21.599986528000002;	0.8;	101484.0;	26736.533333333333;	0.0;	0.26666666666666666;	0.6666666666666666;	0.6666666666666666
1377839896;	1;	2699.998316;	28.799982037333333;	1.0666666666666667;	101484.0;	26562.133333333335;	0.0;	0.26666666666666666;	0.13333333333333333;	0.13333333333333333
1377840196;	1;	2699.998316;	25.199984282666666;	0.9333333333333332;	101484.0;	33552.53333333333;	0.0;	0.13333333333333333;	0.13333333333333333;	0.13333333333333333
1377840496;	1;	2699.998316;	21.599986528000002;	0.8;	101484.0;	35300.53333333333;	0.0;	0.13333333333333333;	0.13333333333333333;	0.13333333333333333
1377840796;	1;	2699.998316;	26.999983160000003;	1.0;	101484.0;	33140.0;	0.0;	0.35714285714285715;	0.7142857142857143;	0.7142857142857143
1377841096;	1;	2699.998316;	25.199984282666666;	0.9333333333333332;	101484.0;	32678.4;	0.0;	0.13333333333333333;	0.13333333333333333;	0.13333333333333333
1377841396;	1;	2699.998316;	21.599986528000002;	0.8;	101484.0;	33378.4;	0.0;	0.13333333333333333;	0.13333333333333333;	0.13333333333333333
1377841696;	1;	2699.998316;	25.199984282666666;	0.9333333333333332;	101484.0;	29706.666666666668;	0.0;	0.26666666666666666;	0.13333333333333333;	0.13333333333333333
1377841996;	1;	2699.998316;	28.799982037333333;	1.0666666666666667;	101484.0;	32328.533333333333;	0.0;	0.13333333333333333;	0.2;	0.2
1377842296;	1;	2699.998316;	23.14284270857143;	0.8571428571428571;	101484.0;	32391.714285714286;	0.0;	0.21428571428571427;	0.14285714285714285;	0.14285714285714285
1377842596;	1;	2699.998316;	21.599986528000002;	0.8;	101484.0;	36698.666666666664;	0.0;	0.13333333333333333;	0.2;	0.2
1377842896;	1;	2699.998316;	28.799982037333333;	1.0666666666666667;	101484.0;	40718.666666666664;	0.0;	0.2;	0.2;	0.2
1377843196;	1;	2699.998316;	25.199984282666666;	0.9333333333333332;	101484.0;	37921.333333333336;	0.0;	0.13333333333333333;	0.6;	0.6
1377843496;	1;	2699.998316;	23.14284270857143;	0.8571428571428571;	101484.0;	31830.0;	0.0;	0.14285714285714285;	0.14285714285714285;	0.14285714285714285
1377843796;	1;	2699.998316;	28.799982037333333;	1.0666666666666667;	101484.0;	33901.6;	0.0;	0.2;	0.06666666666666667;	0.06666666666666667
1377844096;	1;	2699.998316;	25.199984282666666;	0.9333333333333332;	101484.0;	32154.4;	0.0;	0.2;	0.06666666666666667;	0.06666666666666667
1377844396;	1;	2699.998316;	21.599986528000002;	0.8;	101484.0;	31280.8;	0.0;	0.2;	0.6666666666666666;	0.6666666666666666
1377844696;	1;	2699.998316;	23.399985405333336;	0.8666666666666667;	101484.0;	27260.266666666666;	0.0;	0.2;	0.13333333333333333;	0.13333333333333333
1377844997;	1;	2699.998316;	30.599980914666666;	1.1333333333333333;	101484.0;	31978.933333333334;	0.0;	0.13333333333333333;	0.06666666666666667;	0.06666666666666667
1377845297;	1;	2699.998316;	21.599986528000002;	0.8;	101484.0;	34600.53333333333;	0.0;	0.2;	0.06666666666666667;	0.06666666666666667
1377845597;	1;	2699.998316;	21.599986528000002;	0.8;	101484.0;	29532.0;	0.0;	0.13333333333333333;	0.06666666666666667;	0.06666666666666667
1377845897;	1;	2699.998316;	28.799982037333333;	1.0666666666666667;	101484.0;	32853.333333333336;	0.0;	0.26666666666666666;	0.13333333333333333;	0.13333333333333333
1377846197;	1;	2699.998316;	25.199984282666666;	0.9333333333333332;	101484.0;	29707.466666666667;	0.0;	0.13333333333333333;	0.06666666666666667;	0.06666666666666667
1377846497;	1;	2699.998316;	21.599986528000002;	0.8;	101484.0;	30581.6;	0.0;	0.2;	0.3333333333333333;	0.3333333333333333
1377846797;	1;	2699.998316;	25.199984282666666;	0.9333333333333332;	101484.0;	29008.8;	0.0;	0.2;	0.6;	0.6
1377847097;	1;	2699.998316;	28.799982037333333;	1.0666666666666667;	101484.0;	31105.6;	0.0;	0.13333333333333333;	0.06666666666666667;	0.06666666666666667
1377847397;	1;	2699.998316;	21.599986528000002;	0.8;	101484.0;	33553.066666666666;	0.0;	0.13333333333333333;	0.06666666666666667;	0.06666666666666667
1377847697;	1;	2699.998316;	21.599986528000002;	0.8;	101484.0;	31630.133333333335;	0.0;	0.3333333333333333;	0.13333333333333333;	0.13333333333333333
1377847997;	1;	2699.998316;	28.799982037333333;	1.0666666666666667;	101484.0;	33902.4;	0.0;	0.2;	0.6;	0.6
1377848297;	1;	2699.998316;	23.399985405333336;	0.8666666666666667;	101484.0;	33028.0;	0.0;	0.2;	0.06666666666666667;	0.06666666666666667
1377848597;	1;	2699.998316;	21.599986528000002;	0.8;	101484.0;	27436.0;	0.0;	0.13333333333333333;	0.06666666666666667;	0.06666666666666667
1377848897;	1;	2699.998316;	28.799982037333333;	1.0666666666666667;	101484.0;	29183.733333333334;	0.0;	0.3333333333333333;	0.13333333333333333;	0.06666666666666667
1377849197;	1;	2699.998316;	25.199984282666666;	0.9333333333333332;	101484.0;	41242.666666666664;	0.0;	0.13333333333333333;	0.06666666666666667;	0.06666666666666667
1377849497;	1;	2699.998316;	21.599986528000002;	0.8;	101484.0;	32329.6;	0.0;	0.2;	0.13333333333333333;	0.13333333333333333
1377849797;	1;	2699.998316;	25.199984282666666;	0.9333333333333332;	101484.0;	35300.8;	0.0;	0.26666666666666666;	0.13333333333333333;	0.06666666666666667
1377850097;	1;	2699.998316;	28.799982037333333;	1.0666666666666667;	101484.0;	30232.0;	0.0;	0.13333333333333333;	0.13333333333333333;	0.13333333333333333
1377850397;	1;	2699.998316;	21.599986528000002;	0.8;	101484.0;	30405.866666666665;	0.0;	0.2;	0.6;	0.6
1377850696;	1;	2699.998316;	21.599986528000002;	0.8;	101484.0;	33552.26666666667;	0.0;	0.13333333333333333;	0.13333333333333333;	0.13333333333333333
1377850996;	1;	2699.998316;	28.799982037333333;	1.0666666666666667;	101484.0;	36173.6;	0.0;	0.26666666666666666;	0.06666666666666667;	0.06666666666666667
1377851296;	1;	2699.998316;	25.199984282666666;	0.9333333333333332;	101484.0;	32853.066666666666;	0.0;	0.13333333333333333;	0.13333333333333333;	0.13333333333333333
1377851596;	1;	2699.998316;	21.599986528000002;	0.8;	101484.0;	38096.53333333333;	0.0;	0.13333333333333333;	0.6;	0.6
1377851896;	1;	2699.998316;	25.199984282666666;	0.9333333333333332;	101484.0;	34776.26666666667;	0.0;	0.3333333333333333;	0.13333333333333333;	0.13333333333333333
1377852196;	1;	2699.998316;	28.799982037333333;	1.0666666666666667;	101484.0;	34426.4;	0.0;	0.13333333333333333;	0.13333333333333333;	0.13333333333333333
1377852496;	1;	2699.998316;	21.599986528000002;	0.8;	101484.0;	29183.2;	0.0;	0.3333333333333333;	0.13333333333333333;	0.13333333333333333
1377852796;	1;	2699.998316;	25.199984282666666;	0.9333333333333332;	101484.0;	29707.466666666667;	0.0;	0.2;	0.13333333333333333;	0.13333333333333333
1377853096;	1;	2699.998316;	28.799982037333333;	1.0666666666666667;	101484.0;	35648.8;	0.0;	0.13333333333333333;	0.2;	0.2
1377853396;	1;	2699.998316;	21.599986528000002;	0.8;	101484.0;	36872.8;	0.0;	0.26666666666666666;	0.13333333333333333;	0.13333333333333333
1377853696;	1;	2699.998316;	21.599986528000002;	0.8;	101484.0;	31280.0;	0.0;	0.13333333333333333;	0.2;	0.2
1377853996;	1;	2699.998316;	28.799982037333333;	1.0666666666666667;	101484.0;	30930.666666666668;	0.0;	0.26666666666666666;	0.6666666666666666;	0.6666666666666666
1377854297;	1;	2699.998316;	25.199984282666666;	0.9333333333333332;	101484.0;	30581.6;	0.0;	0.13333333333333333;	0.2;	0.2
1377854597;	1;	2699.998316;	19.799987650666665;	0.7333333333333333;	101484.0;	33726.933333333334;	0.0;	0.13333333333333333;	0.2;	0.2
1377854897;	1;	2699.998316;	25.199984282666666;	0.9333333333333332;	101484.0;	34600.53333333333;	0.0;	0.3333333333333333;	0.13333333333333333;	0.13333333333333333
1377855197;	1;	2699.998316;	28.799982037333333;	1.0666666666666667;	101484.0;	32852.26666666667;	0.0;	0.13333333333333333;	0.7333333333333333;	0.7333333333333333
1377855497;	1;	2699.998316;	21.599986528000002;	0.8;	101484.0;	34426.13333333333;	0.0;	0.2;	0.13333333333333333;	0.13333333333333333
1377855797;	1;	2699.998316;	23.399985405333336;	0.8666666666666667;	101484.0;	25863.466666666667;	0.0;	0.2;	0.13333333333333333;	0.13333333333333333
1377856097;	1;	2699.998316;	26.999983160000003;	1.0;	101484.0;	27610.4;	0.0;	0.26666666666666666;	0.13333333333333333;	0.13333333333333333
1377856397;	1;	2699.998316;	25.199984282666666;	0.9333333333333332;	101484.0;	35475.46666666667;	0.0;	0.13333333333333333;	0.06666666666666667;	0.06666666666666667
1377856697;	1;	2699.998316;	21.599986528000002;	0.8;	101484.0;	29357.866666666665;	0.0;	0.13333333333333333;	0.13333333333333333;	0.13333333333333333
1377856997;	1;	2699.998316;	28.799982037333333;	1.0666666666666667;	101484.0;	32852.26666666667;	0.0;	0.2;	0.3333333333333333;	0.26666666666666666
1377857297;	1;	2699.998316;	25.199984282666666;	0.9333333333333332;	101484.0;	30756.266666666666;	0.0;	0.13333333333333333;	0.13333333333333333;	0.13333333333333333
1377857597;	1;	2699.998316;	21.599986528000002;	0.8;	101484.0;	27435.733333333334;	0.0;	0.2;	0.6;	0.6
1377857897;	1;	2699.998316;	25.199984282666666;	0.9333333333333332;	101484.0;	35299.73333333333;	0.0;	0.26666666666666666;	0.06666666666666667;	0.06666666666666667
1377858197;	1;	2699.998316;	28.799982037333333;	1.0666666666666667;	101484.0;	38444.8;	0.0;	0.13333333333333333;	0.06666666666666667;	0.06666666666666667
1377858497;	1;	2699.998316;	21.599986528000002;	0.8;	101484.0;	33027.2;	0.0;	0.2;	0.13333333333333333;	0.06666666666666667
1377858797;	1;	2699.998316;	21.599986528000002;	0.8;	101484.0;	30406.133333333335;	0.0;	0.13333333333333333;	0.5333333333333333;	0.5333333333333333
1377859097;	1;	2699.998316;	28.799982037333333;	1.0666666666666667;	101484.0;	30931.733333333334;	0.0;	0.26666666666666666;	0.06666666666666667;	0.06666666666666667
1377859397;	1;	2699.998316;	25.199984282666666;	0.9333333333333332;	101484.0;	30581.066666666666;	0.0;	0.13333333333333333;	0.06666666666666667;	0.06666666666666667
1377859697;	1;	2699.998316;	19.799987650666665;	0.7333333333333333;	101484.0;	34250.933333333334;	0.0;	0.2;	0.06666666666666667;	0.06666666666666667
1377859997;	1;	2699.998316;	25.199984282666666;	0.9333333333333332;	101484.0;	36523.2;	0.0;	0.26666666666666666;	0.06666666666666667;	0.06666666666666667
1377860297;	1;	2699.998316;	28.799982037333333;	1.0666666666666667;	101484.0;	34950.4;	0.0;	0.13333333333333333;	0.13333333333333333;	0.13333333333333333
1377860597;	1;	2699.998316;	21.599986528000002;	0.8;	101484.0;	31281.066666666666;	0.0;	0.13333333333333333;	0.06666666666666667;	0.06666666666666667
1377860897;	1;	2699.998316;	25.199984282666666;	0.9333333333333332;	101484.0;	31280.0;	0.0;	0.2;	0.2;	0.13333333333333333
1377861197;	1;	2699.998316;	25.199984282666666;	0.9333333333333332;	101484.0;	34076.0;	0.0;	0.2;	0.7333333333333333;	0.7333333333333333
1377861497;	1;	2699.998316;	25.199984282666666;	0.9333333333333332;	101484.0;	31104.8;	0.0;	0.2;	0.4;	0.4
1377861797;	1;	2699.998316;	21.599986528000002;	0.8;	101484.0;	34775.73333333333;	0.0;	0.13333333333333333;	0.06666666666666667;	0.06666666666666667
1377862097;	1;	2699.998316;	28.799982037333333;	1.0666666666666667;	101484.0;	34775.46666666667;	0.0;	0.3333333333333333;	0.06666666666666667;	0.06666666666666667
1377862397;	1;	2699.998316;	25.199984282666666;	0.9333333333333332;	101484.0;	30930.933333333334;	0.0;	0.13333333333333333;	0.5333333333333333;	0.5333333333333333
1377862698;	1;	2699.998316;	21.599986528000002;	0.8;	101484.0;	30581.066666666666;	0.0;	0.2;	0.06666666666666667;	0.06666666666666667
1377862998;	1;	2699.998316;	25.199984282666666;	0.9333333333333332;	101484.0;	33378.13333333333;	0.0;	0.2;	0.06666666666666667;	0.06666666666666667
1377863298;	1;	2699.998316;	26.999983160000003;	1.0;	101484.0;	30231.466666666667;	0.0;	0.2;	0.06666666666666667;	0.06666666666666667
1377863598;	1;	2699.998316;	21.599986528000002;	0.8;	101484.0;	32852.8;	0.0;	0.13333333333333333;	0.13333333333333333;	0.13333333333333333
1377863898;	1;	2699.998316;	21.599986528000002;	0.8;	101484.0;	31104.8;	0.0;	0.13333333333333333;	0.13333333333333333;	0.13333333333333333
1377864198;	1;	2699.998316;	28.799982037333333;	1.0666666666666667;	101484.0;	33202.933333333334;	0.0;	0.26666666666666666;	0.06666666666666667;	0.06666666666666667
1377864498;	1;	2699.998316;	25.199984282666666;	0.9333333333333332;	101484.0;	33202.666666666664;	0.0;	0.13333333333333333;	0.2;	0.2
1377864798;	1;	2699.998316;	21.599986528000002;	0.8;	101484.0;	29357.866666666665;	0.0;	0.13333333333333333;	0.6666666666666666;	0.6666666666666666
1377865098;	1;	2699.998316;	25.199984282666666;	0.9333333333333332;	101484.0;	36523.46666666667;	0.0;	0.3333333333333333;	0.13333333333333333;	0.13333333333333333
1377865398;	1;	2699.998316;	28.799982037333333;	1.0666666666666667;	101484.0;	29532.0;	0.0;	0.13333333333333333;	0.13333333333333333;	0.13333333333333333
1377865698;	1;	2699.998316;	21.599986528000002;	0.8;	101484.0;	29008.533333333333;	0.0;	0.2;	0.13333333333333333;	0.13333333333333333
1377865998;	1;	2699.998316;	25.199984282666666;	0.9333333333333332;	101484.0;	29532.0;	0.0;	0.26666666666666666;	0.6;	0.6
1377866298;	1;	2699.998316;	28.799982037333333;	1.0666666666666667;	101484.0;	28308.8;	0.0;	0.13333333333333333;	0.2;	0.2
1377866598;	1;	2699.998316;	21.599986528000002;	0.8;	101484.0;	31804.266666666666;	0.0;	0.2;	0.2;	0.13333333333333333
1377866898;	1;	2699.998316;	25.199984282666666;	0.9333333333333332;	101484.0;	30232.0;	0.0;	0.4666666666666667;	0.2;	0.13333333333333333
1377867198;	1;	2699.998316;	28.799982037333333;	1.0666666666666667;	101484.0;	30756.266666666666;	0.0;	0.13333333333333333;	0.2;	0.13333333333333333
1377867498;	1;	2699.998316;	21.599986528000002;	0.8;	101484.0;	39668.53333333333;	0.0;	0.8666666666666667;	0.26666666666666666;	0.26666666666666666
1377867798;	1;	2699.998316;	21.599986528000002;	0.8;	101484.0;	32678.4;	0.0;	0.13333333333333333;	0.13333333333333333;	0.13333333333333333
1377868098;	1;	2699.998316;	28.799982037333333;	1.0666666666666667;	101484.0;	31454.4;	0.0;	0.26666666666666666;	0.2;	0.26666666666666666
1377868398;	1;	2699.998316;	25.199984282666666;	0.9333333333333332;	101484.0;	33028.0;	0.0;	0.13333333333333333;	0.6666666666666666;	0.6666666666666666
1377868698;	1;	2699.998316;	21.599986528000002;	0.8;	101484.0;	34076.8;	0.0;	0.26666666666666666;	0.13333333333333333;	0.13333333333333333
1377868998;	1;	2699.998316;	25.199984282666666;	0.9333333333333332;	101484.0;	34776.53333333333;	0.0;	0.26666666666666666;	0.13333333333333333;	0.13333333333333333
1377869298;	1;	2699.998316;	28.799982037333333;	1.0666666666666667;	101484.0;	36348.53333333333;	0.0;	0.13333333333333333;	0.13333333333333333;	0.13333333333333333
1377869598;	1;	2699.998316;	21.599986528000002;	0.8;	101484.0;	33902.4;	0.0;	0.2;	0.6666666666666666;	0.6666666666666666
1377869898;	1;	2699.998316;	21.599986528000002;	0.8;	101484.0;	34252.26666666667;	0.0;	0.13333333333333333;	0.13333333333333333;	0.13333333333333333
1377870198;	1;	2699.998316;	28.799982037333333;	1.0666666666666667;	101484.0;	29008.8;	0.0;	0.26666666666666666;	0.13333333333333333;	0.13333333333333333
1377870498;	1;	2699.998316;	25.199984282666666;	0.9333333333333332;	101484.0;	30406.933333333334;	0.0;	0.2;	0.06666666666666667;	0.06666666666666667
1377870798;	1;	2699.998316;	21.599986528000002;	0.8;	101484.0;	32328.8;	0.0;	0.13333333333333333;	0.06666666666666667;	0.06666666666666667
1377871098;	1;	2699.998316;	25.199984282666666;	0.9333333333333332;	101484.0;	32328.533333333333;	0.0;	0.2;	0.13333333333333333;	0.13333333333333333
1377871398;	1;	2699.998316;	28.799982037333333;	1.0666666666666667;	101484.0;	36698.666666666664;	0.0;	0.13333333333333333;	0.06666666666666667;	0.06666666666666667
1377871698;	1;	2699.998316;	21.599986528000002;	0.8;	101484.0;	32678.133333333335;	0.0;	0.13333333333333333;	0.06666666666666667;	0.06666666666666667
1377871998;	1;	2699.998316;	21.599986528000002;	0.8;	101484.0;	35299.73333333333;	0.0;	0.13333333333333333;	0.6;	0.6
1377872299;	1;	2699.998316;	28.799982037333333;	1.0666666666666667;	101484.0;	35474.933333333334;	0.0;	0.3333333333333333;	0.13333333333333333;	0.13333333333333333
1377872599;	1;	2699.998316;	25.199984282666666;	0.9333333333333332;	101484.0;	32504.0;	0.0;	0.13333333333333333;	0.06666666666666667;	0.06666666666666667
1377872899;	1;	2699.998316;	21.599986528000002;	0.8;	101484.0;	30756.0;	0.0;	0.13333333333333333;	0.5333333333333333;	0.5333333333333333
1377873199;	1;	2699.998316;	25.199984282666666;	0.9333333333333332;	101484.0;	32852.8;	0.0;	0.26666666666666666;	0.6;	0.6
1377873499;	1;	2699.998316;	28.799982037333333;	1.0666666666666667;	101484.0;	32504.0;	0.0;	0.13333333333333333;	0.06666666666666667;	0.06666666666666667
1377873799;	1;	2699.998316;	21.599986528000002;	0.8;	101484.0;	28833.6;	0.0;	0.2;	0.06666666666666667;	0.06666666666666667
1377874099;	1;	2699.998316;	25.199984282666666;	0.9333333333333332;	101484.0;	31105.066666666666;	0.0;	0.26666666666666666;	0.06666666666666667;	0.06666666666666667
1377874399;	1;	2699.998316;	28.799982037333333;	1.0666666666666667;	101484.0;	31455.2;	0.0;	0.13333333333333333;	0.06666666666666667;	0.06666666666666667
1377874699;	1;	2699.998316;	21.599986528000002;	0.8;	101484.0;	31804.533333333333;	0.0;	0.2;	0.2;	0.13333333333333333
1377874999;	1;	2699.998316;	25.199984282666666;	0.9333333333333332;	101484.0;	35999.2;	0.0;	0.2;	0.06666666666666667;	0.06666666666666667
1377875299;	1;	2699.998316;	26.999983160000003;	1.0;	101484.0;	34601.333333333336;	0.0;	0.2;	0.26666666666666666;	0.26666666666666666
1377875599;	1;	2699.998316;	23.399985405333336;	0.8666666666666667;	101484.0;	31280.533333333333;	0.0;	0.13333333333333333;	0.6;	0.6
1377875899;	1;	2699.998316;	21.599986528000002;	0.8;	101484.0;	28658.4;	0.0;	0.2;	0.06666666666666667;	0.06666666666666667
1377876199;	1;	2699.998316;	28.799982037333333;	1.0666666666666667;	101484.0;	32678.133333333335;	0.0;	0.26666666666666666;	0.06666666666666667;	0.06666666666666667
1377876499;	1;	2699.998316;	25.199984282666666;	0.9333333333333332;	101484.0;	31630.4;	0.0;	0.13333333333333333;	0.06666666666666667;	0.06666666666666667
1377876799;	1;	2699.998316;	21.599986528000002;	0.8;	101484.0;	31630.666666666668;	0.0;	0.13333333333333333;	0.6666666666666666;	0.6666666666666666
1377877099;	1;	2699.998316;	25.199984282666666;	0.9333333333333332;	101484.0;	31454.933333333334;	0.0;	0.26666666666666666;	0.06666666666666667;	0.06666666666666667
1377877399;	1;	2699.998316;	28.799982037333333;	1.0666666666666667;	101484.0;	32678.666666666668;	0.0;	0.13333333333333333;	0.06666666666666667;	0.06666666666666667
1377877699;	1;	2699.998316;	21.599986528000002;	0.8;	101484.0;	32503.2;	0.0;	0.26666666666666666;	0.06666666666666667;	0.06666666666666667
1377877999;	1;	2699.998316;	23.399985405333336;	0.8666666666666667;	101484.0;	35300.8;	0.0;	0.2;	0.06666666666666667;	0.06666666666666667
1377878299;	1;	2699.998316;	28.799982037333333;	1.0666666666666667;	101484.0;	30581.333333333332;	0.0;	0.13333333333333333;	0.06666666666666667;	0.06666666666666667
1377878599;	1;	2699.998316;	21.599986528000002;	0.8;	101484.0;	32678.133333333335;	0.0;	0.26666666666666666;	0.13333333333333333;	0.13333333333333333
1377878899;	1;	2699.998316;	21.599986528000002;	0.8;	101484.0;	34426.13333333333;	0.0;	0.13333333333333333;	0.26666666666666666;	0.26666666666666666
1377879199;	1;	2699.998316;	28.799982037333333;	1.0666666666666667;	101484.0;	35823.73333333333;	0.0;	0.26666666666666666;	0.6666666666666666;	0.6666666666666666
1377879499;	1;	2699.998316;	25.199984282666666;	0.9333333333333332;	101484.0;	35649.6;	0.0;	0.26666666666666666;	0.2;	0.2
1377879799;	1;	2699.998316;	21.599986528000002;	0.8;	101484.0;	28484.266666666666;	0.0;	0.2;	0.13333333333333333;	0.13333333333333333
1377880100;	1;	2699.998316;	21.599986528000002;	0.8;	101484.0;	33203.46666666667;	0.0;	0.2;	0.2;	0.2
1377880400;	1;	2699.998316;	28.799982037333333;	1.0666666666666667;	101484.0;	38446.933333333334;	0.0;	0.26666666666666666;	0.7333333333333333;	0.7333333333333333
1377880700;	1;	2699.998316;	25.199984282666666;	0.9333333333333332;	101484.0;	36173.6;	0.0;	0.2;	0.2;	0.2
1377881000;	1;	2699.998316;	21.599986528000002;	0.8;	101484.0;	30057.6;	0.0;	0.13333333333333333;	0.13333333333333333;	0.13333333333333333
1377881300;	1;	2699.998316;	25.199984282666666;	0.9333333333333332;	101484.0;	28309.6;	0.0;	0.3333333333333333;	0.26666666666666666;	0.26666666666666666
1377881600;	1;	2699.998316;	26.999983160000003;	1.0;	101484.0;	27609.866666666665;	0.0;	0.13333333333333333;	0.2;	0.13333333333333333
1377881900;	1;	2699.998316;	21.599986528000002;	0.8;	101484.0;	31629.6;	0.0;	0.13333333333333333;	0.26666666666666666;	0.26666666666666666
1377882200;	1;	2699.998316;	21.599986528000002;	0.8;	101484.0;	29882.133333333335;	0.0;	0.2;	0.13333333333333333;	0.13333333333333333
1377882500;	1;	2699.998316;	28.799982037333333;	1.0666666666666667;	101484.0;	35476.0;	0.0;	0.2;	0.26666666666666666;	0.26666666666666666
1377882800;	1;	2699.998316;	25.199984282666666;	0.9333333333333332;	101484.0;	32677.866666666665;	0.0;	0.2;	0.7333333333333333;	0.7333333333333333
1377883100;	1;	2699.998316;	21.599986528000002;	0.8;	101484.0;	33552.8;	0.0;	0.2;	0.13333333333333333;	0.13333333333333333
1377883399;	1;	2699.998316;	25.199984282666666;	0.9333333333333332;	101484.0;	33203.46666666667;	0.0;	0.3333333333333333;	0.06666666666666667;	0.06666666666666667
1377883699;	1;	2699.998316;	21.599986528000002;	0.8;	101484.0;	34250.933333333334;	0.0;	0.2;	0.06666666666666667;	0.06666666666666667
1377883999;	1;	2699.998316;	25.199984282666666;	0.9333333333333332;	101484.0;	28309.6;	0.0;	0.2;	0.6;	0.6
1377884299;	1;	2699.998316;	25.199984282666666;	0.9333333333333332;	101484.0;	36174.4;	0.0;	0.2;	0.06666666666666667;	0.06666666666666667
1377884599;	1;	2699.998316;	21.599986528000002;	0.8;	101484.0;	32329.333333333332;	0.0;	0.13333333333333333;	0.06666666666666667;	0.06666666666666667
1377884899;	1;	2699.998316;	25.199984282666666;	0.9333333333333332;	101484.0;	34950.4;	0.0;	0.4;	0.06666666666666667;	0.06666666666666667
1377885199;	1;	2699.998316;	28.799982037333333;	1.0666666666666667;	101484.0;	27435.466666666667;	0.0;	0.2;	0.06666666666666667;	0.06666666666666667
1377885499;	1;	2699.998316;	21.599986528000002;	0.8;	101484.0;	32503.2;	0.0;	0.13333333333333333;	0.13333333333333333;	0.13333333333333333
1377885799;	1;	2699.998316;	21.599986528000002;	0.8;	101484.0;	32678.933333333334;	0.0;	0.2;	0.5333333333333333;	0.5333333333333333
1377886099;	1;	2699.998316;	32.399979791999996;	1.2;	101484.0;	35824.26666666667;	0.0;	0.26666666666666666;	0.13333333333333333;	0.13333333333333333
1377886400;	1;	2699.998316;	21.599986528000002;	0.8;	101484.0;	28832.8;	0.0;	0.26666666666666666;	0.6;	0.6
1377886700;	1;	2699.998316;	21.599986528000002;	0.8;	101484.0;	29883.2;	0.0;	0.2;	0.13333333333333333;	0.13333333333333333
1377887000;	1;	2699.998316;	28.799982037333333;	1.0666666666666667;	101484.0;	36523.46666666667;	0.0;	0.26666666666666666;	0.2;	0.2
1377887300;	1;	2699.998316;	25.199984282666666;	0.9333333333333332;	101484.0;	33553.6;	0.0;	0.26666666666666666;	0.2;	0.2
1377887600;	1;	2699.998316;	21.599986528000002;	0.8;	101484.0;	32504.0;	0.0;	0.13333333333333333;	0.6;	0.6
1377887900;	1;	2699.998316;	25.199984282666666;	0.9333333333333332;	101484.0;	37047.73333333333;	0.0;	0.26666666666666666;	0.06666666666666667;	0.06666666666666667
1377888200;	1;	2699.998316;	28.799982037333333;	1.0666666666666667;	101484.0;	31455.2;	0.0;	0.26666666666666666;	0.13333333333333333;	0.13333333333333333
1377888500;	1;	2699.998316;	21.599986528000002;	0.8;	101484.0;	30931.2;	0.0;	0.3333333333333333;	0.06666666666666667;	0.06666666666666667
1377888800;	1;	2699.998316;	21.599986528000002;	0.8;	101484.0;	33552.26666666667;	0.0;	0.2;	0.06666666666666667;	0.06666666666666667
1377889100;	1;	2699.998316;	28.799982037333333;	1.0666666666666667;	101484.0;	34076.8;	0.0;	0.3333333333333333;	0.2;	0.13333333333333333
1377889400;	1;	2699.998316;	25.199984282666666;	0.9333333333333332;	101484.0;	30930.4;	0.0;	0.2;	0.2;	0.13333333333333333
1377889700;	1;	2699.998316;	21.599986528000002;	0.8;	101484.0;	30057.066666666666;	0.0;	0.2;	0.2;	0.2
1377890000;	1;	2699.998316;	25.199984282666666;	0.9333333333333332;	101484.0;	25163.2;	0.0;	0.4;	0.6666666666666666;	0.6666666666666666
1377890300;	1;	2699.998316;	26.999983160000003;	1.0;	101484.0;	28833.6;	0.0;	0.26666666666666666;	0.06666666666666667;	0.06666666666666667
1377890600;	1;	2699.998316;	21.599986528000002;	0.8;	101484.0;	29357.6;	0.0;	0.2;	0.06666666666666667;	0.06666666666666667
1377890900;	1;	2699.998316;	21.599986528000002;	0.8;	101484.0;	27785.066666666666;	0.0;	0.2;	0.13333333333333333;	0.13333333333333333
1377891200;	1;	2699.998316;	28.799982037333333;	1.0666666666666667;	101484.0;	34076.8;	0.0;	0.26666666666666666;	0.6666666666666666;	0.7333333333333333
1377891500;	1;	2699.998316;	25.199984282666666;	0.9333333333333332;	101484.0;	44039.2;	0.0;	0.26666666666666666;	0.2;	0.2
1377891800;	1;	2699.998316;	21.599986528000002;	0.8;	101484.0;	30930.4;	0.0;	0.2;	0.13333333333333333;	0.13333333333333333
1377892100;	1;	2699.998316;	25.199984282666666;	0.9333333333333332;	101484.0;	30406.933333333334;	0.0;	0.4;	0.13333333333333333;	0.13333333333333333
1377892400;	1;	2699.998316;	28.799982037333333;	1.0666666666666667;	101484.0;	35125.6;	0.0;	0.13333333333333333;	0.13333333333333333;	0.13333333333333333
1377892700;	1;	2699.998316;	21.599986528000002;	0.8;	101484.0;	31979.2;	0.0;	0.3333333333333333;	0.2;	0.2
1377893000;	1;	2699.998316;	21.599986528000002;	0.8;	101484.0;	33028.0;	0.0;	0.13333333333333333;	0.13333333333333333;	0.13333333333333333
1377893300;	1;	2699.998316;	28.799982037333333;	1.0666666666666667;	101484.0;	31979.2;	0.0;	0.26666666666666666;	0.26666666666666666;	0.26666666666666666
1377893600;	1;	2699.998316;	25.199984282666666;	0.9333333333333332;	101484.0;	27784.0;	0.0;	0.26666666666666666;	0.7333333333333333;	0.7333333333333333
1377893900;	1;	2699.998316;	21.599986528000002;	0.8;	101484.0;	29882.4;	0.0;	0.26666666666666666;	0.13333333333333333;	0.13333333333333333
1377894200;	1;	2699.998316;	25.199984282666666;	0.9333333333333332;	101484.0;	34600.8;	0.0;	0.4;	0.13333333333333333;	0.13333333333333333
1377894500;	1;	2699.998316;	28.799982037333333;	1.0666666666666667;	101484.0;	33028.0;	0.0;	0.2;	0.13333333333333333;	0.13333333333333333
1377894800;	1;	2699.998316;	21.599986528000002;	0.8;	101484.0;	31454.4;	0.0;	0.2;	0.6666666666666666;	0.6666666666666666
1377895100;	1;	2699.998316;	21.599986528000002;	0.8;	101484.0;	29357.6;	0.0;	0.13333333333333333;	0.2;	0.2
1377895400;	1;	2699.998316;	28.799982037333333;	1.0666666666666667;	101484.0;	28833.6;	0.0;	0.3333333333333333;	0.13333333333333333;	0.13333333333333333
1377895700;	1;	2699.998316;	25.199984282666666;	0.9333333333333332;	101484.0;	29882.4;	0.0;	0.26666666666666666;	0.06666666666666667;	0.06666666666666667
1377896000;	1;	2699.998316;	21.599986528000002;	0.8;	101484.0;	28658.133333333335;	0.0;	0.13333333333333333;	0.06666666666666667;	0.06666666666666667
1377896300;	1;	2699.998316;	21.599986528000002;	0.8;	101484.0;	30930.4;	0.0;	0.2;	0.13333333333333333;	0.13333333333333333
1377896600;	1;	2699.998316;	21.599986528000002;	0.8;	101484.0;	30056.266666666666;	0.0;	0.2;	0.06666666666666667;	0.06666666666666667
1377896901;	1;	2699.998316;	28.799982037333333;	1.0666666666666667;	101484.0;	29881.6;	0.0;	0.2;	0.13333333333333333;	0.13333333333333333
1377897201;	1;	2699.998316;	25.199984282666666;	0.9333333333333332;	101484.0;	34076.8;	0.0;	0.2;	0.6;	0.6
1377897501;	1;	2699.998316;	21.599986528000002;	0.8;	101484.0;	36698.4;	0.0;	0.26666666666666666;	0.06666666666666667;	0.06666666666666667
1377897801;	1;	2699.998316;	25.199984282666666;	0.9333333333333332;	101484.0;	35125.6;	0.0;	0.3333333333333333;	0.06666666666666667;	0.06666666666666667
1377898101;	1;	2699.998316;	25.199984282666666;	0.9333333333333332;	101484.0;	28308.0;	0.0;	0.2;	0.06666666666666667;	0.06666666666666667
1377898401;	1;	2699.998316;	25.199984282666666;	0.9333333333333332;	101484.0;	34600.26666666667;	0.0;	0.2;	0.6;	0.6
1377898701;	1;	2699.998316;	21.599986528000002;	0.8;	101484.0;	37222.4;	0.0;	0.2;	0.06666666666666667;	0.06666666666666667
1377899001;	1;	2699.998316;	25.199984282666666;	0.9333333333333332;	101484.0;	33727.46666666667;	0.0;	0.26666666666666666;	0.06666666666666667;	0.06666666666666667
1377899301;	1;	2699.998316;	25.199984282666666;	0.9333333333333332;	101484.0;	35649.6;	0.0;	0.3333333333333333;	0.06666666666666667;	0.06666666666666667
1377899601;	1;	2699.998316;	25.199984282666666;	0.9333333333333332;	101484.0;	33726.666666666664;	0.0;	0.26666666666666666;	0.06666666666666667;	0.06666666666666667
1377899901;	1;	2699.998316;	21.599986528000002;	0.8;	101484.0;	33027.2;	0.0;	0.13333333333333333;	0.13333333333333333;	0.13333333333333333
1377900201;	1;	2699.998316;	25.199984282666666;	0.9333333333333332;	101484.0;	33028.26666666667;	0.0;	0.3333333333333333;	0.13333333333333333;	0.13333333333333333
1377900501;	1;	2699.998316;	28.799982037333333;	1.0666666666666667;	101484.0;	38271.2;	0.0;	0.13333333333333333;	0.13333333333333333;	0.13333333333333333
1377900801;	1;	2699.998316;	21.599986528000002;	0.8;	101484.0;	37223.2;	0.0;	0.3333333333333333;	0.6;	0.6
1377901101;	1;	2699.998316;	21.599986528000002;	0.8;	101484.0;	32503.2;	0.0;	0.2;	0.13333333333333333;	0.13333333333333333
1377901401;	1;	2699.998316;	25.199984282666666;	0.9333333333333332;	101484.0;	38795.2;	0.0;	0.26666666666666666;	0.06666666666666667;	0.06666666666666667
1377901701;	1;	2699.998316;	28.799982037333333;	1.0666666666666667;	101484.0;	37746.4;	0.0;	0.26666666666666666;	0.06666666666666667;	0.06666666666666667
1377902001;	1;	2699.998316;	21.599986528000002;	0.8;	101484.0;	33552.0;	0.0;	0.2;	0.6;	0.6
1377902301;	1;	2699.998316;	25.199984282666666;	0.9333333333333332;	101484.0;	30929.6;	0.0;	0.26666666666666666;	0.06666666666666667;	0.06666666666666667
1377902601;	1;	2699.998316;	25.199984282666666;	0.9333333333333332;	101484.0;	28833.6;	0.0;	0.26666666666666666;	0.06666666666666667;	0.06666666666666667
1377902901;	1;	2699.998316;	25.199984282666666;	0.9333333333333332;	101484.0;	28308.8;	0.0;	0.4;	0.06666666666666667;	0.06666666666666667
1377903201;	1;	2699.998316;	21.599986528000002;	0.8;	101484.0;	30581.333333333332;	0.0;	0.13333333333333333;	0.06666666666666667;	0.06666666666666667
1377903502;	1;	2699.998316;	25.199984282666666;	0.9333333333333332;	101484.0;	29357.6;	0.0;	0.2;	0.13333333333333333;	0.13333333333333333
1377903802;	1;	2699.998316;	28.799982037333333;	1.0666666666666667;	101484.0;	27784.8;	0.0;	0.2;	0.06666666666666667;	0.06666666666666667
1377904102;	1;	2699.998316;	21.599986528000002;	0.8;	101484.0;	25338.666666666668;	0.0;	0.26666666666666666;	0.3333333333333333;	0.3333333333333333
1377904402;	1;	2699.998316;	21.599986528000002;	0.8;	101484.0;	27784.8;	0.0;	0.2;	0.6;	0.6
1377904702;	1;	2699.998316;	25.199984282666666;	0.9333333333333332;	101484.0;	30231.733333333334;	0.0;	0.4;	0.13333333333333333;	0.13333333333333333
1377905002;	1;	2699.998316;	28.799982037333333;	1.0666666666666667;	101484.0;	29881.6;	0.0;	0.2;	0.13333333333333333;	0.13333333333333333
1377905302;	1;	2699.998316;	21.599986528000002;	0.8;	101484.0;	29882.133333333335;	0.0;	0.26666666666666666;	0.13333333333333333;	0.13333333333333333
1377905602;	1;	2699.998316;	19.799987650666665;	0.7333333333333333;	101484.0;	34427.2;	0.0;	0.13333333333333333;	0.6666666666666666;	0.6666666666666666
1377905902;	1;	2699.998316;	25.199984282666666;	0.9333333333333332;	101484.0;	33028.0;	0.0;	0.3333333333333333;	0.2;	0.2
1377906202;	1;	2699.998316;	28.799982037333333;	1.0666666666666667;	101484.0;	31454.4;	0.0;	0.2;	0.13333333333333333;	0.13333333333333333
1377906502;	1;	2699.998316;	21.599986528000002;	0.8;	101484.0;	30407.2;	0.0;	0.4;	0.2;	0.2
1377906802;	1;	2699.998316;	21.599986528000002;	0.8;	101484.0;	35125.6;	0.0;	0.2;	0.13333333333333333;	0.13333333333333333
1377907102;	1;	2699.998316;	28.799982037333333;	1.0666666666666667;	101484.0;	36174.4;	0.0;	0.3333333333333333;	0.26666666666666666;	0.26666666666666666
1377907402;	1;	2699.998316;	25.199984282666666;	0.9333333333333332;	101484.0;	33376.8;	0.0;	0.2;	0.13333333333333333;	0.13333333333333333
1377907702;	1;	2699.998316;	21.599986528000002;	0.8;	101484.0;	35124.8;	0.0;	0.13333333333333333;	0.2;	0.2
1377908002;	1;	2699.998316;	28.799982037333333;	1.0666666666666667;	101484.0;	28483.466666666667;	0.0;	0.26666666666666666;	0.6666666666666666;	0.6666666666666666
1377908302;	1;	2699.998316;	25.199984282666666;	0.9333333333333332;	101484.0;	36700.0;	0.0;	0.3333333333333333;	0.13333333333333333;	0.13333333333333333
1377908602;	1;	2699.998316;	21.599986528000002;	0.8;	101484.0;	34600.8;	0.0;	0.2;	0.13333333333333333;	0.13333333333333333
1377908902;	1;	2699.998316;	25.199984282666666;	0.9333333333333332;	101484.0;	33552.53333333333;	0.0;	0.26666666666666666;	0.13333333333333333;	0.13333333333333333
1377909202;	1;	2699.998316;	25.199984282666666;	0.9333333333333332;	101484.0;	35648.8;	0.0;	0.2;	0.6666666666666666;	0.6666666666666666
1377909502;	1;	2699.998316;	23.399985405333336;	0.8666666666666667;	101484.0;	32154.4;	0.0;	0.2;	0.26666666666666666;	0.13333333333333333
1377909802;	1;	2699.998316;	21.599986528000002;	0.8;	101484.0;	33552.0;	0.0;	0.13333333333333333;	0.13333333333333333;	0.13333333333333333
1377910102;	1;	2699.998316;	23.399985405333336;	0.8666666666666667;	101484.0;	35999.73333333333;	0.0;	0.4;	0.13333333333333333;	0.13333333333333333
1377910402;	1;	2699.998316;	28.799982037333333;	1.0666666666666667;	101484.0;	35126.4;	0.0;	0.13333333333333333;	0.13333333333333333;	0.13333333333333333
1377910702;	1;	2699.998316;	21.599986528000002;	0.8;	101484.0;	34076.8;	0.0;	0.26666666666666666;	0.13333333333333333;	0.13333333333333333
1377911002;	1;	2699.998316;	19.799987650666665;	0.7333333333333333;	101484.0;	35300.53333333333;	0.0;	0.13333333333333333;	0.13333333333333333;	0.13333333333333333
1377911302;	1;	2699.998316;	25.199984282666666;	0.9333333333333332;	101484.0;	37223.2;	0.0;	0.26666666666666666;	0.13333333333333333;	0.13333333333333333
1377911602;	1;	2699.998316;	28.799982037333333;	1.0666666666666667;	101484.0;	34076.8;	0.0;	0.2;	0.6;	0.6
1377911902;	1;	2699.998316;	21.599986528000002;	0.8;	101484.0;	28659.466666666667;	0.0;	0.26666666666666666;	0.13333333333333333;	0.13333333333333333
1377912202;	1;	2699.998316;	25.199984282666666;	0.9333333333333332;	101484.0;	35124.53333333333;	0.0;	0.3333333333333333;	0.06666666666666667;	0.06666666666666667
1377912502;	1;	2699.998316;	28.799982037333333;	1.0666666666666667;	101484.0;	37222.4;	0.0;	0.2;	0.06666666666666667;	0.06666666666666667
1377912802;	1;	2699.998316;	21.599986528000002;	0.8;	101484.0;	34425.86666666667;	0.0;	0.26666666666666666;	0.6;	0.6
1377913102;	1;	2699.998316;	21.599986528000002;	0.8;	101484.0;	36699.2;	0.0;	0.13333333333333333;	0.06666666666666667;	0.06666666666666667
1377913402;	1;	2699.998316;	28.799982037333333;	1.0666666666666667;	101484.0;	34076.0;	0.0;	0.3333333333333333;	0.06666666666666667;	0.06666666666666667
1377913702;	1;	2699.998316;	28.799982037333333;	1.0666666666666667;	101484.0;	34252.0;	0.0;	0.26666666666666666;	0.06666666666666667;	0.06666666666666667
1377914003;	1;	2699.998316;	21.599986528000002;	0.8;	101484.0;	36173.6;	0.0;	0.2;	0.06666666666666667;	0.06666666666666667
1377914303;	1;	2699.998316;	25.199984282666666;	0.9333333333333332;	101484.0;	35650.4;	0.0;	0.3333333333333333;	0.2;	0.13333333333333333
1377914603;	1;	2699.998316;	28.799982037333333;	1.0666666666666667;	101484.0;	26212.8;	0.0;	0.2;	0.06666666666666667;	0.06666666666666667
1377914903;	1;	2699.998316;	21.599986528000002;	0.8;	101484.0;	38271.2;	0.0;	0.26666666666666666;	0.13333333333333333;	0.13333333333333333
1377915203;	1;	2699.998316;	19.799987650666665;	0.7333333333333333;	101484.0;	33028.0;	0.0;	0.2;	0.6;	0.6
1377915503;	1;	2699.998316;	28.799982037333333;	1.0666666666666667;	101484.0;	37746.4;	0.0;	0.4666666666666667;	0.13333333333333333;	0.06666666666666667
1377915803;	1;	2699.998316;	25.199984282666666;	0.9333333333333332;	101484.0;	32504.0;	0.0;	0.2;	0.06666666666666667;	0.06666666666666667
1377916102;	1;	2699.998316;	17.999988773333335;	0.6666666666666667;	101484.0;	33552.8;	0.0;	0.13333333333333333;	0.06666666666666667;	0.06666666666666667
1377916402;	1;	2699.998316;	28.799982037333333;	1.0666666666666667;	101484.0;	40544.0;	0.0;	0.3333333333333333;	0.6666666666666666;	0.6
1377916702;	1;	2699.998316;	25.199984282666666;	0.9333333333333332;	101484.0;	34950.666666666664;	0.0;	0.2;	0.13333333333333333;	0.13333333333333333
1377917002;	1;	2699.998316;	21.599986528000002;	0.8;	101484.0;	35125.6;	0.0;	0.2;	0.06666666666666667;	0.06666666666666667
1377917302;	1;	2699.998316;	25.199984282666666;	0.9333333333333332;	101484.0;	35649.6;	0.0;	0.4;	0.2;	0.13333333333333333
1377917602;	1;	2699.998316;	28.799982037333333;	1.0666666666666667;	101484.0;	35125.6;	0.0;	0.13333333333333333;	0.06666666666666667;	0.06666666666666667
1377917902;	1;	2699.998316;	21.599986528000002;	0.8;	101484.0;	31804.0;	0.0;	0.3333333333333333;	0.06666666666666667;	0.06666666666666667
1377918202;	1;	2699.998316;	21.599986528000002;	0.8;	101484.0;	38097.066666666666;	0.0;	0.2;	0.4666666666666667;	0.4666666666666667
1377918502;	1;	2699.998316;	28.799982037333333;	1.0666666666666667;	101484.0;	40018.933333333334;	0.0;	0.2;	0.13333333333333333;	0.13333333333333333
1377918802;	1;	2699.998316;	25.199984282666666;	0.9333333333333332;	101484.0;	35301.066666666666;	0.0;	0.2;	0.5333333333333333;	0.5333333333333333
1377919102;	1;	2699.998316;	21.599986528000002;	0.8;	101484.0;	39844.8;	0.0;	0.2;	0.13333333333333333;	0.13333333333333333
1377919402;	1;	2699.998316;	25.199984282666666;	0.9333333333333332;	101484.0;	39320.8;	0.0;	0.4;	0.13333333333333333;	0.13333333333333333
1377919702;	1;	2699.998316;	26.999983160000003;	1.0;	101484.0;	31280.266666666666;	0.0;	0.13333333333333333;	0.13333333333333333;	0.13333333333333333
1377920002;	1;	2699.998316;	21.599986528000002;	0.8;	101484.0;	34776.53333333333;	0.0;	0.26666666666666666;	0.6;	0.6
1377920302;	1;	2699.998316;	21.599986528000002;	0.8;	101484.0;	29706.933333333334;	0.0;	0.2;	0.13333333333333333;	0.2
1377920602;	1;	2699.998316;	28.799982037333333;	1.0666666666666667;	101484.0;	30754.933333333334;	0.0;	0.26666666666666666;	0.26666666666666666;	0.2
1377920903;	1;	2699.998316;	25.199984282666666;	0.9333333333333332;	101484.0;	34076.8;	0.0;	0.3333333333333333;	0.13333333333333333;	0.13333333333333333
1377921203;	1;	2699.998316;	21.599986528000002;	0.8;	101484.0;	33552.26666666667;	0.0;	0.13333333333333333;	0.13333333333333333;	0.13333333333333333
1377921503;	1;	2699.998316;	28.799982037333333;	1.0666666666666667;	101484.0;	31104.8;	0.0;	0.3333333333333333;	0.2;	0.13333333333333333
1377921803;	1;	2699.998316;	25.199984282666666;	0.9333333333333332;	101484.0;	31456.0;	0.0;	0.2;	0.6;	0.6
1377922103;	1;	2699.998316;	21.599986528000002;	0.8;	101484.0;	31454.4;	0.0;	0.13333333333333333;	0.2;	0.2
1377922403;	1;	2699.998316;	25.199984282666666;	0.9333333333333332;	101484.0;	31280.0;	0.0;	0.26666666666666666;	0.6666666666666666;	0.6666666666666666
1377922703;	1;	2699.998316;	28.799982037333333;	1.0666666666666667;	101484.0;	29708.0;	0.0;	0.26666666666666666;	0.2;	0.2
1377923003;	1;	2699.998316;	21.599986528000002;	0.8;	101484.0;	27610.666666666668;	0.0;	0.26666666666666666;	0.13333333333333333;	0.13333333333333333
1377923303;	1;	2699.998316;	21.599986528000002;	0.8;	101484.0;	33202.4;	0.0;	0.2;	0.13333333333333333;	0.13333333333333333
1377923603;	1;	2699.998316;	32.399979791999996;	1.2;	101484.0;	33901.6;	0.0;	0.26666666666666666;	0.7333333333333333;	0.6666666666666666
1377923903;	1;	2699.998316;	21.599986528000002;	0.8;	101484.0;	34951.46666666667;	0.0;	0.26666666666666666;	0.06666666666666667;	0.06666666666666667
1377924203;	1;	2699.998316;	21.599986528000002;	0.8;	101484.0;	35650.4;	0.0;	0.2;	0.06666666666666667;	0.06666666666666667
1377924503;	1;	2699.998316;	28.799982037333333;	1.0666666666666667;	101484.0;	34077.6;	0.0;	0.4;	0.06666666666666667;	0.06666666666666667
1377924803;	1;	2699.998316;	25.199984282666666;	0.9333333333333332;	101484.0;	36873.333333333336;	0.0;	0.2;	0.06666666666666667;	0.06666666666666667
1377925103;	1;	2699.998316;	21.599986528000002;	0.8;	101484.0;	36173.86666666667;	0.0;	0.2;	0.13333333333333333;	0.13333333333333333
1377925403;	1;	2699.998316;	25.199984282666666;	0.9333333333333332;	101484.0;	33378.13333333333;	0.0;	0.3333333333333333;	0.13333333333333333;	0.13333333333333333
1377925703;	1;	2699.998316;	28.799982037333333;	1.0666666666666667;	101484.0;	35475.73333333333;	0.0;	0.13333333333333333;	0.2;	0.2
1377926003;	1;	2699.998316;	21.599986528000002;	0.8;	101484.0;	34077.066666666666;	0.0;	0.3333333333333333;	0.6;	0.6
1377926303;	1;	2699.998316;	21.599986528000002;	0.8;	101484.0;	35125.333333333336;	0.0;	0.2;	0.2;	0.2
1377926603;	1;	2699.998316;	28.799982037333333;	1.0666666666666667;	101484.0;	33901.333333333336;	0.0;	0.26666666666666666;	0.06666666666666667;	0.06666666666666667
1377926903;	1;	2699.998316;	25.199984282666666;	0.9333333333333332;	101484.0;	33202.4;	0.0;	0.2;	0.06666666666666667;	0.06666666666666667
1377927203;	1;	2699.998316;	21.599986528000002;	0.8;	101484.0;	39843.46666666667;	0.0;	0.13333333333333333;	0.5333333333333333;	0.5333333333333333
1377927503;	1;	2699.998316;	26.999983160000003;	1.0;	101484.0;	32853.86666666667;	0.0;	0.3333333333333333;	0.06666666666666667;	0.06666666666666667
1377927803;	1;	2699.998316;	26.999983160000003;	1.0;	101484.0;	38446.666666666664;	0.0;	0.2;	0.06666666666666667;	0.06666666666666667
1377928103;	1;	2699.998316;	21.599986528000002;	0.8;	101484.0;	33202.933333333334;	0.0;	0.3333333333333333;	0.06666666666666667;	0.06666666666666667
1377928403;	1;	2699.998316;	25.199984282666666;	0.9333333333333332;	101484.0;	31804.8;	0.0;	0.4;	0.06666666666666667;	0.06666666666666667
1377928703;	1;	2699.998316;	26.999983160000003;	1.0;	101484.0;	33202.933333333334;	0.0;	0.13333333333333333;	0.13333333333333333;	0.13333333333333333
1377929003;	1;	2699.998316;	21.599986528000002;	0.8;	101484.0;	28133.866666666665;	0.0;	0.2;	0.06666666666666667;	0.06666666666666667
1377929303;	1;	2699.998316;	21.599986528000002;	0.8;	101484.0;	28309.333333333332;	0.0;	0.13333333333333333;	0.13333333333333333;	0.13333333333333333
1377929604;	1;	2699.998316;	21.599986528000002;	0.8;	101484.0;	28658.933333333334;	0.0;	0.13333333333333333;	0.6666666666666666;	0.6666666666666666
1377929904;	1;	2699.998316;	25.199984282666666;	0.9333333333333332;	101484.0;	32154.666666666668;	0.0;	0.3333333333333333;	0.06666666666666667;	0.06666666666666667
1377930204;	1;	2699.998316;	28.799982037333333;	1.0666666666666667;	101484.0;	30057.066666666666;	0.0;	0.26666666666666666;	0.06666666666666667;	0.06666666666666667
1377930504;	1;	2699.998316;	21.599986528000002;	0.8;	101484.0;	35301.066666666666;	0.0;	0.2;	0.06666666666666667;	0.06666666666666667
1377930804;	1;	2699.998316;	25.199984282666666;	0.9333333333333332;	101484.0;	35125.066666666666;	0.0;	0.3333333333333333;	0.5333333333333333;	0.5333333333333333
1377931104;	1;	2699.998316;	25.199984282666666;	0.9333333333333332;	101484.0;	26911.466666666667;	0.0;	0.2;	0.06666666666666667;	0.06666666666666667
1377931404;	1;	2699.998316;	25.199984282666666;	0.9333333333333332;	101484.0;	35125.6;	0.0;	0.26666666666666666;	0.13333333333333333;	0.13333333333333333
1377931704;	1;	2699.998316;	21.599986528000002;	0.8;	101484.0;	30581.066666666666;	0.0;	0.26666666666666666;	0.13333333333333333;	0.13333333333333333
1377932004;	1;	2699.998316;	28.799982037333333;	1.0666666666666667;	101484.0;	28483.733333333334;	0.0;	0.26666666666666666;	0.2;	0.2
1377932304;	1;	2699.998316;	25.199984282666666;	0.9333333333333332;	101484.0;	36523.46666666667;	0.0;	0.26666666666666666;	0.2;	0.2
1377932604;	1;	2699.998316;	21.599986528000002;	0.8;	101484.0;	30756.266666666666;	0.0;	0.2;	0.13333333333333333;	0.13333333333333333
1377932904;	1;	2699.998316;	25.199984282666666;	0.9333333333333332;	101484.0;	30581.866666666665;	0.0;	0.3333333333333333;	0.4;	0.3333333333333333
1377933204;	1;	2699.998316;	28.799982037333333;	1.0666666666666667;	101484.0;	35300.53333333333;	0.0;	0.2;	0.6666666666666666;	0.6666666666666666
1377933504;	1;	2699.998316;	21.599986528000002;	0.8;	101484.0;	32153.866666666665;	0.0;	0.26666666666666666;	0.13333333333333333;	0.13333333333333333
1377933804;	1;	2699.998316;	21.599986528000002;	0.8;	101484.0;	38970.4;	0.0;	0.2;	0.4666666666666667;	0.5333333333333333
1377934104;	1;	2699.998316;	25.199984282666666;	0.9333333333333332;	101484.0;	40369.333333333336;	0.0;	0.26666666666666666;	0.13333333333333333;	0.13333333333333333
1377934404;	1;	2699.998316;	25.199984282666666;	0.9333333333333332;	101484.0;	34775.73333333333;	0.0;	0.26666666666666666;	0.6666666666666666;	0.6666666666666666
1377934704;	1;	2699.998316;	25.199984282666666;	0.9333333333333332;	101484.0;	38447.2;	0.0;	0.26666666666666666;	0.26666666666666666;	0.2
1377935004;	1;	2699.998316;	21.599986528000002;	0.8;	101484.0;	38796.0;	0.0;	0.13333333333333333;	0.13333333333333333;	0.13333333333333333
1377935304;	1;	2699.998316;	28.799982037333333;	1.0666666666666667;	101484.0;	31979.733333333334;	0.0;	0.4666666666666667;	0.13333333333333333;	0.13333333333333333
1377935604;	1;	2699.998316;	25.199984282666666;	0.9333333333333332;	101484.0;	32504.266666666666;	0.0;	0.26666666666666666;	0.13333333333333333;	0.13333333333333333
1377935904;	1;	2699.998316;	21.599986528000002;	0.8;	101484.0;	30406.4;	0.0;	0.13333333333333333;	0.2;	0.2
1377936204;	1;	2699.998316;	25.199984282666666;	0.9333333333333332;	101484.0;	33028.8;	0.0;	0.3333333333333333;	0.13333333333333333;	0.13333333333333333
1377936504;	1;	2699.998316;	28.799982037333333;	1.0666666666666667;	101484.0;	31804.533333333333;	0.0;	0.26666666666666666;	0.13333333333333333;	0.13333333333333333
1377936804;	1;	2699.998316;	21.599986528000002;	0.8;	101484.0;	36698.666666666664;	0.0;	0.2;	0.6;	0.6
1377937104;	1;	2699.998316;	21.599986528000002;	0.8;	101484.0;	33552.26666666667;	0.0;	0.26666666666666666;	0.06666666666666667;	0.06666666666666667
1377937404;	1;	2699.998316;	28.799982037333333;	1.0666666666666667;	101484.0;	29357.333333333332;	0.0;	0.26666666666666666;	0.2;	0.2
1377937704;	1;	2699.998316;	25.199984282666666;	0.9333333333333332;	101484.0;	28134.4;	0.0;	0.2;	0.06666666666666667;	0.06666666666666667
1377938004;	1;	2699.998316;	21.599986528000002;	0.8;	101484.0;	31630.4;	0.0;	0.13333333333333333;	0.6;	0.6
1377938304;	1;	2699.998316;	25.199984282666666;	0.9333333333333332;	101484.0;	27084.533333333333;	0.0;	0.3333333333333333;	0.06666666666666667;	0.06666666666666667
1377938604;	1;	2699.998316;	28.799982037333333;	1.0666666666666667;	101484.0;	33901.6;	0.0;	0.26666666666666666;	0.06666666666666667;	0.06666666666666667
1377938905;	1;	2699.998316;	21.599986528000002;	0.8;	101484.0;	36698.666666666664;	0.0;	0.26666666666666666;	0.06666666666666667;	0.06666666666666667
1377939205;	1;	2699.998316;	21.599986528000002;	0.8;	101484.0;	28133.866666666665;	0.0;	0.26666666666666666;	0.06666666666666667;	0.06666666666666667
1377939505;	1;	2699.998316;	21.599986528000002;	0.8;	101484.0;	30405.6;	0.0;	0.2;	0.13333333333333333;	0.13333333333333333
1377939805;	1;	2699.998316;	28.799982037333333;	1.0666666666666667;	101484.0;	42465.066666666666;	0.0;	0.26666666666666666;	0.06666666666666667;	0.06666666666666667
1377940105;	1;	2699.998316;	25.199984282666666;	0.9333333333333332;	101484.0;	37921.86666666667;	0.0;	0.26666666666666666;	0.13333333333333333;	0.13333333333333333
1377940405;	1;	2699.998316;	21.599986528000002;	0.8;	101484.0;	39496.0;	0.0;	0.13333333333333333;	0.6666666666666666;	0.6666666666666666
1377940705;	1;	2699.998316;	28.799982037333333;	1.0666666666666667;	101484.0;	32154.4;	0.0;	0.4;	0.2;	0.2
1377941005;	1;	2699.998316;	25.199984282666666;	0.9333333333333332;	101484.0;	29707.2;	0.0;	0.2;	0.06666666666666667;	0.06666666666666667
1377941305;	1;	2699.998316;	21.599986528000002;	0.8;	101484.0;	34601.86666666667;	0.0;	0.2;	0.06666666666666667;	0.0
1377941605;	1;	2699.998316;	25.199984282666666;	0.9333333333333332;	101484.0;	33202.933333333334;	0.0;	0.4;	0.6;	0.6
1377941905;	1;	2699.998316;	28.799982037333333;	1.0666666666666667;	101484.0;	31804.0;	0.0;	0.2;	0.13333333333333333;	0.13333333333333333
1377942205;	1;	2699.998316;	21.599986528000002;	0.8;	101484.0;	33902.13333333333;	0.0;	0.26666666666666666;	0.13333333333333333;	0.13333333333333333
1377942505;	1;	2699.998316;	21.599986528000002;	0.8;	101484.0;	36873.333333333336;	0.0;	0.26666666666666666;	0.13333333333333333;	0.13333333333333333
1377942805;	1;	2699.998316;	28.799982037333333;	1.0666666666666667;	101484.0;	36698.4;	0.0;	0.3333333333333333;	0.13333333333333333;	0.06666666666666667
1377943105;	1;	2699.998316;	25.199984282666666;	0.9333333333333332;	101484.0;	34775.73333333333;	0.0;	0.2;	0.26666666666666666;	0.26666666666666666
1377943405;	1;	2699.998316;	19.799987650666665;	0.7333333333333333;	101484.0;	25338.4;	0.0;	0.2;	0.06666666666666667;	0.06666666666666667
1377943705;	1;	2699.998316;	25.199984282666666;	0.9333333333333332;	101484.0;	32328.8;	0.0;	0.26666666666666666;	0.13333333333333333;	0.13333333333333333
1377944005;	1;	2699.998316;	28.799982037333333;	1.0666666666666667;	101484.0;	33378.13333333333;	0.0;	0.2;	0.6666666666666666;	0.6666666666666666
1377944305;	1;	2699.998316;	21.599986528000002;	0.8;	101484.0;	33726.4;	0.0;	0.26666666666666666;	0.13333333333333333;	0.13333333333333333
1377944605;	1;	2699.998316;	23.399985405333336;	0.8666666666666667;	101484.0;	33377.6;	0.0;	0.2;	0.06666666666666667;	0.06666666666666667
1377944905;	1;	2699.998316;	26.999983160000003;	1.0;	101484.0;	34601.333333333336;	0.0;	0.26666666666666666;	0.13333333333333333;	0.13333333333333333
1377945205;	1;	2699.998316;	25.199984282666666;	0.9333333333333332;	101484.0;	28483.466666666667;	0.0;	0.2;	0.6;	0.6
1377945505;	1;	2699.998316;	21.599986528000002;	0.8;	101484.0;	32853.6;	0.0;	0.2;	0.2;	0.2
1377945805;	1;	2699.998316;	25.199984282666666;	0.9333333333333332;	101484.0;	27436.0;	0.0;	0.3333333333333333;	0.13333333333333333;	0.13333333333333333
1377946105;	1;	2699.998316;	28.799982037333333;	1.0666666666666667;	101484.0;	30930.133333333335;	0.0;	0.26666666666666666;	0.2;	0.2
1377946405;	1;	2699.998316;	21.599986528000002;	0.8;	101484.0;	27435.466666666667;	0.0;	0.2;	0.13333333333333333;	0.13333333333333333
1377946706;	1;	2699.998316;	23.399985405333336;	0.8666666666666667;	101484.0;	33028.8;	0.0;	0.2;	0.2;	0.2
1377947006;	1;	2699.998316;	25.199984282666666;	0.9333333333333332;	101484.0;	31979.2;	0.0;	0.26666666666666666;	0.13333333333333333;	0.13333333333333333
1377947306;	1;	2699.998316;	25.199984282666666;	0.9333333333333332;	101484.0;	33726.933333333334;	0.0;	0.26666666666666666;	0.13333333333333333;	0.13333333333333333
1377947606;	1;	2699.998316;	21.599986528000002;	0.8;	101484.0;	38271.2;	0.0;	0.13333333333333333;	0.6666666666666666;	0.6666666666666666
1377947906;	1;	2699.998316;	25.199984282666666;	0.9333333333333332;	101484.0;	30581.066666666666;	0.0;	0.4;	0.13333333333333333;	0.13333333333333333
1377948206;	1;	2699.998316;	28.799982037333333;	1.0666666666666667;	101484.0;	42291.2;	0.0;	0.2;	0.13333333333333333;	0.13333333333333333
1377948506;	1;	2699.998316;	21.599986528000002;	0.8;	101484.0;	34950.4;	0.0;	0.26666666666666666;	0.2;	0.2
1377948805;	1;	2699.998316;	25.199984282666666;	0.9333333333333332;	101484.0;	31979.466666666667;	0.0;	0.2;	0.6666666666666666;	0.6666666666666666
1377949105;	1;	2699.998316;	25.199984282666666;	0.9333333333333332;	101484.0;	32328.8;	0.0;	0.26666666666666666;	0.13333333333333333;	0.13333333333333333
1377949405;	1;	2699.998316;	25.199984282666666;	0.9333333333333332;	101484.0;	30230.933333333334;	0.0;	0.26666666666666666;	0.13333333333333333;	0.13333333333333333
1377949705;	1;	2699.998316;	21.599986528000002;	0.8;	101484.0;	31455.2;	0.0;	0.3333333333333333;	0.13333333333333333;	0.13333333333333333
1377950005;	1;	2699.998316;	25.199984282666666;	0.9333333333333332;	101484.0;	32329.6;	0.0;	0.26666666666666666;	0.13333333333333333;	0.13333333333333333
1377950305;	1;	2699.998316;	28.799982037333333;	1.0666666666666667;	101484.0;	29531.2;	0.0;	0.2;	0.2;	0.2
1377950605;	1;	2699.998316;	21.599986528000002;	0.8;	101484.0;	30057.066666666666;	0.0;	0.2;	0.06666666666666667;	0.06666666666666667
1377950905;	1;	2699.998316;	25.199984282666666;	0.9333333333333332;	101484.0;	36174.13333333333;	0.0;	0.3333333333333333;	0.13333333333333333;	0.13333333333333333
1377951205;	1;	2699.998316;	28.799982037333333;	1.0666666666666667;	101484.0;	31455.2;	0.0;	0.13333333333333333;	0.6;	0.6
1377951505;	1;	2699.998316;	21.599986528000002;	0.8;	101484.0;	34425.333333333336;	0.0;	0.4;	0.13333333333333333;	0.13333333333333333
1377951805;	1;	2699.998316;	21.599986528000002;	0.8;	101484.0;	36348.8;	0.0;	0.13333333333333333;	0.06666666666666667;	0.06666666666666667
1377952105;	1;	2699.998316;	25.199984282666666;	0.9333333333333332;	101484.0;	31105.333333333332;	0.0;	0.3333333333333333;	0.06666666666666667;	0.06666666666666667
1377952405;	1;	2699.998316;	28.799982037333333;	1.0666666666666667;	101484.0;	35823.46666666667;	0.0;	0.2;	0.6666666666666666;	0.6666666666666666
1377952705;	1;	2699.998316;	21.599986528000002;	0.8;	101484.0;	34601.333333333336;	0.0;	0.26666666666666666;	0.06666666666666667;	0.06666666666666667
1377953005;	1;	2699.998316;	21.599986528000002;	0.8;	101484.0;	33377.333333333336;	0.0;	0.2;	0.06666666666666667;	0.06666666666666667
1377953306;	1;	2699.998316;	28.799982037333333;	1.0666666666666667;	101484.0;	32853.86666666667;	0.0;	0.6;	0.06666666666666667;	0.06666666666666667
1377953606;	1;	2699.998316;	25.199984282666666;	0.9333333333333332;	101484.0;	39844.0;	0.0;	0.26666666666666666;	0.06666666666666667;	0.06666666666666667
1377953906;	1;	2699.998316;	19.799987650666665;	0.7333333333333333;	101484.0;	36697.86666666667;	0.0;	0.9333333333333333;	0.06666666666666667;	0.13333333333333333
1377954206;	1;	2699.998316;	25.199984282666666;	0.9333333333333332;	101484.0;	34949.6;	0.0;	0.26666666666666666;	0.2;	0.13333333333333333
1377954506;	1;	2699.998316;	28.799982037333333;	1.0666666666666667;	101484.0;	31104.8;	0.0;	0.26666666666666666;	0.13333333333333333;	0.13333333333333333
1377954806;	1;	2699.998316;	21.599986528000002;	0.8;	101484.0;	32678.4;	0.0;	0.2;	0.6666666666666666;	0.6666666666666666
1377955106;	1;	2699.998316;	21.599986528000002;	0.8;	101484.0;	29882.133333333335;	0.0;	0.26666666666666666;	0.13333333333333333;	0.06666666666666667
1377955406;	1;	2699.998316;	32.399979791999996;	1.2;	101484.0;	32503.733333333334;	0.0;	0.26666666666666666;	0.13333333333333333;	0.06666666666666667
1377955706;	1;	2699.998316;	21.599986528000002;	0.8;	101484.0;	33028.26666666667;	0.0;	0.26666666666666666;	0.13333333333333333;	0.06666666666666667
1377956006;	1;	2699.998316;	21.599986528000002;	0.8;	101484.0;	37572.26666666667;	0.0;	0.2;	0.6666666666666666;	0.6
1377956306;	1;	2699.998316;	28.799982037333333;	1.0666666666666667;	101484.0;	28658.666666666668;	0.0;	0.3333333333333333;	0.06666666666666667;	0.06666666666666667
1377956606;	1;	2699.998316;	25.199984282666666;	0.9333333333333332;	101484.0;	32852.8;	0.0;	0.26666666666666666;	0.2;	0.2
1377956906;	1;	2699.998316;	21.599986528000002;	0.8;	101484.0;	35474.4;	0.0;	0.26666666666666666;	0.06666666666666667;	0.06666666666666667
1377957206;	1;	2699.998316;	25.199984282666666;	0.9333333333333332;	101484.0;	30755.466666666667;	0.0;	0.3333333333333333;	0.06666666666666667;	0.06666666666666667
1377957506;	1;	2699.998316;	28.799982037333333;	1.0666666666666667;	101484.0;	33552.8;	0.0;	0.13333333333333333;	0.13333333333333333;	0.13333333333333333
1377957806;	1;	2699.998316;	21.599986528000002;	0.8;	101484.0;	31280.8;	0.0;	0.26666666666666666;	0.13333333333333333;	0.06666666666666667
1377958106;	1;	2699.998316;	23.399985405333336;	0.8666666666666667;	101484.0;	29707.2;	0.0;	0.2;	0.13333333333333333;	0.13333333333333333
1377958406;	1;	2699.998316;	28.799982037333333;	1.0666666666666667;	101484.0;	33028.0;	0.0;	0.26666666666666666;	0.7333333333333333;	0.7333333333333333
1377958706;	1;	2699.998316;	23.399985405333336;	0.8666666666666667;	101484.0;	28134.133333333335;	0.0;	0.3333333333333333;	0.13333333333333333;	0.13333333333333333
1377959006;	1;	2699.998316;	21.599986528000002;	0.8;	101484.0;	30406.666666666668;	0.0;	0.13333333333333333;	0.06666666666666667;	0.06666666666666667
1377959306;	1;	2699.998316;	28.799982037333333;	1.0666666666666667;	101484.0;	33203.2;	0.0;	0.3333333333333333;	0.06666666666666667;	0.06666666666666667
1377959606;	1;	2699.998316;	25.199984282666666;	0.9333333333333332;	101484.0;	35823.46666666667;	0.0;	0.26666666666666666;	0.6;	0.6
1377959906;	1;	2699.998316;	21.599986528000002;	0.8;	101484.0;	37222.4;	0.0;	0.13333333333333333;	0.2;	0.2
1377960206;	1;	2699.998316;	25.199984282666666;	0.9333333333333332;	101484.0;	33202.933333333334;	0.0;	0.3333333333333333;	0.13333333333333333;	0.13333333333333333
1377960506;	1;	2699.998316;	28.799982037333333;	1.0666666666666667;	101484.0;	33902.13333333333;	0.0;	0.26666666666666666;	0.13333333333333333;	0.13333333333333333
1377960806;	1;	2699.998316;	21.599986528000002;	0.8;	101484.0;	36524.8;	0.0;	0.2;	0.13333333333333333;	0.13333333333333333
1377961106;	1;	2699.998316;	25.199984282666666;	0.9333333333333332;	101484.0;	32504.0;	0.0;	0.4;	0.2;	0.2
1377961406;	1;	2699.998316;	28.799982037333333;	1.0666666666666667;	101484.0;	30232.533333333333;	0.0;	0.13333333333333333;	0.13333333333333333;	0.13333333333333333
1377961706;	1;	2699.998316;	21.599986528000002;	0.8;	101484.0;	38620.53333333333;	0.0;	0.26666666666666666;	0.3333333333333333;	0.3333333333333333
1377962006;	1;	2699.998316;	21.599986528000002;	0.8;	101484.0;	35824.8;	0.0;	0.13333333333333333;	0.6666666666666666;	0.6666666666666666
1377962307;	1;	2699.998316;	28.799982037333333;	1.0666666666666667;	101484.0;	33377.86666666667;	0.0;	0.4;	0.13333333333333333;	0.13333333333333333
1377962607;	1;	2699.998316;	25.199984282666666;	0.9333333333333332;	101484.0;	30581.066666666666;	0.0;	0.26666666666666666;	0.13333333333333333;	0.13333333333333333
1377962907;	1;	2699.998316;	21.599986528000002;	0.8;	101484.0;	31804.8;	0.0;	0.2;	0.13333333333333333;	0.13333333333333333
1377963207;	1;	2699.998316;	23.399985405333336;	0.8666666666666667;	101484.0;	40020.0;	0.0;	0.26666666666666666;	0.5333333333333333;	0.5333333333333333
1377963507;	1;	2699.998316;	26.999983160000003;	1.0;	101484.0;	31280.266666666666;	0.0;	0.26666666666666666;	0.06666666666666667;	0.06666666666666667
1377963807;	1;	2699.998316;	25.199984282666666;	0.9333333333333332;	101484.0;	31105.866666666665;	0.0;	0.26666666666666666;	0.06666666666666667;	0.06666666666666667
1377964107;	1;	2699.998316;	21.599986528000002;	0.8;	101484.0;	33377.6;	0.0;	0.26666666666666666;	0.06666666666666667;	0.06666666666666667
1377964407;	1;	2699.998316;	28.799982037333333;	1.0666666666666667;	101484.0;	32852.53333333333;	0.0;	0.26666666666666666;	0.06666666666666667;	0.06666666666666667
1377964707;	1;	2699.998316;	25.199984282666666;	0.9333333333333332;	101484.0;	29881.6;	0.0;	0.2;	0.5333333333333333;	0.5333333333333333
1377965007;	1;	2699.998316;	21.599986528000002;	0.8;	101484.0;	29707.466666666667;	0.0;	0.13333333333333333;	0.13333333333333333;	0.13333333333333333
1377965307;	1;	2699.998316;	25.199984282666666;	0.9333333333333332;	101484.0;	28657.866666666665;	0.0;	0.3333333333333333;	0.13333333333333333;	0.13333333333333333
1377965607;	1;	2699.998316;	28.799982037333333;	1.0666666666666667;	101484.0;	31804.8;	0.0;	0.26666666666666666;	0.6666666666666666;	0.6666666666666666
1377965907;	1;	2699.998316;	21.599986528000002;	0.8;	101484.0;	30755.733333333334;	0.0;	0.26666666666666666;	0.06666666666666667;	0.06666666666666667
1377966207;	1;	2699.998316;	25.199984282666666;	0.9333333333333332;	101484.0;	33901.333333333336;	0.0;	0.3333333333333333;	0.13333333333333333;	0.13333333333333333
1377966507;	1;	2699.998316;	28.799982037333333;	1.0666666666666667;	101484.0;	31455.2;	0.0;	0.2;	0.06666666666666667;	0.06666666666666667
1377966807;	1;	2699.998316;	21.599986528000002;	0.8;	101484.0;	25688.0;	0.0;	0.3333333333333333;	0.5333333333333333;	0.5333333333333333
1377967107;	1;	2699.998316;	21.599986528000002;	0.8;	101484.0;	31980.0;	0.0;	0.13333333333333333;	0.13333333333333333;	0.13333333333333333
1377967407;	1;	2699.998316;	25.199984282666666;	0.9333333333333332;	101484.0;	38969.6;	0.0;	0.26666666666666666;	0.13333333333333333;	0.13333333333333333
1377967707;	1;	2699.998316;	28.799982037333333;	1.0666666666666667;	101484.0;	33726.4;	0.0;	0.26666666666666666;	0.06666666666666667;	0.06666666666666667
1377968007;	1;	2699.998316;	21.599986528000002;	0.8;	101484.0;	29707.733333333334;	0.0;	0.2;	0.06666666666666667;	0.06666666666666667
1377968307;	1;	2699.998316;	25.199984282666666;	0.9333333333333332;	101484.0;	31454.4;	0.0;	0.3333333333333333;	0.13333333333333333;	0.13333333333333333
1377968607;	1;	2699.998316;	25.199984282666666;	0.9333333333333332;	101484.0;	37222.13333333333;	0.0;	0.2;	0.06666666666666667;	0.06666666666666667
1377968907;	1;	2699.998316;	25.199984282666666;	0.9333333333333332;	101484.0;	33901.6;	0.0;	0.26666666666666666;	0.13333333333333333;	0.13333333333333333
1377969207;	1;	2699.998316;	21.599986528000002;	0.8;	101484.0;	30581.6;	0.0;	0.13333333333333333;	0.6666666666666666;	0.6666666666666666
1377969507;	1;	2699.998316;	28.799982037333333;	1.0666666666666667;	101484.0;	33202.666666666664;	0.0;	0.4;	0.13333333333333333;	0.13333333333333333
1377969807;	1;	2699.998316;	25.199984282666666;	0.9333333333333332;	101484.0;	32853.6;	0.0;	0.26666666666666666;	0.06666666666666667;	0.06666666666666667
1377970107;	1;	2699.998316;	21.599986528000002;	0.8;	101484.0;	30582.133333333335;	0.0;	0.2;	0.06666666666666667;	0.06666666666666667
1377970407;	1;	2699.998316;	25.199984282666666;	0.9333333333333332;	101484.0;	26212.533333333333;	0.0;	0.3333333333333333;	0.6;	0.5333333333333333
1377970707;	1;	2699.998316;	28.799982037333333;	1.0666666666666667;	101484.0;	31455.733333333334;	0.0;	0.13333333333333333;	0.06666666666666667;	0.06666666666666667
1377971007;	1;	2699.998316;	21.599986528000002;	0.8;	101484.0;	28833.6;	0.0;	0.3333333333333333;	0.06666666666666667;	0.06666666666666667
1377971307;	1;	2699.998316;	21.599986528000002;	0.8;	101484.0;	26037.6;	0.0;	0.26666666666666666;	0.06666666666666667;	0.06666666666666667
1377971607;	1;	2699.998316;	28.799982037333333;	1.0666666666666667;	101484.0;	26212.266666666666;	0.0;	0.26666666666666666;	0.06666666666666667;	0.06666666666666667
1377971907;	1;	2699.998316;	25.199984282666666;	0.9333333333333332;	101484.0;	24115.733333333334;	0.0;	0.26666666666666666;	0.2;	0.2
1377972207;	1;	2699.998316;	21.599986528000002;	0.8;	101484.0;	35998.13333333333;	0.0;	0.13333333333333333;	0.2;	0.2
1377972507;	1;	2699.998316;	21.599986528000002;	0.8;	101484.0;	31630.133333333335;	0.0;	0.2;	0.6666666666666666;	0.6666666666666666
1377972807;	1;	2699.998316;	28.799982037333333;	1.0666666666666667;	101484.0;	33377.86666666667;	0.0;	0.26666666666666666;	0.7333333333333333;	0.7333333333333333
1377973107;	1;	2699.998316;	25.199984282666666;	0.9333333333333332;	101484.0;	33202.933333333334;	0.0;	0.3333333333333333;	0.13333333333333333;	0.13333333333333333
1377973407;	1;	2699.998316;	21.599986528000002;	0.8;	101484.0;	36523.2;	0.0;	0.2;	0.3333333333333333;	0.3333333333333333
1377973707;	1;	2699.998316;	25.199984282666666;	0.9333333333333332;	101484.0;	31978.933333333334;	0.0;	0.4;	0.13333333333333333;	0.13333333333333333
1377974008;	1;	2699.998316;	28.799982037333333;	1.0666666666666667;	101484.0;	35823.73333333333;	0.0;	0.2;	0.6666666666666666;	0.6666666666666666
1377974308;	1;	2699.998316;	21.599986528000002;	0.8;	101484.0;	28659.2;	0.0;	0.26666666666666666;	0.13333333333333333;	0.13333333333333333
1377974608;	1;	2699.998316;	21.599986528000002;	0.8;	101484.0;	33028.26666666667;	0.0;	0.2;	0.13333333333333333;	0.13333333333333333
1377974908;	1;	2699.998316;	28.799982037333333;	1.0666666666666667;	101484.0;	34775.46666666667;	0.0;	0.4;	0.2;	0.2
1377975208;	1;	2699.998316;	25.199984282666666;	0.9333333333333332;	101484.0;	34251.2;	0.0;	0.2;	0.13333333333333333;	0.13333333333333333
1377975508;	1;	2699.998316;	21.599986528000002;	0.8;	101484.0;	34950.666666666664;	0.0;	0.13333333333333333;	0.2;	0.2
1377975808;	1;	2699.998316;	25.199984282666666;	0.9333333333333332;	101484.0;	40892.53333333333;	0.0;	0.26666666666666666;	0.13333333333333333;	0.13333333333333333
1377976108;	1;	2699.998316;	28.799982037333333;	1.0666666666666667;	101484.0;	32503.2;	0.0;	0.26666666666666666;	0.2;	0.2
1377976408;	1;	2699.998316;	21.599986528000002;	0.8;	101484.0;	26561.333333333332;	0.0;	0.13333333333333333;	0.6666666666666666;	0.6666666666666666
1377976708;	1;	2699.998316;	25.199984282666666;	0.9333333333333332;	101484.0;	33203.2;	0.0;	0.3333333333333333;	0.13333333333333333;	0.13333333333333333
1377977008;	1;	2699.998316;	25.199984282666666;	0.9333333333333332;	101484.0;	32853.86666666667;	0.0;	0.2;	0.06666666666666667;	0.06666666666666667
1377977308;	1;	2699.998316;	25.199984282666666;	0.9333333333333332;	101484.0;	34950.13333333333;	0.0;	0.2;	0.06666666666666667;	0.06666666666666667
1377977608;	1;	2699.998316;	21.599986528000002;	0.8;	101484.0;	32329.866666666665;	0.0;	0.13333333333333333;	0.6;	0.6
1377977908;	1;	2699.998316;	25.199984282666666;	0.9333333333333332;	101484.0;	29532.533333333333;	0.0;	0.3333333333333333;	0.13333333333333333;	0.13333333333333333
1377978208;	1;	2699.998316;	28.799982037333333;	1.0666666666666667;	101484.0;	28658.4;	0.0;	0.2;	0.06666666666666667;	0.06666666666666667
1377978508;	1;	2699.998316;	21.599986528000002;	0.8;	101484.0;	28659.2;	0.0;	0.26666666666666666;	0.06666666666666667;	0.06666666666666667
1377978808;	1;	2699.998316;	25.199984282666666;	0.9333333333333332;	101484.0;	28832.8;	0.0;	0.2;	0.06666666666666667;	0.06666666666666667
1377979108;	1;	2699.998316;	26.999983160000003;	1.0;	101484.0;	29532.266666666666;	0.0;	0.26666666666666666;	0.13333333333333333;	0.13333333333333333
1377979408;	1;	2699.998316;	23.399985405333336;	0.8666666666666667;	101484.0;	35125.86666666667;	0.0;	0.2;	0.06666666666666667;	0.06666666666666667
1377979708;	1;	2699.998316;	21.599986528000002;	0.8;	101484.0;	38096.53333333333;	0.0;	0.2;	0.13333333333333333;	0.06666666666666667
1377980008;	1;	2699.998316;	28.799982037333333;	1.0666666666666667;	101484.0;	34601.6;	0.0;	0.2;	0.6666666666666666;	0.6666666666666666
1377980308;	1;	2699.998316;	25.199984282666666;	0.9333333333333332;	101484.0;	34601.066666666666;	0.0;	0.3333333333333333;	0.06666666666666667;	0.06666666666666667
1377980608;	1;	2699.998316;	21.599986528000002;	0.8;	101484.0;	35300.53333333333;	0.0;	0.2;	0.13333333333333333;	0.13333333333333333
1377980908;	1;	2699.998316;	25.199984282666666;	0.9333333333333332;	101484.0;	29182.666666666668;	0.0;	0.3333333333333333;	0.06666666666666667;	0.06666666666666667
1377981208;	1;	2699.998316;	28.799982037333333;	1.0666666666666667;	101484.0;	29357.6;	0.0;	0.2;	0.6666666666666666;	0.6666666666666666
1377981508;	1;	2699.998316;	19.799987650666665;	0.7333333333333333;	101484.0;	30232.0;	0.0;	0.26666666666666666;	0.06666666666666667;	0.06666666666666667
1377981808;	1;	2699.998316;	21.599986528000002;	0.8;	101484.0;	38096.0;	0.0;	0.2;	0.13333333333333333;	0.13333333333333333
1377982108;	1;	2699.998316;	28.799982037333333;	1.0666666666666667;	101484.0;	32328.8;	0.0;	0.3333333333333333;	0.06666666666666667;	0.06666666666666667
1377982408;	1;	2699.998316;	25.199984282666666;	0.9333333333333332;	101484.0;	35649.6;	0.0;	0.26666666666666666;	0.06666666666666667;	0.06666666666666667
1377982708;	1;	2699.998316;	19.799987650666665;	0.7333333333333333;	101484.0;	32153.6;	0.0;	0.13333333333333333;	0.13333333333333333;	0.13333333333333333
1377983008;	1;	2699.998316;	28.799982037333333;	1.0666666666666667;	101484.0;	29881.866666666665;	0.0;	0.26666666666666666;	0.13333333333333333;	0.13333333333333333
1377983308;	1;	2699.998316;	25.199984282666666;	0.9333333333333332;	101484.0;	32154.133333333335;	0.0;	0.2;	0.2;	0.2
1377983608;	1;	2699.998316;	21.599986528000002;	0.8;	101484.0;	29882.4;	0.0;	0.3333333333333333;	0.6;	0.6
1377983908;	1;	2699.998316;	21.599986528000002;	0.8;	101484.0;	30057.333333333332;	0.0;	0.26666666666666666;	0.06666666666666667;	0.06666666666666667
1377984208;	1;	2699.998316;	25.199984282666666;	0.9333333333333332;	101484.0;	31280.8;	0.0;	0.26666666666666666;	0.06666666666666667;	0.06666666666666667
1377984508;	1;	2699.998316;	28.799982037333333;	1.0666666666666667;	101484.0;	34775.73333333333;	0.0;	0.2;	0.06666666666666667;	0.06666666666666667
1377984808;	1;	2699.998316;	21.599986528000002;	0.8;	101484.0;	31281.066666666666;	0.0;	0.26666666666666666;	0.6;	0.6
1377985108;	1;	2699.998316;	21.599986528000002;	0.8;	101484.0;	29182.933333333334;	0.0;	0.13333333333333333;	0.06666666666666667;	0.06666666666666667
1377985408;	1;	2699.998316;	25.199984282666666;	0.9333333333333332;	101484.0;	32329.6;	0.0;	0.3333333333333333;	0.13333333333333333;	0.13333333333333333
1377985708;	1;	2699.998316;	28.799982037333333;	1.0666666666666667;	101484.0;	32154.4;	0.0;	0.26666666666666666;	0.13333333333333333;	0.13333333333333333
1377986008;	1;	2699.998316;	21.599986528000002;	0.8;	101484.0;	30930.133333333335;	0.0;	0.26666666666666666;	0.13333333333333333;	0.13333333333333333
1377986308;	1;	2699.998316;	21.599986528000002;	0.8;	101484.0;	31105.066666666666;	0.0;	0.2;	0.2;	0.2
1377986608;	1;	2699.998316;	25.199984282666666;	0.9333333333333332;	101484.0;	28308.0;	0.0;	0.3333333333333333;	0.13333333333333333;	0.13333333333333333
1377986908;	1;	2699.998316;	28.799982037333333;	1.0666666666666667;	101484.0;	36174.4;	0.0;	0.2;	0.26666666666666666;	0.26666666666666666
1377987208;	1;	2699.998316;	21.599986528000002;	0.8;	101484.0;	38271.2;	0.0;	0.13333333333333333;	0.6666666666666666;	0.6666666666666666
1377987508;	1;	2699.998316;	25.199984282666666;	0.9333333333333332;	101484.0;	31978.933333333334;	0.0;	0.4;	0.13333333333333333;	0.13333333333333333
1377987808;	1;	2699.998316;	28.799982037333333;	1.0666666666666667;	101484.0;	32153.6;	0.0;	0.2;	0.13333333333333333;	0.13333333333333333
1377988108;	1;	2699.998316;	21.599986528000002;	0.8;	101484.0;	28484.533333333333;	0.0;	0.26666666666666666;	0.13333333333333333;	0.13333333333333333
1377988408;	1;	2699.998316;	21.599986528000002;	0.8;	101484.0;	30756.533333333333;	0.0;	0.13333333333333333;	0.6666666666666666;	0.6666666666666666
1377988708;	1;	2699.998316;	28.799982037333333;	1.0666666666666667;	101484.0;	36523.73333333333;	0.0;	0.26666666666666666;	0.2;	0.2
1377989008;	1;	2699.998316;	25.199984282666666;	0.9333333333333332;	101484.0;	33377.6;	0.0;	0.2;	0.13333333333333333;	0.13333333333333333
1377989309;	1;	2699.998316;	21.599986528000002;	0.8;	101484.0;	33902.4;	0.0;	0.26666666666666666;	0.13333333333333333;	0.06666666666666667
1377989609;	1;	2699.998316;	25.199984282666666;	0.9333333333333332;	101484.0;	31281.066666666666;	0.0;	0.3333333333333333;	0.06666666666666667;	0.06666666666666667
1377989909;	1;	2699.998316;	28.799982037333333;	1.0666666666666667;	101484.0;	39844.8;	0.0;	0.2;	0.13333333333333333;	0.13333333333333333
1377990209;	1;	2699.998316;	21.599986528000002;	0.8;	101484.0;	35474.4;	0.0;	0.13333333333333333;	0.4666666666666667;	0.4666666666666667
1377990509;	1;	2699.998316;	21.599986528000002;	0.8;	101484.0;	34426.13333333333;	0.0;	0.2;	0.4;	0.4
1377990809;	1;	2699.998316;	28.799982037333333;	1.0666666666666667;	101484.0;	30755.466666666667;	0.0;	0.3333333333333333;	0.6666666666666666;	0.6
1377991109;	1;	2699.998316;	25.199984282666666;	0.9333333333333332;	101484.0;	34774.933333333334;	0.0;	0.26666666666666666;	0.13333333333333333;	0.13333333333333333
1377991409;	1;	2699.998316;	21.599986528000002;	0.8;	101484.0;	34602.4;	0.0;	0.2;	0.06666666666666667;	0.06666666666666667
1377991709;	1;	2699.998316;	25.199984282666666;	0.9333333333333332;	101484.0;	30580.8;	0.0;	0.3333333333333333;	0.0;	0.0
1377992009;	1;	2699.998316;	25.199984282666666;	0.9333333333333332;	101484.0;	34951.2;	0.0;	0.2;	0.6;	0.5333333333333333
1377992309;	1;	2699.998316;	25.199984282666666;	0.9333333333333332;	101484.0;	31279.2;	0.0;	0.2;	0.06666666666666667;	0.06666666666666667
1377992609;	1;	2699.998316;	21.599986528000002;	0.8;	101484.0;	32678.4;	0.0;	0.26666666666666666;	0.13333333333333333;	0.06666666666666667
1377992909;	1;	2699.998316;	25.199984282666666;	0.9333333333333332;	101484.0;	30057.866666666665;	0.0;	0.4;	0.13333333333333333;	0.13333333333333333
1377993209;	1;	2699.998316;	28.799982037333333;	1.0666666666666667;	101484.0;	34076.26666666667;	0.0;	0.13333333333333333;	0.06666666666666667;	0.06666666666666667
1377993509;	1;	2699.998316;	21.599986528000002;	0.8;	101484.0;	27434.933333333334;	0.0;	0.2;	0.2;	0.2
1377993809;	1;	2699.998316;	21.599986528000002;	0.8;	101484.0;	28834.4;	0.0;	0.13333333333333333;	0.13333333333333333;	0.13333333333333333
1377994109;	1;	2699.998316;	28.799982037333333;	1.0666666666666667;	101484.0;	31979.2;	0.0;	0.26666666666666666;	0.13333333333333333;	0.13333333333333333
1377994409;	1;	2699.998316;	25.199984282666666;	0.9333333333333332;	101484.0;	32504.0;	0.0;	0.2;	0.6666666666666666;	0.6666666666666666
1377994709;	1;	2699.998316;	21.599986528000002;	0.8;	101484.0;	30231.466666666667;	0.0;	0.26666666666666666;	0.13333333333333333;	0.13333333333333333
1377995009;	1;	2699.998316;	21.599986528000002;	0.8;	101484.0;	29882.666666666668;	0.0;	0.26666666666666666;	0.06666666666666667;	0.06666666666666667
1377995309;	1;	2699.998316;	28.799982037333333;	1.0666666666666667;	101484.0;	28484.8;	0.0;	0.26666666666666666;	0.06666666666666667;	0.06666666666666667
1377995609;	1;	2699.998316;	25.199984282666666;	0.9333333333333332;	101484.0;	32504.0;	0.0;	0.26666666666666666;	0.6;	0.6
1377995909;	1;	2699.998316;	19.799987650666665;	0.7333333333333333;	101484.0;	32154.133333333335;	0.0;	0.13333333333333333;	0.26666666666666666;	0.06666666666666667
1377996209;	1;	2699.998316;	25.199984282666666;	0.9333333333333332;	101484.0;	33028.0;	0.0;	0.4;	0.06666666666666667;	0.06666666666666667
1377996509;	1;	2699.998316;	28.799982037333333;	1.0666666666666667;	101484.0;	29358.4;	0.0;	0.26666666666666666;	0.13333333333333333;	0.13333333333333333
1377996809;	1;	2699.998316;	21.599986528000002;	0.8;	101484.0;	30230.933333333334;	0.0;	0.26666666666666666;	0.06666666666666667;	0.06666666666666667
1377997109;	1;	2699.998316;	21.599986528000002;	0.8;	101484.0;	28309.6;	0.0;	0.2;	0.06666666666666667;	0.06666666666666667
1377997409;	1;	2699.998316;	28.799982037333333;	1.0666666666666667;	101484.0;	30757.066666666666;	0.0;	0.3333333333333333;	0.06666666666666667;	0.06666666666666667
1377997709;	1;	2699.998316;	25.199984282666666;	0.9333333333333332;	101484.0;	36873.6;	0.0;	0.2;	0.06666666666666667;	0.06666666666666667
1377998009;	1;	2699.998316;	21.599986528000002;	0.8;	101484.0;	39844.0;	0.0;	0.13333333333333333;	0.6666666666666666;	0.6666666666666666
1377998310;	1;	2699.998316;	25.199984282666666;	0.9333333333333332;	101484.0;	36173.6;	0.0;	0.4;	0.2;	0.2
1377998610;	1;	2699.998316;	28.799982037333333;	1.0666666666666667;	101484.0;	30930.4;	0.0;	0.26666666666666666;	0.13333333333333333;	0.13333333333333333
1377998910;	1;	2699.998316;	21.599986528000002;	0.8;	101484.0;	33028.0;	0.0;	0.26666666666666666;	0.13333333333333333;	0.13333333333333333
1377999210;	1;	2699.998316;	19.799987650666665;	0.7333333333333333;	101484.0;	36174.4;	0.0;	0.2;	0.7333333333333333;	0.7333333333333333
1377999510;	1;	2699.998316;	28.799982037333333;	1.0666666666666667;	101484.0;	28484.8;	0.0;	0.26666666666666666;	0.13333333333333333;	0.13333333333333333
1377999810;	1;	2699.998316;	25.199984282666666;	0.9333333333333332;	101484.0;	35126.4;	0.0;	0.2;	0.13333333333333333;	0.13333333333333333
1378000110;	1;	2699.998316;	21.599986528000002;	0.8;	101484.0;	35124.8;	0.0;	0.3333333333333333;	0.13333333333333333;	0.13333333333333333
1378000410;	1;	2699.998316;	26.999983160000003;	1.0;	101484.0;	35124.8;	0.0;	0.2;	0.13333333333333333;	0.13333333333333333
1378000710;	1;	2699.998316;	26.999983160000003;	1.0;	101484.0;	27261.6;	0.0;	0.2;	0.2;	0.2
1378001010;	1;	2699.998316;	21.599986528000002;	0.8;	101484.0;	31978.4;	0.0;	0.26666666666666666;	0.13333333333333333;	0.13333333333333333
1378001310;	1;	2699.998316;	21.599986528000002;	0.8;	101484.0;	31455.466666666667;	0.0;	0.2;	0.13333333333333333;	0.13333333333333333
1378001610;	1;	2699.998316;	28.799982037333333;	1.0666666666666667;	101484.0;	36698.4;	0.0;	0.26666666666666666;	0.6666666666666666;	0.6666666666666666
1378001910;	1;	2699.998316;	25.199984282666666;	0.9333333333333332;	101484.0;	30406.4;	0.0;	0.26666666666666666;	0.13333333333333333;	0.13333333333333333
1378002210;	1;	2699.998316;	21.599986528000002;	0.8;	101484.0;	39844.26666666667;	0.0;	0.13333333333333333;	0.06666666666666667;	0.06666666666666667
1378002510;	1;	2699.998316;	25.199984282666666;	0.9333333333333332;	101484.0;	32852.8;	0.0;	0.3333333333333333;	0.06666666666666667;	0.06666666666666667
1378002810;	1;	2699.998316;	28.799982037333333;	1.0666666666666667;	101484.0;	35824.26666666667;	0.0;	0.13333333333333333;	0.6;	0.6
1378003110;	1;	2699.998316;	21.599986528000002;	0.8;	101484.0;	37746.4;	0.0;	0.26666666666666666;	0.06666666666666667;	0.06666666666666667
1378003410;	1;	2699.998316;	21.599986528000002;	0.8;	101484.0;	31455.2;	0.0;	0.13333333333333333;	0.13333333333333333;	0.13333333333333333
1378003710;	1;	2699.998316;	28.799982037333333;	1.0666666666666667;	101484.0;	36698.4;	0.0;	0.4;	0.06666666666666667;	0.06666666666666667
1378004010;	1;	2699.998316;	25.199984282666666;	0.9333333333333332;	101484.0;	30930.4;	0.0;	0.2;	0.06666666666666667;	0.06666666666666667
1378004310;	1;	2699.998316;	21.599986528000002;	0.8;	101484.0;	28309.6;	0.0;	0.13333333333333333;	0.13333333333333333;	0.13333333333333333
1378004610;	1;	2699.998316;	28.799982037333333;	1.0666666666666667;	101484.0;	27086.666666666668;	0.0;	0.26666666666666666;	0.06666666666666667;	0.06666666666666667
1378004910;	1;	2699.998316;	25.199984282666666;	0.9333333333333332;	101484.0;	33902.4;	0.0;	0.2;	0.2;	0.2
1378005210;	1;	2699.998316;	21.599986528000002;	0.8;	101484.0;	33028.8;	0.0;	0.2;	0.6;	0.6
1378005510;	1;	2699.998316;	25.199984282666666;	0.9333333333333332;	101484.0;	34076.8;	0.0;	0.4;	0.13333333333333333;	0.13333333333333333
1378005810;	1;	2699.998316;	25.199984282666666;	0.9333333333333332;	101484.0;	34076.8;	0.0;	0.2;	0.13333333333333333;	0.13333333333333333
1378006110;	1;	2699.998316;	25.199984282666666;	0.9333333333333332;	101484.0;	33203.46666666667;	0.0;	0.2;	0.13333333333333333;	0.13333333333333333
1378006410;	1;	2699.998316;	21.599986528000002;	0.8;	101484.0;	33027.2;	0.0;	0.2;	0.6;	0.6
1378006711;	1;	2699.998316;	25.199984282666666;	0.9333333333333332;	101484.0;	28832.8;	0.0;	0.26666666666666666;	0.13333333333333333;	0.13333333333333333
1378007011;	1;	2699.998316;	28.799982037333333;	1.0666666666666667;	101484.0;	32328.8;	0.0;	0.13333333333333333;	0.06666666666666667;	0.06666666666666667
1378007311;	1;	2699.998316;	21.599986528000002;	0.8;	101484.0;	34076.8;	0.0;	0.2;	0.13333333333333333;	0.13333333333333333
1378007611;	1;	2699.998316;	23.399985405333336;	0.8666666666666667;	101484.0;	30406.4;	0.0;	0.2;	0.06666666666666667;	0.06666666666666667
1378007911;	1;	2699.998316;	26.999983160000003;	1.0;	101484.0;	31454.4;	0.0;	0.26666666666666666;	0.2;	0.2
1378008211;	1;	2699.998316;	25.199984282666666;	0.9333333333333332;	101484.0;	37747.2;	0.0;	0.2;	0.06666666666666667;	0.06666666666666667
1378008511;	1;	2699.998316;	19.799987650666665;	0.7333333333333333;	101484.0;	35650.4;	0.0;	0.13333333333333333;	0.2;	0.2
1378008811;	1;	2699.998316;	25.199984282666666;	0.9333333333333332;	101484.0;	30406.133333333335;	0.0;	0.3333333333333333;	0.6;	0.6
1378009111;	1;	2699.998316;	28.799982037333333;	1.0666666666666667;	101484.0;	35125.6;	0.0;	0.26666666666666666;	0.2;	0.13333333333333333
1378009411;	1;	2699.998316;	21.599986528000002;	0.8;	101484.0;	30930.4;	0.0;	0.2;	0.13333333333333333;	0.13333333333333333
1378009711;	1;	2699.998316;	21.599986528000002;	0.8;	101484.0;	31804.0;	0.0;	0.2;	0.13333333333333333;	0.13333333333333333
1378010011;	1;	2699.998316;	28.799982037333333;	1.0666666666666667;	101484.0;	34600.0;	0.0;	0.3333333333333333;	0.8;	0.8
1378010311;	1;	2699.998316;	25.199984282666666;	0.9333333333333332;	101484.0;	34076.8;	0.0;	0.2;	0.13333333333333333;	0.13333333333333333
1378010611;	1;	2699.998316;	25.199984282666666;	0.9333333333333332;	101484.0;	27959.466666666667;	0.0;	0.2;	0.13333333333333333;	0.13333333333333333
1378010911;	1;	2699.998316;	25.199984282666666;	0.9333333333333332;	101484.0;	26561.066666666666;	0.0;	0.26666666666666666;	0.13333333333333333;	0.13333333333333333
1378011211;	1;	2699.998316;	28.799982037333333;	1.0666666666666667;	101484.0;	29357.6;	0.0;	0.13333333333333333;	0.13333333333333333;	0.13333333333333333
1378011511;	1;	2699.998316;	21.599986528000002;	0.8;	101484.0;	34601.6;	0.0;	0.26666666666666666;	0.26666666666666666;	0.26666666666666666
1378011811;	1;	2699.998316;	21.599986528000002;	0.8;	101484.0;	30406.4;	0.0;	0.13333333333333333;	0.13333333333333333;	0.13333333333333333
1378012111;	1;	2699.998316;	28.799982037333333;	1.0666666666666667;	101484.0;	26212.0;	0.0;	0.26666666666666666;	0.2;	0.2
1378012411;	1;	2699.998316;	25.199984282666666;	0.9333333333333332;	101484.0;	31629.866666666665;	0.0;	0.26666666666666666;	0.6666666666666666;	0.6666666666666666
1378012711;	1;	2699.998316;	21.599986528000002;	0.8;	101484.0;	32504.0;	0.0;	0.2;	0.13333333333333333;	0.13333333333333333
1378013011;	1;	2699.998316;	28.799982037333333;	1.0666666666666667;	101484.0;	30756.533333333333;	0.0;	0.3333333333333333;	0.13333333333333333;	0.13333333333333333
1378013311;	1;	2699.998316;	25.199984282666666;	0.9333333333333332;	101484.0;	30407.2;	0.0;	0.13333333333333333;	0.13333333333333333;	0.13333333333333333
1378013611;	1;	2699.998316;	21.599986528000002;	0.8;	101484.0;	27260.8;	0.0;	0.2;	0.6;	0.6
1378013912;	1;	2699.998316;	25.199984282666666;	0.9333333333333332;	101484.0;	39144.8;	0.0;	0.3333333333333333;	0.06666666666666667;	0.06666666666666667
1378014211;	1;	2699.998316;	28.799982037333333;	1.0666666666666667;	101484.0;	37222.4;	0.0;	0.2;	0.06666666666666667;	0.06666666666666667
1378014511;	1;	2699.998316;	21.599986528000002;	0.8;	101484.0;	33552.8;	0.0;	0.26666666666666666;	0.06666666666666667;	0.06666666666666667
1378014811;	1;	2699.998316;	25.199984282666666;	0.9333333333333332;	101484.0;	35649.6;	0.0;	0.2;	0.06666666666666667;	0.06666666666666667
1378015111;	1;	2699.998316;	28.799982037333333;	1.0666666666666667;	101484.0;	32853.86666666667;	0.0;	0.2;	0.13333333333333333;	0.13333333333333333
1378015411;	1;	2699.998316;	21.599986528000002;	0.8;	101484.0;	34601.6;	0.0;	0.26666666666666666;	0.06666666666666667;	0.06666666666666667
1378015711;	1;	2699.998316;	21.599986528000002;	0.8;	101484.0;	35475.2;	0.0;	0.13333333333333333;	0.13333333333333333;	0.13333333333333333
1378016011;	1;	2699.998316;	28.799982037333333;	1.0666666666666667;	101484.0;	31979.2;	0.0;	0.26666666666666666;	0.6;	0.6
1378016311;	1;	2699.998316;	25.199984282666666;	0.9333333333333332;	101484.0;	31979.2;	0.0;	0.26666666666666666;	0.06666666666666667;	0.06666666666666667
1378016611;	1;	2699.998316;	21.599986528000002;	0.8;	101484.0;	31804.8;	0.0;	0.13333333333333333;	0.4666666666666667;	0.4
1378016911;	1;	2699.998316;	23.399985405333336;	0.8666666666666667;	101484.0;	31979.2;	0.0;	0.3333333333333333;	0.06666666666666667;	0.06666666666666667
1378017211;	1;	2699.998316;	28.799982037333333;	1.0666666666666667;	101484.0;	37572.8;	0.0;	0.2;	0.7333333333333333;	0.7333333333333333
1378017511;	1;	2699.998316;	21.599986528000002;	0.8;	101484.0;	36699.2;	0.0;	0.2;	0.06666666666666667;	0.06666666666666667
1378017811;	1;	2699.998316;	25.199984282666666;	0.9333333333333332;	101484.0;	38096.26666666667;	0.0;	0.26666666666666666;	0.06666666666666667;	0.06666666666666667
1378018111;	1;	2699.998316;	28.799982037333333;	1.0666666666666667;	101484.0;	26736.8;	0.0;	0.26666666666666666;	0.2;	0.2
1378018411;	1;	2699.998316;	21.599986528000002;	0.8;	101484.0;	28833.6;	0.0;	0.2;	0.06666666666666667;	0.06666666666666667
1378018711;	1;	2699.998316;	21.599986528000002;	0.8;	101484.0;	29533.066666666666;	0.0;	0.13333333333333333;	0.13333333333333333;	0.13333333333333333
1378019011;	1;	2699.998316;	28.799982037333333;	1.0666666666666667;	101484.0;	28833.6;	0.0;	0.26666666666666666;	0.13333333333333333;	0.06666666666666667
1378019312;	1;	2699.998316;	25.199984282666666;	0.9333333333333332;	101484.0;	27259.2;	0.0;	0.2;	0.26666666666666666;	0.26666666666666666
1378019612;	1;	2699.998316;	21.599986528000002;	0.8;	101484.0;	32154.933333333334;	0.0;	0.2;	0.6;	0.6
1378019912;	1;	2699.998316;	25.199984282666666;	0.9333333333333332;	101484.0;	32853.333333333336;	0.0;	0.3333333333333333;	0.13333333333333333;	0.13333333333333333
1378020212;	1;	2699.998316;	28.799982037333333;	1.0666666666666667;	101484.0;	31454.4;	0.0;	0.2;	0.06666666666666667;	0.06666666666666667
1378020512;	1;	2699.998316;	21.599986528000002;	0.8;	101484.0;	27260.8;	0.0;	0.3333333333333333;	0.06666666666666667;	0.06666666666666667
1378020812;	1;	2699.998316;	25.199984282666666;	0.9333333333333332;	101484.0;	26736.8;	0.0;	0.2;	0.6666666666666666;	0.6
1378021112;	1;	2699.998316;	28.799982037333333;	1.0666666666666667;	101484.0;	27784.0;	0.0;	0.2;	0.06666666666666667;	0.06666666666666667
1378021412;	1;	2699.998316;	21.599986528000002;	0.8;	101484.0;	34950.13333333333;	0.0;	0.3333333333333333;	0.13333333333333333;	0.06666666666666667
1378021712;	1;	2699.998316;	21.599986528000002;	0.8;	101484.0;	39844.0;	0.0;	0.2;	0.06666666666666667;	0.06666666666666667
1378022012;	1;	2699.998316;	28.799982037333333;	1.0666666666666667;	101484.0;	34601.6;	0.0;	0.26666666666666666;	0.06666666666666667;	0.06666666666666667
1378022312;	1;	2699.998316;	25.199984282666666;	0.9333333333333332;	101484.0;	37748.0;	0.0;	0.2;	0.13333333333333333;	0.13333333333333333
1378022612;	1;	2699.998316;	21.599986528000002;	0.8;	101484.0;	36174.4;	0.0;	0.13333333333333333;	0.06666666666666667;	0.06666666666666667
1378022912;	1;	2699.998316;	25.199984282666666;	0.9333333333333332;	101484.0;	35649.6;	0.0;	0.3333333333333333;	0.13333333333333333;	0.13333333333333333
1378023212;	1;	2699.998316;	28.799982037333333;	1.0666666666666667;	101484.0;	30930.4;	0.0;	0.13333333333333333;	0.6666666666666666;	0.6666666666666666
1378023512;	1;	2699.998316;	21.599986528000002;	0.8;	101484.0;	33027.2;	0.0;	0.26666666666666666;	0.13333333333333333;	0.13333333333333333
1378023812;	1;	2699.998316;	25.199984282666666;	0.9333333333333332;	101484.0;	35125.6;	0.0;	0.3333333333333333;	0.6;	0.6
1378024112;	1;	2699.998316;	28.799982037333333;	1.0666666666666667;	101484.0;	29707.2;	0.0;	0.2;	0.2;	0.2
1378024412;	1;	2699.998316;	21.599986528000002;	0.8;	101484.0;	34951.2;	0.0;	0.26666666666666666;	0.6666666666666666;	0.6666666666666666
1378024712;	1;	2699.998316;	21.599986528000002;	0.8;	101484.0;	33028.8;	0.0;	0.13333333333333333;	0.13333333333333333;	0.13333333333333333
1378025012;	1;	2699.998316;	26.999983160000003;	1.0;	101484.0;	35300.0;	0.0;	0.3333333333333333;	0.13333333333333333;	0.13333333333333333
1378025312;	1;	2699.998316;	25.199984282666666;	0.9333333333333332;	101484.0;	31804.533333333333;	0.0;	0.26666666666666666;	0.13333333333333333;	0.13333333333333333
1378025612;	1;	2699.998316;	21.599986528000002;	0.8;	101484.0;	28834.133333333335;	0.0;	0.13333333333333333;	0.13333333333333333;	0.13333333333333333
1378025912;	1;	2699.998316;	23.399985405333336;	0.8666666666666667;	101484.0;	31978.933333333334;	0.0;	0.3333333333333333;	0.2;	0.2
1378026212;	1;	2699.998316;	23.399985405333336;	0.8666666666666667;	101484.0;	36873.6;	0.0;	0.13333333333333333;	0.13333333333333333;	0.13333333333333333
1378026512;	1;	2699.998316;	21.599986528000002;	0.8;	101484.0;	36348.0;	0.0;	0.2;	0.2;	0.2
1378026812;	1;	2699.998316;	25.199984282666666;	0.9333333333333332;	101484.0;	38970.13333333333;	0.0;	0.3333333333333333;	0.6666666666666666;	0.6666666666666666
1378027112;	1;	2699.998316;	28.799982037333333;	1.0666666666666667;	101484.0;	35999.73333333333;	0.0;	0.26666666666666666;	0.2;	0.2
1378027412;	1;	2699.998316;	21.599986528000002;	0.8;	101484.0;	30056.8;	0.0;	0.2;	0.13333333333333333;	0.13333333333333333
1378027713;	1;	2699.998316;	25.199984282666666;	0.9333333333333332;	101484.0;	36523.2;	0.0;	0.3333333333333333;	0.13333333333333333;	0.13333333333333333
1378028013;	1;	2699.998316;	28.799982037333333;	1.0666666666666667;	101484.0;	37571.2;	0.0;	0.13333333333333333;	0.6;	0.6
1378028313;	1;	2699.998316;	21.599986528000002;	0.8;	101484.0;	36349.86666666667;	0.0;	0.26666666666666666;	0.06666666666666667;	0.06666666666666667
1378028613;	1;	2699.998316;	21.599986528000002;	0.8;	101484.0;	38795.46666666667;	0.0;	0.2;	0.06666666666666667;	0.06666666666666667
1378028913;	1;	2699.998316;	28.799982037333333;	1.0666666666666667;	101484.0;	35650.4;	0.0;	0.3333333333333333;	0.06666666666666667;	0.06666666666666667
1378029213;	1;	2699.998316;	25.199984282666666;	0.9333333333333332;	101484.0;	30056.266666666666;	0.0;	0.2;	0.06666666666666667;	0.06666666666666667
1378029513;	1;	2699.998316;	23.14284270857143;	0.8571428571428571;	101484.0;	32765.714285714286;	0.0;	0.21428571428571427;	0.14285714285714285;	0.14285714285714285
1378029813;	1;	2699.998316;	21.599986528000002;	0.8;	101484.0;	36173.86666666667;	0.0;	0.2;	0.13333333333333333;	0.13333333333333333
1378030113;	1;	2699.998316;	28.799982037333333;	1.0666666666666667;	101484.0;	31980.0;	0.0;	0.26666666666666666;	0.13333333333333333;	0.13333333333333333
1378030413;	1;	2699.998316;	25.199984282666666;	0.9333333333333332;	101484.0;	33203.73333333333;	0.0;	0.2;	0.6666666666666666;	0.6666666666666666
1378030713;	1;	2699.998316;	21.599986528000002;	0.8;	101484.0;	29881.6;	0.0;	0.3333333333333333;	0.13333333333333333;	0.13333333333333333
1378031013;	1;	2699.998316;	28.799982037333333;	1.0666666666666667;	101484.0;	27435.466666666667;	0.0;	0.26666666666666666;	0.06666666666666667;	0.06666666666666667
1378031313;	1;	2699.998316;	25.199984282666666;	0.9333333333333332;	101484.0;	27261.066666666666;	0.0;	0.2;	0.13333333333333333;	0.06666666666666667
1378031613;	1;	2699.998316;	21.599986528000002;	0.8;	101484.0;	31455.466666666667;	0.0;	0.2;	0.6;	0.6
1378031913;	1;	2699.998316;	25.199984282666666;	0.9333333333333332;	101484.0;	33552.26666666667;	0.0;	0.3333333333333333;	0.06666666666666667;	0.06666666666666667
1378032213;	1;	2699.998316;	28.799982037333333;	1.0666666666666667;	101484.0;	40542.4;	0.0;	0.13333333333333333;	0.13333333333333333;	0.13333333333333333
1378032513;	1;	2699.998316;	21.599986528000002;	0.8;	101484.0;	35999.46666666667;	0.0;	0.26666666666666666;	0.13333333333333333;	0.13333333333333333
1378032813;	1;	2699.998316;	23.14284270857143;	0.8571428571428571;	101484.0;	30144.571428571428;	0.0;	0.21428571428571427;	0.07142857142857142;	0.07142857142857142
1378033113;	1;	2699.998316;	32.399979791999996;	1.2;	101484.0;	40193.6;	0.0;	0.26666666666666666;	0.13333333333333333;	0.13333333333333333
1378033413;	1;	2699.998316;	21.599986528000002;	0.8;	101484.0;	36348.0;	0.0;	0.2;	0.06666666666666667;	0.06666666666666667
1378033713;	1;	2699.998316;	21.599986528000002;	0.8;	101484.0;	33552.0;	0.0;	0.13333333333333333;	0.06666666666666667;	0.06666666666666667
1378034013;	1;	2699.998316;	25.199984282666666;	0.9333333333333332;	101484.0;	36174.13333333333;	0.0;	0.3333333333333333;	0.6;	0.6
1378034313;	1;	2699.998316;	28.799982037333333;	1.0666666666666667;	101484.0;	29183.2;	0.0;	0.26666666666666666;	0.06666666666666667;	0.06666666666666667
1378034613;	1;	2699.998316;	21.599986528000002;	0.8;	101484.0;	29708.0;	0.0;	0.2;	0.06666666666666667;	0.06666666666666667
1378034913;	1;	2699.998316;	21.599986528000002;	0.8;	101484.0;	29708.266666666666;	0.0;	0.26666666666666666;	0.06666666666666667;	0.06666666666666667
1378035214;	1;	2699.998316;	21.599986528000002;	0.8;	101484.0;	34426.13333333333;	0.0;	0.13333333333333333;	0.5333333333333333;	0.5333333333333333
1378035514;	1;	2699.998316;	32.399979791999996;	1.2;	101484.0;	31979.2;	0.0;	0.3333333333333333;	0.06666666666666667;	0.06666666666666667
1378035814;	1;	2699.998316;	25.199984282666666;	0.9333333333333332;	101484.0;	33378.4;	0.0;	0.2;	0.06666666666666667;	0.06666666666666667
1378036114;	1;	2699.998316;	21.599986528000002;	0.8;	101484.0;	30931.2;	0.0;	0.2;	0.06666666666666667;	0.06666666666666667
1378036414;	1;	2699.998316;	26.999983160000003;	1.0;	101484.0;	28459.14285714286;	0.0;	0.35714285714285715;	0.14285714285714285;	0.14285714285714285
1378036714;	1;	2699.998316;	26.999983160000003;	1.0;	101484.0;	28459.14285714286;	0.0;	0.14285714285714285;	0.07142857142857142;	0.07142857142857142
1378037014;	1;	2699.998316;	21.599986528000002;	0.8;	101484.0;	33552.0;	0.0;	0.2;	0.06666666666666667;	0.06666666666666667
1378037314;	1;	2699.998316;	23.399985405333336;	0.8666666666666667;	101484.0;	27785.066666666666;	0.0;	0.2;	0.26666666666666666;	0.26666666666666666
1378037614;	1;	2699.998316;	26.999983160000003;	1.0;	101484.0;	30582.133333333335;	0.0;	0.2;	0.6666666666666666;	0.6666666666666666
1378037914;	1;	2699.998316;	25.199984282666666;	0.9333333333333332;	101484.0;	34602.13333333333;	0.0;	0.26666666666666666;	0.5333333333333333;	0.5333333333333333
1378038214;	1;	2699.998316;	21.599986528000002;	0.8;	101484.0;	30231.466666666667;	0.0;	0.13333333333333333;	0.13333333333333333;	0.13333333333333333
1378038514;	1;	2699.998316;	28.799982037333333;	1.0666666666666667;	101484.0;	34601.6;	0.0;	0.26666666666666666;	0.26666666666666666;	0.26666666666666666
1378038814;	1;	2699.998316;	25.199984282666666;	0.9333333333333332;	101484.0;	35999.2;	0.0;	0.2;	0.7333333333333333;	0.7333333333333333
1378039114;	1;	2699.998316;	21.599986528000002;	0.8;	101484.0;	34776.0;	0.0;	0.13333333333333333;	0.13333333333333333;	0.13333333333333333
1378039414;	1;	2699.998316;	26.999983160000003;	1.0;	101484.0;	34601.6;	0.0;	0.3333333333333333;	0.13333333333333333;	0.13333333333333333
1378039714;	1;	2699.998316;	23.399985405333336;	0.8666666666666667;	101484.0;	30755.733333333334;	0.0;	0.4;	0.13333333333333333;	0.13333333333333333
1378040014;	1;	2699.998316;	23.14284270857143;	0.8571428571428571;	101484.0;	26400.0;	0.0;	0.21428571428571427;	0.14285714285714285;	0.14285714285714285
1378040314;	1;	2699.998316;	28.799982037333333;	1.0666666666666667;	101484.0;	38796.0;	0.0;	0.7333333333333333;	0.2;	0.2
1378040614;	1;	2699.998316;	28.799982037333333;	1.0666666666666667;	101484.0;	37922.13333333333;	0.0;	0.5333333333333333;	0.13333333333333333;	0.13333333333333333
1378040914;	1;	2699.998316;	21.599986528000002;	0.8;	101484.0;	34601.6;	0.0;	0.26666666666666666;	0.2;	0.2
1378041214;	1;	2699.998316;	21.599986528000002;	0.8;	101484.0;	31804.8;	0.0;	0.13333333333333333;	0.6666666666666666;	0.6
1378041514;	1;	2699.998316;	28.799982037333333;	1.0666666666666667;	101484.0;	35124.8;	0.0;	0.26666666666666666;	0.13333333333333333;	0.13333333333333333
1378041814;	1;	2699.998316;	25.199984282666666;	0.9333333333333332;	101484.0;	29008.266666666666;	0.0;	0.2;	0.06666666666666667;	0.06666666666666667
1378042114;	1;	2699.998316;	21.599986528000002;	0.8;	101484.0;	32504.0;	0.0;	0.13333333333333333;	0.13333333333333333;	0.13333333333333333
1378042414;	1;	2699.998316;	28.799982037333333;	1.0666666666666667;	101484.0;	31105.333333333332;	0.0;	0.3333333333333333;	0.6;	0.6
1378042715;	1;	2699.998316;	23.14284270857143;	0.8571428571428571;	101484.0;	26025.14285714286;	0.0;	0.21428571428571427;	0.07142857142857142;	0.07142857142857142
1378043015;	1;	2699.998316;	23.14284270857143;	0.8571428571428571;	101484.0;	25651.428571428572;	0.0;	0.14285714285714285;	0.14285714285714285;	0.14285714285714285
1378043315;	1;	2699.998316;	28.799982037333333;	1.0666666666666667;	101484.0;	30930.4;	0.0;	0.4;	0.2;	0.2
1378043615;	1;	2699.998316;	25.199984282666666;	0.9333333333333332;	101484.0;	30406.4;	0.0;	0.13333333333333333;	0.06666666666666667;	0.06666666666666667
1378043915;	1;	2699.998316;	21.599986528000002;	0.8;	101484.0;	27610.933333333334;	0.0;	0.26666666666666666;	0.13333333333333333;	0.13333333333333333
1378044215;	1;	2699.998316;	26.999983160000003;	1.0;	101484.0;	30706.85714285714;	0.0;	0.21428571428571427;	0.07142857142857142;	0.07142857142857142
1378044515;	1;	2699.998316;	25.199984282666666;	0.9333333333333332;	101484.0;	33552.8;	0.0;	0.2;	0.13333333333333333;	0.13333333333333333
1378044815;	1;	2699.998316;	25.199984282666666;	0.9333333333333332;	101484.0;	30230.933333333334;	0.0;	0.2;	0.6;	0.6
1378045115;	1;	2699.998316;	25.199984282666666;	0.9333333333333332;	101484.0;	32503.2;	0.0;	0.26666666666666666;	0.13333333333333333;	0.13333333333333333
1378045415;	1;	2699.998316;	26.999983160000003;	1.0;	101484.0;	30706.85714285714;	0.0;	0.21428571428571427;	0.07142857142857142;	0.07142857142857142
1378045715;	1;	2699.998316;	23.14284270857143;	0.8571428571428571;	101484.0;	30144.571428571428;	0.0;	0.14285714285714285;	0.07142857142857142;	0.07142857142857142
1378046015;	1;	2699.998316;	21.599986528000002;	0.8;	101484.0;	38096.8;	0.0;	0.2;	0.6;	0.6
1378046315;	1;	2699.998316;	25.199984282666666;	0.9333333333333332;	101484.0;	38271.2;	0.0;	0.3333333333333333;	0.06666666666666667;	0.06666666666666667
1378046615;	1;	2699.998316;	25.199984282666666;	0.9333333333333332;	101484.0;	31980.0;	0.0;	0.2;	0.06666666666666667;	0.06666666666666667
1378046915;	1;	2699.998316;	19.799987650666665;	0.7333333333333333;	101484.0;	30930.4;	0.0;	0.2;	0.13333333333333333;	0.06666666666666667
1378047215;	1;	2699.998316;	28.799982037333333;	1.0666666666666667;	101484.0;	29882.4;	0.0;	0.26666666666666666;	0.06666666666666667;	0.06666666666666667
1378047515;	1;	2699.998316;	25.199984282666666;	0.9333333333333332;	101484.0;	29182.4;	0.0;	0.13333333333333333;	0.13333333333333333;	0.13333333333333333
1378047815;	1;	2699.998316;	21.599986528000002;	0.8;	101484.0;	34076.26666666667;	0.0;	0.26666666666666666;	0.13333333333333333;	0.06666666666666667
1378048115;	1;	2699.998316;	25.199984282666666;	0.9333333333333332;	101484.0;	31455.2;	0.0;	0.26666666666666666;	0.3333333333333333;	0.3333333333333333
1378048415;	1;	2699.998316;	28.799982037333333;	1.0666666666666667;	101484.0;	28484.0;	0.0;	0.2;	0.6666666666666666;	0.6666666666666666
1378048715;	1;	2699.998316;	21.599986528000002;	0.8;	101484.0;	28308.8;	0.0;	0.26666666666666666;	0.13333333333333333;	0.13333333333333333
1378049015;	1;	2699.998316;	21.599986528000002;	0.8;	101484.0;	29182.666666666668;	0.0;	0.13333333333333333;	0.06666666666666667;	0.06666666666666667
1378049315;	1;	2699.998316;	28.799982037333333;	1.0666666666666667;	101484.0;	37748.0;	0.0;	0.26666666666666666;	0.06666666666666667;	0.06666666666666667
1378049615;	1;	2699.998316;	21.599986528000002;	0.8;	101484.0;	38795.2;	0.0;	0.2;	0.7333333333333333;	0.7333333333333333
1378049915;	1;	2699.998316;	21.599986528000002;	0.8;	101484.0;	33551.46666666667;	0.0;	0.13333333333333333;	0.06666666666666667;	0.06666666666666667
1378050215;	1;	2699.998316;	28.799982037333333;	1.0666666666666667;	101484.0;	33028.53333333333;	0.0;	0.4;	0.06666666666666667;	0.06666666666666667
1378050515;	1;	2699.998316;	25.199984282666666;	0.9333333333333332;	101484.0;	27784.8;	0.0;	0.2;	0.13333333333333333;	0.13333333333333333
1378050815;	1;	2699.998316;	21.599986528000002;	0.8;	101484.0;	33028.0;	0.0;	0.2;	0.13333333333333333;	0.13333333333333333
1378051115;	1;	2699.998316;	26.999983160000003;	1.0;	101484.0;	31641.714285714286;	0.0;	0.2857142857142857;	0.21428571428571427;	0.21428571428571427
1378051415;	1;	2699.998316;	25.199984282666666;	0.9333333333333332;	101484.0;	27784.8;	0.0;	0.13333333333333333;	0.13333333333333333;	0.13333333333333333
1378051715;	1;	2699.998316;	21.599986528000002;	0.8;	101484.0;	26736.8;	0.0;	0.2;	0.2;	0.2
1378052015;	1;	2699.998316;	25.199984282666666;	0.9333333333333332;	101484.0;	38096.53333333333;	0.0;	0.2;	0.6666666666666666;	0.6666666666666666
1378052315;	1;	2699.998316;	28.799982037333333;	1.0666666666666667;	101484.0;	33378.13333333333;	0.0;	0.3333333333333333;	0.13333333333333333;	0.13333333333333333
1378052615;	1;	2699.998316;	21.599986528000002;	0.8;	101484.0;	39320.0;	0.0;	0.13333333333333333;	0.13333333333333333;	0.13333333333333333
1378052915;	1;	2699.998316;	21.599986528000002;	0.8;	101484.0;	39495.46666666667;	0.0;	0.26666666666666666;	0.13333333333333333;	0.13333333333333333
1378053215;	1;	2699.998316;	26.999983160000003;	1.0;	101484.0;	38945.42857142857;	0.0;	0.42857142857142855;	0.7142857142857143;	0.7142857142857143
1378053515;	1;	2699.998316;	26.999983160000003;	1.0;	101484.0;	37821.71428571428;	0.0;	0.14285714285714285;	0.14285714285714285;	0.14285714285714285
1378053815;	1;	2699.998316;	21.599986528000002;	0.8;	101484.0;	38446.13333333333;	0.0;	0.26666666666666666;	0.13333333333333333;	0.13333333333333333
1378054115;	1;	2699.998316;	25.199984282666666;	0.9333333333333332;	101484.0;	39494.4;	0.0;	0.26666666666666666;	0.13333333333333333;	0.13333333333333333
1378054415;	1;	2699.998316;	26.999983160000003;	1.0;	101484.0;	32952.857142857145;	0.0;	0.2857142857142857;	0.14285714285714285;	0.14285714285714285
1378054715;	1;	2699.998316;	23.14284270857143;	0.8571428571428571;	101484.0;	29956.285714285714;	0.0;	0.21428571428571427;	0.14285714285714285;	0.14285714285714285
1378055015;	1;	2699.998316;	21.599986528000002;	0.8;	101484.0;	29532.8;	0.0;	0.13333333333333333;	0.13333333333333333;	0.13333333333333333
1378055315;	1;	2699.998316;	26.999983160000003;	1.0;	101484.0;	28084.285714285714;	0.0;	0.35714285714285715;	0.14285714285714285;	0.14285714285714285
1378055615;	1;	2699.998316;	25.199984282666666;	0.9333333333333332;	101484.0;	31629.333333333332;	0.0;	0.13333333333333333;	0.8666666666666667;	0.8
1378055916;	1;	2699.998316;	21.599986528000002;	0.8;	101484.0;	33377.86666666667;	0.0;	0.26666666666666666;	0.2;	0.2
1378056216;	1;	2699.998316;	25.199984282666666;	0.9333333333333332;	101484.0;	29357.6;	0.0;	0.26666666666666666;	0.06666666666666667;	0.06666666666666667
1378056516;	1;	2699.998316;	26.999983160000003;	1.0;	101484.0;	35200.0;	0.0;	0.21428571428571427;	0.0;	0.0
1378056816;	1;	2699.998316;	21.599986528000002;	0.8;	101484.0;	38446.4;	0.0;	0.2;	0.6;	0.6
1378057116;	1;	2699.998316;	21.599986528000002;	0.8;	101484.0;	33202.4;	0.0;	0.2;	0.06666666666666667;	0.06666666666666667
1378057416;	1;	2699.998316;	26.999983160000003;	1.0;	101484.0;	35474.933333333334;	0.0;	0.4;	0.06666666666666667;	0.06666666666666667
1378057716;	1;	2699.998316;	25.199984282666666;	0.9333333333333332;	101484.0;	29881.866666666665;	0.0;	0.2;	0.13333333333333333;	0.13333333333333333
1378058016;	1;	2699.998316;	21.599986528000002;	0.8;	101484.0;	28659.466666666667;	0.0;	0.2;	0.06666666666666667;	0.06666666666666667
1378058316;	1;	2699.998316;	28.799982037333333;	1.0666666666666667;	101484.0;	31629.6;	0.0;	0.3333333333333333;	0.13333333333333333;	0.06666666666666667
1378058616;	1;	2699.998316;	25.199984282666666;	0.9333333333333332;	101484.0;	34951.46666666667;	0.0;	0.13333333333333333;	0.0;	0.0
1378058916;	1;	2699.998316;	21.599986528000002;	0.8;	101484.0;	35125.86666666667;	0.0;	0.26666666666666666;	0.13333333333333333;	0.13333333333333333
1378059216;	1;	2699.998316;	25.199984282666666;	0.9333333333333332;	101484.0;	37746.4;	0.0;	0.2;	0.6;	0.6
1378059516;	1;	2699.998316;	28.799982037333333;	1.0666666666666667;	101484.0;	30057.066666666666;	0.0;	0.3333333333333333;	0.06666666666666667;	0.06666666666666667
1378059816;	1;	2699.998316;	21.599986528000002;	0.8;	101484.0;	37746.13333333333;	0.0;	0.13333333333333333;	0.06666666666666667;	0.06666666666666667
1378060116;	1;	2699.998316;	21.599986528000002;	0.8;	101484.0;	34075.73333333333;	0.0;	0.2;	0.2;	0.2
1378060416;	1;	2699.998316;	25.199984282666666;	0.9333333333333332;	101484.0;	33202.933333333334;	0.0;	0.26666666666666666;	0.6;	0.6
1378060716;	1;	2699.998316;	28.799982037333333;	1.0666666666666667;	101484.0;	33726.666666666664;	0.0;	0.2;	0.06666666666666667;	0.06666666666666667
1378061016;	1;	2699.998316;	21.599986528000002;	0.8;	101484.0;	35650.13333333333;	0.0;	0.2;	0.06666666666666667;	0.06666666666666667
1378061316;	1;	2699.998316;	21.599986528000002;	0.8;	101484.0;	43339.73333333333;	0.0;	0.2;	0.06666666666666667;	0.06666666666666667
1378061616;	1;	2699.998316;	28.799982037333333;	1.0666666666666667;	101484.0;	37747.2;	0.0;	0.26666666666666666;	0.06666666666666667;	0.06666666666666667
1378061916;	1;	2699.998316;	25.199984282666666;	0.9333333333333332;	101484.0;	40368.8;	0.0;	0.13333333333333333;	0.13333333333333333;	0.13333333333333333
1378062216;	1;	2699.998316;	21.599986528000002;	0.8;	101484.0;	35126.13333333333;	0.0;	0.2;	0.2;	0.2
1378062516;	1;	2699.998316;	28.799982037333333;	1.0666666666666667;	101484.0;	35999.73333333333;	0.0;	0.26666666666666666;	0.2;	0.2
1378062816;	1;	2699.998316;	25.199984282666666;	0.9333333333333332;	101484.0;	34776.8;	0.0;	0.2;	0.6666666666666666;	0.6666666666666666
1378063116;	1;	2699.998316;	21.599986528000002;	0.8;	101484.0;	29182.933333333334;	0.0;	0.3333333333333333;	0.06666666666666667;	0.06666666666666667
1378063416;	1;	2699.998316;	25.199984282666666;	0.9333333333333332;	101484.0;	34950.666666666664;	0.0;	0.2;	0.06666666666666667;	0.06666666666666667
1378063716;	1;	2699.998316;	28.799982037333333;	1.0666666666666667;	101484.0;	32153.866666666665;	0.0;	0.26666666666666666;	0.06666666666666667;	0.06666666666666667
1378064017;	1;	2699.998316;	21.599986528000002;	0.8;	101484.0;	31804.533333333333;	0.0;	0.2;	0.5333333333333333;	0.5333333333333333
1378064317;	1;	2699.998316;	21.599986528000002;	0.8;	101484.0;	33901.86666666667;	0.0;	0.13333333333333333;	0.06666666666666667;	0.06666666666666667
1378064617;	1;	2699.998316;	28.799982037333333;	1.0666666666666667;	101484.0;	31105.6;	0.0;	0.4;	0.06666666666666667;	0.06666666666666667
1378064917;	1;	2699.998316;	25.199984282666666;	0.9333333333333332;	101484.0;	33028.53333333333;	0.0;	0.2;	0.13333333333333333;	0.13333333333333333
1378065217;	1;	2699.998316;	21.599986528000002;	0.8;	101484.0;	33378.666666666664;	0.0;	0.2;	0.13333333333333333;	0.13333333333333333
1378065517;	1;	2699.998316;	25.199984282666666;	0.9333333333333332;	101484.0;	36348.26666666667;	0.0;	0.26666666666666666;	0.2;	0.2
1378065817;	1;	2699.998316;	28.799982037333333;	1.0666666666666667;	101484.0;	30405.6;	0.0;	0.2;	0.13333333333333333;	0.13333333333333333
1378066117;	1;	2699.998316;	21.599986528000002;	0.8;	101484.0;	31629.333333333332;	0.0;	0.2;	0.2;	0.2
1378066417;	1;	2699.998316;	21.599986528000002;	0.8;	101484.0;	30930.666666666668;	0.0;	0.13333333333333333;	0.6666666666666666;	0.6666666666666666
1378066717;	1;	2699.998316;	28.799982037333333;	1.0666666666666667;	101484.0;	36173.6;	0.0;	0.4;	0.13333333333333333;	0.13333333333333333
1378067017;	1;	2699.998316;	25.199984282666666;	0.9333333333333332;	101484.0;	34601.6;	0.0;	0.13333333333333333;	0.13333333333333333;	0.13333333333333333
1378067317;	1;	2699.998316;	21.599986528000002;	0.8;	101484.0;	30405.6;	0.0;	0.26666666666666666;	0.26666666666666666;	0.26666666666666666
1378067617;	1;	2699.998316;	25.199984282666666;	0.9333333333333332;	101484.0;	36174.13333333333;	0.0;	0.26666666666666666;	0.6666666666666666;	0.6666666666666666
1378067917;	1;	2699.998316;	28.799982037333333;	1.0666666666666667;	101484.0;	34426.4;	0.0;	0.2;	0.2;	0.2
1378068217;	1;	2699.998316;	21.599986528000002;	0.8;	101484.0;	34425.86666666667;	0.0;	0.2;	0.2;	0.2
1378068517;	1;	2699.998316;	25.199984282666666;	0.9333333333333332;	101484.0;	29183.466666666667;	0.0;	0.26666666666666666;	0.6;	0.6
1378068817;	1;	2699.998316;	26.999983160000003;	1.0;	101484.0;	33377.066666666666;	0.0;	0.4;	0.13333333333333333;	0.13333333333333333
1378069117;	1;	2699.998316;	23.399985405333336;	0.8666666666666667;	101484.0;	35825.6;	0.0;	0.13333333333333333;	0.2;	0.2
1378069417;	1;	2699.998316;	21.599986528000002;	0.8;	101484.0;	31630.4;	0.0;	0.2;	0.06666666666666667;	0.06666666666666667
1378069717;	1;	2699.998316;	25.199984282666666;	0.9333333333333332;	101484.0;	34775.2;	0.0;	0.3333333333333333;	0.13333333333333333;	0.13333333333333333
1378070017;	1;	2699.998316;	28.799982037333333;	1.0666666666666667;	101484.0;	33728.0;	0.0;	0.2;	0.6;	0.6
1378070317;	1;	2699.998316;	21.599986528000002;	0.8;	101484.0;	35999.2;	0.0;	0.26666666666666666;	0.13333333333333333;	0.13333333333333333
1378070617;	1;	2699.998316;	21.599986528000002;	0.8;	101484.0;	36173.333333333336;	0.0;	0.2;	0.13333333333333333;	0.13333333333333333
1378070917;	1;	2699.998316;	25.199984282666666;	0.9333333333333332;	101484.0;	29009.066666666666;	0.0;	0.26666666666666666;	0.13333333333333333;	0.13333333333333333
1378071217;	1;	2699.998316;	28.799982037333333;	1.0666666666666667;	101484.0;	29532.266666666666;	0.0;	0.2;	0.6;	0.6
1378071517;	1;	2699.998316;	21.599986528000002;	0.8;	101484.0;	32504.0;	0.0;	0.2;	0.13333333333333333;	0.06666666666666667
1378071817;	1;	2699.998316;	21.599986528000002;	0.8;	101484.0;	28484.533333333333;	0.0;	0.2;	0.06666666666666667;	0.06666666666666667
1378072117;	1;	2699.998316;	26.999983160000003;	1.0;	101484.0;	32154.933333333334;	0.0;	0.3333333333333333;	0.06666666666666667;	0.06666666666666667
1378072418;	1;	2699.998316;	26.999983160000003;	1.0;	101484.0;	30057.6;	0.0;	0.2;	0.06666666666666667;	0.06666666666666667
1378072718;	1;	2699.998316;	21.599986528000002;	0.8;	101484.0;	29009.066666666666;	0.0;	0.2;	0.13333333333333333;	0.13333333333333333
1378073018;	1;	2699.998316;	25.199984282666666;	0.9333333333333332;	101484.0;	34077.333333333336;	0.0;	0.2;	0.06666666666666667;	0.06666666666666667
1378073318;	1;	2699.998316;	28.799982037333333;	1.0666666666666667;	101484.0;	31979.466666666667;	0.0;	0.26666666666666666;	0.6;	0.6
1378073618;	1;	2699.998316;	21.599986528000002;	0.8;	101484.0;	37922.4;	0.0;	0.13333333333333333;	0.6;	0.6
1378073918;	1;	2699.998316;	21.599986528000002;	0.8;	101484.0;	36348.0;	0.0;	0.26666666666666666;	0.06666666666666667;	0.06666666666666667
1378074218;	1;	2699.998316;	26.999983160000003;	1.0;	101484.0;	32853.066666666666;	0.0;	0.26666666666666666;	0.26666666666666666;	0.26666666666666666
1378074518;	1;	2699.998316;	26.999983160000003;	1.0;	101484.0;	33726.933333333334;	0.0;	0.2;	0.06666666666666667;	0.06666666666666667
1378074818;	1;	2699.998316;	21.599986528000002;	0.8;	101484.0;	28134.666666666668;	0.0;	0.2;	0.6;	0.6
1378075118;	1;	2699.998316;	21.599986528000002;	0.8;	101484.0;	31105.6;	0.0;	0.13333333333333333;	0.06666666666666667;	0.06666666666666667
1378075418;	1;	2699.998316;	28.799982037333333;	1.0666666666666667;	101484.0;	39670.4;	0.0;	0.3333333333333333;	0.06666666666666667;	0.06666666666666667
1378075718;	1;	2699.998316;	25.199984282666666;	0.9333333333333332;	101484.0;	32153.333333333332;	0.0;	0.26666666666666666;	0.06666666666666667;	0.06666666666666667
1378076018;	1;	2699.998316;	17.999988773333335;	0.6666666666666667;	101484.0;	27085.333333333332;	0.0;	0.26666666666666666;	0.06666666666666667;	0.06666666666666667
1378076318;	1;	2699.998316;	28.799982037333333;	1.0666666666666667;	101484.0;	33902.13333333333;	0.0;	0.26666666666666666;	0.06666666666666667;	0.06666666666666667
1378076618;	1;	2699.998316;	25.199984282666666;	0.9333333333333332;	101484.0;	33726.933333333334;	0.0;	0.2;	0.13333333333333333;	0.13333333333333333
1378076918;	1;	2699.998316;	21.599986528000002;	0.8;	101484.0;	35824.0;	0.0;	0.2;	0.3333333333333333;	0.26666666666666666
1378077218;	1;	2699.998316;	25.199984282666666;	0.9333333333333332;	101484.0;	32503.2;	0.0;	0.2;	0.5333333333333333;	0.5333333333333333
1378077518;	1;	2699.998316;	28.799982037333333;	1.0666666666666667;	101484.0;	30406.666666666668;	0.0;	0.3333333333333333;	0.13333333333333333;	0.13333333333333333
1378077818;	1;	2699.998316;	21.599986528000002;	0.8;	101484.0;	33552.8;	0.0;	0.13333333333333333;	0.13333333333333333;	0.13333333333333333
1378078118;	1;	2699.998316;	21.599986528000002;	0.8;	101484.0;	31805.066666666666;	0.0;	0.2;	0.13333333333333333;	0.13333333333333333
1378078418;	1;	2699.998316;	25.199984282666666;	0.9333333333333332;	101484.0;	27261.066666666666;	0.0;	0.26666666666666666;	0.6666666666666666;	0.6666666666666666
1378078718;	1;	2699.998316;	28.799982037333333;	1.0666666666666667;	101484.0;	34076.8;	0.0;	0.2;	0.13333333333333333;	0.13333333333333333
1378079018;	1;	2699.998316;	21.599986528000002;	0.8;	101484.0;	40369.6;	0.0;	0.26666666666666666;	0.13333333333333333;	0.13333333333333333
1378079318;	1;	2699.998316;	21.599986528000002;	0.8;	101484.0;	34601.066666666666;	0.0;	0.2;	0.13333333333333333;	0.13333333333333333
1378079618;	1;	2699.998316;	28.799982037333333;	1.0666666666666667;	101484.0;	34601.333333333336;	0.0;	0.3333333333333333;	0.13333333333333333;	0.13333333333333333
1378079918;	1;	2699.998316;	25.199984282666666;	0.9333333333333332;	101484.0;	30580.266666666666;	0.0;	0.13333333333333333;	0.26666666666666666;	0.26666666666666666
1378080218;	1;	2699.998316;	21.599986528000002;	0.8;	101484.0;	27085.6;	0.0;	0.2;	0.2;	0.13333333333333333
1378080518;	1;	2699.998316;	25.199984282666666;	0.9333333333333332;	101484.0;	28658.666666666668;	0.0;	0.2;	0.2;	0.2
1378080818;	1;	2699.998316;	28.799982037333333;	1.0666666666666667;	101484.0;	26037.6;	0.0;	0.26666666666666666;	0.6666666666666666;	0.6666666666666666
1378081118;	1;	2699.998316;	21.599986528000002;	0.8;	101484.0;	28310.133333333335;	0.0;	0.26666666666666666;	0.2;	0.26666666666666666
1378081418;	1;	2699.998316;	21.599986528000002;	0.8;	101484.0;	33203.2;	0.0;	0.13333333333333333;	0.2;	0.2
1378081718;	1;	2699.998316;	28.799982037333333;	1.0666666666666667;	101484.0;	32678.4;	0.0;	0.3333333333333333;	0.06666666666666667;	0.06666666666666667
1378082018;	1;	2699.998316;	23.399985405333336;	0.8666666666666667;	101484.0;	32154.666666666668;	0.0;	0.13333333333333333;	0.6666666666666666;	0.6666666666666666
1378082318;	1;	2699.998316;	21.599986528000002;	0.8;	101484.0;	31979.2;	0.0;	0.2;	0.26666666666666666;	0.13333333333333333
1378082618;	1;	2699.998316;	25.199984282666666;	0.9333333333333332;	101484.0;	34601.333333333336;	0.0;	0.2;	0.13333333333333333;	0.13333333333333333
1378082918;	1;	2699.998316;	28.799982037333333;	1.0666666666666667;	101484.0;	32678.133333333335;	0.0;	0.3333333333333333;	0.13333333333333333;	0.13333333333333333
1378083218;	1;	2699.998316;	19.799987650666665;	0.7333333333333333;	101484.0;	36873.333333333336;	0.0;	0.13333333333333333;	0.13333333333333333;	0.13333333333333333
1378083518;	1;	2699.998316;	21.599986528000002;	0.8;	101484.0;	34426.4;	0.0;	0.2;	0.2;	0.2
1378083818;	1;	2699.998316;	28.799982037333333;	1.0666666666666667;	101484.0;	39320.8;	0.0;	0.3333333333333333;	0.13333333333333333;	0.13333333333333333
1378084118;	1;	2699.998316;	25.199984282666666;	0.9333333333333332;	101484.0;	25687.2;	0.0;	0.2;	0.2;	0.2
1378084418;	1;	2699.998316;	21.599986528000002;	0.8;	101484.0;	31630.4;	0.0;	0.26666666666666666;	0.7333333333333333;	0.6666666666666666
1378084718;	1;	2699.998316;	25.199984282666666;	0.9333333333333332;	101484.0;	27260.8;	0.0;	0.26666666666666666;	0.26666666666666666;	0.2
1378085018;	1;	2699.998316;	25.199984282666666;	0.9333333333333332;	101484.0;	30755.2;	0.0;	0.26666666666666666;	0.2;	0.2
1378085318;	1;	2699.998316;	25.199984282666666;	0.9333333333333332;	101484.0;	31454.933333333334;	0.0;	0.2;	0.13333333333333333;	0.13333333333333333
1378085618;	1;	2699.998316;	21.599986528000002;	0.8;	101484.0;	33901.86666666667;	0.0;	0.2;	0.6;	0.6
1378085918;	1;	2699.998316;	25.199984282666666;	0.9333333333333332;	101484.0;	33203.46666666667;	0.0;	0.26666666666666666;	0.13333333333333333;	0.13333333333333333
1378086218;	1;	2699.998316;	28.799982037333333;	1.0666666666666667;	101484.0;	28833.066666666666;	0.0;	0.2;	0.2;	0.2
1378086518;	1;	2699.998316;	21.599986528000002;	0.8;	101484.0;	35999.2;	0.0;	0.26666666666666666;	0.13333333333333333;	0.13333333333333333
1378086818;	1;	2699.998316;	21.599986528000002;	0.8;	101484.0;	31456.0;	0.0;	0.13333333333333333;	0.13333333333333333;	0.13333333333333333
1378087118;	1;	2699.998316;	28.799982037333333;	1.0666666666666667;	101484.0;	27785.866666666665;	0.0;	0.3333333333333333;	0.13333333333333333;	0.13333333333333333
1378087418;	1;	2699.998316;	25.199984282666666;	0.9333333333333332;	101484.0;	28135.466666666667;	0.0;	0.2;	0.06666666666666667;	0.06666666666666667
1378087718;	1;	2699.998316;	21.599986528000002;	0.8;	101484.0;	37572.26666666667;	0.0;	0.2;	0.13333333333333333;	0.13333333333333333
1378088018;	1;	2699.998316;	25.199984282666666;	0.9333333333333332;	101484.0;	34251.46666666667;	0.0;	0.26666666666666666;	0.7333333333333333;	0.6666666666666666
1378088319;	1;	2699.998316;	28.799982037333333;	1.0666666666666667;	101484.0;	31105.333333333332;	0.0;	0.26666666666666666;	0.06666666666666667;	0.06666666666666667
1378088619;	1;	2699.998316;	21.599986528000002;	0.8;	101484.0;	32503.466666666667;	0.0;	0.26666666666666666;	0.06666666666666667;	0.06666666666666667
1378088919;	1;	2699.998316;	25.199984282666666;	0.9333333333333332;	101484.0;	27435.733333333334;	0.0;	0.2;	0.4666666666666667;	0.4666666666666667
1378089219;	1;	2699.998316;	25.199984282666666;	0.9333333333333332;	101484.0;	28134.933333333334;	0.0;	0.26666666666666666;	0.5333333333333333;	0.5333333333333333
1378089519;	1;	2699.998316;	25.199984282666666;	0.9333333333333332;	101484.0;	37571.73333333333;	0.0;	0.13333333333333333;	0.06666666666666667;	0.06666666666666667
1378089819;	1;	2699.998316;	21.599986528000002;	0.8;	101484.0;	30756.533333333333;	0.0;	0.2;	0.06666666666666667;	0.13333333333333333
1378090119;	1;	2699.998316;	28.799982037333333;	1.0666666666666667;	101484.0;	36173.6;	0.0;	0.3333333333333333;	0.06666666666666667;	0.06666666666666667
1378090419;	1;	2699.998316;	25.199984282666666;	0.9333333333333332;	101484.0;	33203.2;	0.0;	0.2;	0.06666666666666667;	0.06666666666666667
1378090719;	1;	2699.998316;	21.599986528000002;	0.8;	101484.0;	37572.8;	0.0;	0.26666666666666666;	0.13333333333333333;	0.13333333333333333
1378091019;	1;	2699.998316;	25.199984282666666;	0.9333333333333332;	101484.0;	34601.333333333336;	0.0;	0.2;	0.06666666666666667;	0.06666666666666667
1378091319;	1;	2699.998316;	28.799982037333333;	1.0666666666666667;	101484.0;	24988.533333333333;	0.0;	0.2;	0.13333333333333333;	0.13333333333333333
1378091619;	1;	2699.998316;	21.599986528000002;	0.8;	101484.0;	27085.6;	0.0;	0.2;	0.6;	0.6
1378091919;	1;	2699.998316;	21.599986528000002;	0.8;	101484.0;	27959.466666666667;	0.0;	0.2;	0.06666666666666667;	0.06666666666666667
1378092219;	1;	2699.998316;	26.999983160000003;	1.0;	101484.0;	40717.6;	0.0;	0.4;	0.06666666666666667;	0.06666666666666667
1378092519;	1;	2699.998316;	25.199984282666666;	0.9333333333333332;	101484.0;	36698.4;	0.0;	0.13333333333333333;	0.13333333333333333;	0.13333333333333333
1378092819;	1;	2699.998316;	21.599986528000002;	0.8;	101484.0;	36524.26666666667;	0.0;	0.2;	0.5333333333333333;	0.5333333333333333
1378093119;	1;	2699.998316;	28.799982037333333;	1.0666666666666667;	101484.0;	36522.933333333334;	0.0;	0.26666666666666666;	0.06666666666666667;	0.06666666666666667
1378093419;	1;	2699.998316;	25.199984282666666;	0.9333333333333332;	101484.0;	29182.666666666668;	0.0;	0.26666666666666666;	0.06666666666666667;	0.06666666666666667
1378093719;	1;	2699.998316;	21.599986528000002;	0.8;	101484.0;	27610.133333333335;	0.0;	0.26666666666666666;	0.06666666666666667;	0.06666666666666667
1378094019;	1;	2699.998316;	25.199984282666666;	0.9333333333333332;	101484.0;	34600.8;	0.0;	0.2;	0.06666666666666667;	0.06666666666666667
1378094319;	1;	2699.998316;	28.799982037333333;	1.0666666666666667;	101484.0;	34426.4;	0.0;	0.2;	0.2;	0.2
1378094619;	1;	2699.998316;	21.599986528000002;	0.8;	101484.0;	29358.133333333335;	0.0;	0.26666666666666666;	0.06666666666666667;	0.06666666666666667
1378094919;	1;	2699.998316;	25.199984282666666;	0.9333333333333332;	101484.0;	31280.0;	0.0;	0.2;	0.13333333333333333;	0.13333333333333333
1378095219;	1;	2699.998316;	28.799982037333333;	1.0666666666666667;	101484.0;	35999.2;	0.0;	0.26666666666666666;	0.6;	0.6
1378095519;	1;	2699.998316;	21.599986528000002;	0.8;	101484.0;	35124.53333333333;	0.0;	0.26666666666666666;	0.06666666666666667;	0.06666666666666667
1378095819;	1;	2699.998316;	21.599986528000002;	0.8;	101484.0;	36348.8;	0.0;	0.13333333333333333;	0.06666666666666667;	0.06666666666666667
1378096119;	1;	2699.998316;	28.799982037333333;	1.0666666666666667;	101484.0;	35649.86666666667;	0.0;	0.3333333333333333;	0.13333333333333333;	0.13333333333333333
1378096419;	1;	2699.998316;	25.199984282666666;	0.9333333333333332;	101484.0;	29532.266666666666;	0.0;	0.13333333333333333;	0.6;	0.6
1378096719;	1;	2699.998316;	21.599986528000002;	0.8;	101484.0;	28482.933333333334;	0.0;	0.26666666666666666;	0.13333333333333333;	0.13333333333333333
1378097019;	1;	2699.998316;	21.599986528000002;	0.8;	101484.0;	33901.6;	0.0;	0.2;	0.13333333333333333;	0.13333333333333333
1378097319;	1;	2699.998316;	25.199984282666666;	0.9333333333333332;	101484.0;	32503.2;	0.0;	0.26666666666666666;	0.2;	0.2
1378097619;	1;	2699.998316;	25.199984282666666;	0.9333333333333332;	101484.0;	29881.866666666665;	0.0;	0.26666666666666666;	0.2;	0.2
1378097919;	1;	2699.998316;	25.199984282666666;	0.9333333333333332;	101484.0;	29883.2;	0.0;	0.2;	0.2;	0.2
1378098219;	1;	2699.998316;	21.599986528000002;	0.8;	101484.0;	28485.066666666666;	0.0;	0.26666666666666666;	0.13333333333333333;	0.13333333333333333
1378098519;	1;	2699.998316;	25.199984282666666;	0.9333333333333332;	101484.0;	29357.6;	0.0;	0.26666666666666666;	0.2;	0.2
1378098819;	1;	2699.998316;	28.799982037333333;	1.0666666666666667;	101484.0;	25513.333333333332;	0.0;	0.2;	0.7333333333333333;	0.7333333333333333
1378099119;	1;	2699.998316;	21.599986528000002;	0.8;	101484.0;	24989.066666666666;	0.0;	0.26666666666666666;	0.13333333333333333;	0.13333333333333333
1378099419;	1;	2699.998316;	25.199984282666666;	0.9333333333333332;	101484.0;	30580.266666666666;	0.0;	0.2;	0.2;	0.2
1378099719;	1;	2699.998316;	25.199984282666666;	0.9333333333333332;	101484.0;	33203.2;	0.0;	0.26666666666666666;	0.13333333333333333;	0.13333333333333333
1378100019;	1;	2699.998316;	25.199984282666666;	0.9333333333333332;	101484.0;	34950.666666666664;	0.0;	0.13333333333333333;	0.6;	0.6
1378100319;	1;	2699.998316;	21.599986528000002;	0.8;	101484.0;	37048.26666666667;	0.0;	0.2;	0.13333333333333333;	0.13333333333333333
1378100620;	1;	2699.998316;	25.199984282666666;	0.9333333333333332;	101484.0;	34951.2;	0.0;	0.26666666666666666;	0.2;	0.2
1378100920;	1;	2699.998316;	28.799982037333333;	1.0666666666666667;	101484.0;	32504.266666666666;	0.0;	0.26666666666666666;	0.13333333333333333;	0.13333333333333333
1378101220;	1;	2699.998316;	21.599986528000002;	0.8;	101484.0;	33028.26666666667;	0.0;	0.26666666666666666;	0.13333333333333333;	0.13333333333333333
1378101520;	1;	2699.998316;	25.199984282666666;	0.9333333333333332;	101484.0;	29183.466666666667;	0.0;	0.26666666666666666;	0.2;	0.2
1378101820;	1;	2699.998316;	28.799982037333333;	1.0666666666666667;	101484.0;	30931.2;	0.0;	0.2;	0.06666666666666667;	0.06666666666666667
1378102120;	1;	2699.998316;	21.599986528000002;	0.8;	101484.0;	29183.2;	0.0;	0.2;	0.13333333333333333;	0.13333333333333333
1378102420;	1;	2699.998316;	25.199984282666666;	0.9333333333333332;	101484.0;	31978.933333333334;	0.0;	0.2;	0.6;	0.6
1378102720;	1;	2699.998316;	28.799982037333333;	1.0666666666666667;	101484.0;	31105.866666666665;	0.0;	0.26666666666666666;	0.06666666666666667;	0.06666666666666667
1378103020;	1;	2699.998316;	19.799987650666665;	0.7333333333333333;	101484.0;	34252.0;	0.0;	0.2;	0.06666666666666667;	0.06666666666666667
1378103320;	1;	2699.998316;	21.599986528000002;	0.8;	101484.0;	28658.666666666668;	0.0;	0.13333333333333333;	0.06666666666666667;	0.06666666666666667
1378103620;	1;	2699.998316;	28.799982037333333;	1.0666666666666667;	101484.0;	29183.466666666667;	0.0;	0.4;	0.5333333333333333;	0.5333333333333333
1378103920;	1;	2699.998316;	25.199984282666666;	0.9333333333333332;	101484.0;	34950.666666666664;	0.0;	0.13333333333333333;	0.06666666666666667;	0.06666666666666667
1378104220;	1;	2699.998316;	19.799987650666665;	0.7333333333333333;	101484.0;	37747.2;	0.0;	0.2;	0.06666666666666667;	0.06666666666666667
1378104520;	1;	2699.998316;	28.799982037333333;	1.0666666666666667;	101484.0;	36524.26666666667;	0.0;	0.4;	0.06666666666666667;	0.06666666666666667
1378104820;	1;	2699.998316;	25.199984282666666;	0.9333333333333332;	101484.0;	34252.26666666667;	0.0;	0.13333333333333333;	0.06666666666666667;	0.06666666666666667
1378105120;	1;	2699.998316;	21.599986528000002;	0.8;	101484.0;	32328.8;	0.0;	0.2;	0.13333333333333333;	0.13333333333333333
1378105420;	1;	2699.998316;	25.199984282666666;	0.9333333333333332;	101484.0;	32503.466666666667;	0.0;	0.26666666666666666;	0.06666666666666667;	0.06666666666666667
1378105720;	1;	2699.998316;	28.799982037333333;	1.0666666666666667;	101484.0;	29008.0;	0.0;	0.2;	0.3333333333333333;	0.3333333333333333
1378106020;	1;	2699.998316;	21.599986528000002;	0.8;	101484.0;	30231.733333333334;	0.0;	0.26666666666666666;	0.6;	0.6
1378106320;	1;	2699.998316;	25.199984282666666;	0.9333333333333332;	101484.0;	36522.933333333334;	0.0;	0.26666666666666666;	0.13333333333333333;	0.13333333333333333
1378106620;	1;	2699.998316;	28.799982037333333;	1.0666666666666667;	101484.0;	35300.26666666667;	0.0;	0.2;	0.13333333333333333;	0.13333333333333333
1378106920;	1;	2699.998316;	21.599986528000002;	0.8;	101484.0;	35300.26666666667;	0.0;	0.13333333333333333;	0.13333333333333333;	0.13333333333333333
1378107220;	1;	2699.998316;	21.599986528000002;	0.8;	101484.0;	26212.533333333333;	0.0;	0.13333333333333333;	0.5333333333333333;	0.5333333333333333
1378107520;	1;	2699.998316;	28.799982037333333;	1.0666666666666667;	101484.0;	29706.933333333334;	0.0;	0.4;	0.13333333333333333;	0.13333333333333333
1378107820;	1;	2699.998316;	25.199984282666666;	0.9333333333333332;	101484.0;	30231.466666666667;	0.0;	0.13333333333333333;	0.06666666666666667;	0.06666666666666667
1378108120;	1;	2699.998316;	21.599986528000002;	0.8;	101484.0;	30930.933333333334;	0.0;	0.26666666666666666;	0.13333333333333333;	0.13333333333333333
1378108420;	1;	2699.998316;	25.199984282666666;	0.9333333333333332;	101484.0;	30930.133333333335;	0.0;	0.2;	0.06666666666666667;	0.06666666666666667
1378108720;	1;	2699.998316;	28.799982037333333;	1.0666666666666667;	101484.0;	26212.8;	0.0;	0.26666666666666666;	0.2;	0.2
1378109020;	1;	2699.998316;	19.799987650666665;	0.7333333333333333;	101484.0;	34076.53333333333;	0.0;	0.2;	0.06666666666666667;	0.06666666666666667
1378109320;	1;	2699.998316;	21.599986528000002;	0.8;	101484.0;	37048.0;	0.0;	0.2;	0.26666666666666666;	0.26666666666666666
1378109620;	1;	2699.998316;	28.799982037333333;	1.0666666666666667;	101484.0;	37397.6;	0.0;	0.3333333333333333;	0.6;	0.6
1378109921;	1;	2699.998316;	25.199984282666666;	0.9333333333333332;	101484.0;	37046.933333333334;	0.0;	0.26666666666666666;	0.13333333333333333;	0.13333333333333333
1378110221;	1;	2699.998316;	21.599986528000002;	0.8;	101484.0;	34775.2;	0.0;	0.26666666666666666;	0.2;	0.2
1378110521;	1;	2699.998316;	28.799982037333333;	1.0666666666666667;	101484.0;	37746.666666666664;	0.0;	0.3333333333333333;	0.13333333333333333;	0.13333333333333333
1378110820;	1;	2699.998316;	25.199984282666666;	0.9333333333333332;	101484.0;	36348.53333333333;	0.0;	0.13333333333333333;	0.6;	0.6
1378111120;	1;	2699.998316;	21.599986528000002;	0.8;	101484.0;	29882.4;	0.0;	0.26666666666666666;	0.13333333333333333;	0.13333333333333333
1378111420;	1;	2699.998316;	25.199984282666666;	0.9333333333333332;	101484.0;	30406.4;	0.0;	0.26666666666666666;	0.13333333333333333;	0.13333333333333333
1378111720;	1;	2699.998316;	28.799982037333333;	1.0666666666666667;	101484.0;	26212.0;	0.0;	0.3333333333333333;	0.13333333333333333;	0.13333333333333333
1378112020;	1;	2699.998316;	21.599986528000002;	0.8;	101484.0;	26735.2;	0.0;	0.2;	0.26666666666666666;	0.26666666666666666
1378112320;	1;	2699.998316;	21.599986528000002;	0.8;	101484.0;	29883.2;	0.0;	0.2;	0.2;	0.2
1378112621;	1;	2699.998316;	32.399979791999996;	1.2;	101484.0;	33028.8;	0.0;	0.4;	0.2;	0.2
1378112921;	1;	2699.998316;	21.599986528000002;	0.8;	101484.0;	31455.2;	0.0;	0.2;	0.26666666666666666;	0.2
1378113221;	1;	2699.998316;	21.599986528000002;	0.8;	101484.0;	31105.333333333332;	0.0;	0.13333333333333333;	0.6666666666666666;	0.6666666666666666
1378113521;	1;	2699.998316;	28.799982037333333;	1.0666666666666667;	101484.0;	32852.8;	0.0;	0.4666666666666667;	0.2;	0.2
1378113821;	1;	2699.998316;	25.199984282666666;	0.9333333333333332;	101484.0;	39670.4;	0.0;	0.13333333333333333;	0.13333333333333333;	0.13333333333333333
1378114121;	1;	2699.998316;	21.599986528000002;	0.8;	101484.0;	35125.6;	0.0;	0.2;	0.13333333333333333;	0.13333333333333333
1378114421;	1;	2699.998316;	26.999983160000003;	1.0;	101484.0;	31979.2;	0.0;	0.26666666666666666;	0.6;	0.6
1378114721;	1;	2699.998316;	26.999983160000003;	1.0;	101484.0;	28834.4;	0.0;	0.26666666666666666;	0.13333333333333333;	0.13333333333333333
1378115021;	1;	2699.998316;	21.599986528000002;	0.8;	101484.0;	26561.333333333332;	0.0;	0.2;	0.06666666666666667;	0.06666666666666667
1378115321;	1;	2699.998316;	21.599986528000002;	0.8;	101484.0;	34076.8;	0.0;	0.2;	0.06666666666666667;	0.06666666666666667
1378115621;	1;	2699.998316;	32.399979791999996;	1.2;	101484.0;	33028.0;	0.0;	0.4;	0.06666666666666667;	0.06666666666666667
1378115921;	1;	2699.998316;	21.599986528000002;	0.8;	101484.0;	33726.4;	0.0;	0.13333333333333333;	0.13333333333333333;	0.13333333333333333
1378116221;	1;	2699.998316;	21.599986528000002;	0.8;	101484.0;	36698.4;	0.0;	0.26666666666666666;	0.06666666666666667;	0.06666666666666667
1378116521;	1;	2699.998316;	28.799982037333333;	1.0666666666666667;	101484.0;	41416.8;	0.0;	0.3333333333333333;	0.13333333333333333;	0.13333333333333333
1378116821;	1;	2699.998316;	25.199984282666666;	0.9333333333333332;	101484.0;	30056.533333333333;	0.0;	0.13333333333333333;	0.6;	0.6
1378117121;	1;	2699.998316;	21.599986528000002;	0.8;	101484.0;	32504.0;	0.0;	0.26666666666666666;	0.06666666666666667;	0.06666666666666667
1378117421;	1;	2699.998316;	25.199984282666666;	0.9333333333333332;	101484.0;	29883.2;	0.0;	0.2;	0.06666666666666667;	0.06666666666666667
1378117721;	1;	2699.998316;	28.799982037333333;	1.0666666666666667;	101484.0;	30406.666666666668;	0.0;	0.26666666666666666;	0.06666666666666667;	0.06666666666666667
1378118021;	1;	2699.998316;	21.599986528000002;	0.8;	101484.0;	41940.8;	0.0;	0.2;	0.6;	0.6
1378118321;	1;	2699.998316;	23.399985405333336;	0.8666666666666667;	101484.0;	39494.4;	0.0;	0.13333333333333333;	0.13333333333333333;	0.13333333333333333
1378118621;	1;	2699.998316;	28.799982037333333;	1.0666666666666667;	101484.0;	41418.4;	0.0;	0.4;	0.06666666666666667;	0.06666666666666667
1378118921;	1;	2699.998316;	23.399985405333336;	0.8666666666666667;	101484.0;	36349.6;	0.0;	0.2;	0.13333333333333333;	0.13333333333333333
1378119221;	1;	2699.998316;	21.599986528000002;	0.8;	101484.0;	32502.4;	0.0;	0.13333333333333333;	0.13333333333333333;	0.13333333333333333
1378119521;	1;	2699.998316;	28.799982037333333;	1.0666666666666667;	101484.0;	34425.333333333336;	0.0;	0.3333333333333333;	0.13333333333333333;	0.13333333333333333
1378119821;	1;	2699.998316;	25.199984282666666;	0.9333333333333332;	101484.0;	41067.73333333333;	0.0;	0.13333333333333333;	0.13333333333333333;	0.13333333333333333
1378120121;	1;	2699.998316;	21.599986528000002;	0.8;	101484.0;	35126.4;	0.0;	0.2;	0.13333333333333333;	0.13333333333333333
1378120421;	1;	2699.998316;	25.199984282666666;	0.9333333333333332;	101484.0;	27784.0;	0.0;	0.26666666666666666;	1.0666666666666667;	1.0666666666666667
1378120721;	1;	2699.998316;	28.799982037333333;	1.0666666666666667;	101484.0;	33552.8;	0.0;	0.26666666666666666;	0.13333333333333333;	0.13333333333333333
1378121021;	1;	2699.998316;	21.599986528000002;	0.8;	101484.0;	33552.8;	0.0;	0.2;	0.06666666666666667;	0.06666666666666667
1378121321;	1;	2699.998316;	21.599986528000002;	0.8;	101484.0;	37222.4;	0.0;	0.2;	0.0;	0.0
1378121622;	1;	2699.998316;	28.799982037333333;	1.0666666666666667;	101484.0;	32154.133333333335;	0.0;	0.3333333333333333;	1.0;	0.9333333333333333
1378121922;	1;	2699.998316;	25.199984282666666;	0.9333333333333332;	101484.0;	38796.0;	0.0;	0.2;	0.06666666666666667;	0.06666666666666667
1378122222;	1;	2699.998316;	21.599986528000002;	0.8;	101484.0;	35125.6;	0.0;	0.26666666666666666;	0.06666666666666667;	0.06666666666666667
1378122522;	1;	2699.998316;	25.199984282666666;	0.9333333333333332;	101484.0;	35125.6;	0.0;	0.3333333333333333;	0.13333333333333333;	0.13333333333333333
1378122822;	1;	2699.998316;	28.799982037333333;	1.0666666666666667;	101484.0;	30930.4;	0.0;	0.13333333333333333;	0.06666666666666667;	0.06666666666666667
1378123122;	1;	2699.998316;	21.599986528000002;	0.8;	101484.0;	33028.8;	0.0;	0.26666666666666666;	0.26666666666666666;	0.26666666666666666
1378123422;	1;	2699.998316;	21.599986528000002;	0.8;	101484.0;	33377.6;	0.0;	0.13333333333333333;	0.13333333333333333;	0.13333333333333333
1378123722;	1;	2699.998316;	28.799982037333333;	1.0666666666666667;	101484.0;	35649.6;	0.0;	0.3333333333333333;	0.2;	0.2
1378124022;	1;	2699.998316;	25.199984282666666;	0.9333333333333332;	101484.0;	35124.8;	0.0;	0.13333333333333333;	0.7333333333333333;	0.7333333333333333
1378124322;	1;	2699.998316;	21.599986528000002;	0.8;	101484.0;	31455.2;	0.0;	0.26666666666666666;	0.13333333333333333;	0.13333333333333333
1378124622;	1;	2699.998316;	25.199984282666666;	0.9333333333333332;	101484.0;	33902.933333333334;	0.0;	0.26666666666666666;	0.2;	0.2
1378124922;	1;	2699.998316;	28.799982037333333;	1.0666666666666667;	101484.0;	34077.6;	0.0;	0.2;	0.2;	0.2
1378125222;	1;	2699.998316;	21.599986528000002;	0.8;	101484.0;	29881.6;	0.0;	0.2;	0.6;	0.6
1378125522;	1;	2699.998316;	21.599986528000002;	0.8;	101484.0;	30931.2;	0.0;	0.13333333333333333;	0.13333333333333333;	0.13333333333333333
1378125822;	1;	2699.998316;	28.799982037333333;	1.0666666666666667;	101484.0;	32679.2;	0.0;	0.3333333333333333;	0.13333333333333333;	0.13333333333333333
1378126122;	1;	2699.998316;	25.199984282666666;	0.9333333333333332;	101484.0;	38271.2;	0.0;	0.4666666666666667;	0.13333333333333333;	0.13333333333333333
1378126422;	1;	2699.998316;	21.599986528000002;	0.8;	101484.0;	30930.4;	0.0;	0.26666666666666666;	0.13333333333333333;	0.13333333333333333
1378126722;	1;	2699.998316;	25.199984282666666;	0.9333333333333332;	101484.0;	39320.0;	0.0;	0.6;	0.2;	0.2
1378127022;	1;	2699.998316;	28.799982037333333;	1.0666666666666667;	101484.0;	39844.0;	0.0;	0.6;	0.13333333333333333;	0.13333333333333333
1378127322;	1;	2699.998316;	21.599986528000002;	0.8;	101484.0;	33552.53333333333;	0.0;	0.2;	0.2;	0.2
1378127622;	1;	2699.998316;	25.199984282666666;	0.9333333333333332;	101484.0;	34426.666666666664;	0.0;	0.2;	0.6666666666666666;	0.6666666666666666
1378127922;	1;	2699.998316;	25.199984282666666;	0.9333333333333332;	101484.0;	39843.2;	0.0;	0.3333333333333333;	0.13333333333333333;	0.13333333333333333
1378128222;	1;	2699.998316;	25.199984282666666;	0.9333333333333332;	101484.0;	36173.6;	0.0;	0.13333333333333333;	0.13333333333333333;	0.13333333333333333
1378128522;	1;	2699.998316;	21.599986528000002;	0.8;	101484.0;	35651.2;	0.0;	0.26666666666666666;	0.13333333333333333;	0.13333333333333333
1378128822;	1;	2699.998316;	28.799982037333333;	1.0666666666666667;	101484.0;	41067.2;	0.0;	0.3333333333333333;	0.5333333333333333;	0.5333333333333333
1378129122;	1;	2699.998316;	25.199984282666666;	0.9333333333333332;	101484.0;	37222.4;	0.0;	0.13333333333333333;	0.06666666666666667;	0.06666666666666667
1378129422;	1;	2699.998316;	21.599986528000002;	0.8;	101484.0;	34601.6;	0.0;	0.26666666666666666;	0.13333333333333333;	0.13333333333333333
1378129722;	1;	2699.998316;	26.999983160000003;	1.0;	101484.0;	32154.933333333334;	0.0;	0.26666666666666666;	0.06666666666666667;	0.06666666666666667
1378130022;	1;	2699.998316;	26.999983160000003;	1.0;	101484.0;	34076.8;	0.0;	0.2;	0.06666666666666667;	0.06666666666666667
1378130322;	1;	2699.998316;	21.599986528000002;	0.8;	101484.0;	39844.8;	0.0;	0.2;	0.26666666666666666;	0.26666666666666666
1378130622;	1;	2699.998316;	25.199984282666666;	0.9333333333333332;	101484.0;	29882.4;	0.0;	0.2;	0.13333333333333333;	0.13333333333333333
1378130922;	1;	2699.998316;	28.799982037333333;	1.0666666666666667;	101484.0;	28309.6;	0.0;	0.26666666666666666;	0.13333333333333333;	0.13333333333333333
1378131222;	1;	2699.998316;	21.599986528000002;	0.8;	101484.0;	36697.6;	0.0;	0.13333333333333333;	0.6;	0.6666666666666666
1378131522;	1;	2699.998316;	21.599986528000002;	0.8;	101484.0;	36873.066666666666;	0.0;	0.2;	0.13333333333333333;	0.13333333333333333
1378131822;	1;	2699.998316;	28.799982037333333;	1.0666666666666667;	101484.0;	31455.2;	0.0;	0.3333333333333333;	0.06666666666666667;	0.06666666666666667
1378132122;	1;	2699.998316;	25.199984282666666;	0.9333333333333332;	101484.0;	32328.0;	0.0;	0.13333333333333333;	0.2;	0.13333333333333333
1378132422;	1;	2699.998316;	21.599986528000002;	0.8;	101484.0;	30930.4;	0.0;	0.26666666666666666;	0.5333333333333333;	0.5333333333333333
1378132722;	1;	2699.998316;	25.199984282666666;	0.9333333333333332;	101484.0;	31280.266666666666;	0.0;	0.26666666666666666;	0.13333333333333333;	0.13333333333333333
1378133023;	1;	2699.998316;	28.799982037333333;	1.0666666666666667;	101484.0;	31454.133333333335;	0.0;	0.2;	0.06666666666666667;	0.06666666666666667
1378133323;	1;	2699.998316;	21.599986528000002;	0.8;	101484.0;	30057.066666666666;	0.0;	0.26666666666666666;	0.06666666666666667;	0.06666666666666667
1378133623;	1;	2699.998316;	21.599986528000002;	0.8;	101484.0;	28834.4;	0.0;	0.13333333333333333;	0.06666666666666667;	0.06666666666666667
1378133923;	1;	2699.998316;	26.999983160000003;	1.0;	101484.0;	33203.73333333333;	0.0;	0.4;	0.2;	0.2
1378134223;	1;	2699.998316;	25.199984282666666;	0.9333333333333332;	101484.0;	28834.133333333335;	0.0;	0.13333333333333333;	0.06666666666666667;	0.06666666666666667
1378134523;	1;	2699.998316;	21.599986528000002;	0.8;	101484.0;	31630.933333333334;	0.0;	0.13333333333333333;	0.3333333333333333;	0.3333333333333333
1378134823;	1;	2699.998316;	26.999983160000003;	1.0;	101484.0;	34252.0;	0.0;	0.3333333333333333;	0.6666666666666666;	0.6666666666666666
1378135123;	1;	2699.998316;	25.199984282666666;	0.9333333333333332;	101484.0;	30581.866666666665;	0.0;	0.2;	0.13333333333333333;	0.06666666666666667
1378135423;	1;	2699.998316;	21.599986528000002;	0.8;	101484.0;	30931.2;	0.0;	0.26666666666666666;	0.13333333333333333;	0.13333333333333333
1378135723;	1;	2699.998316;	25.199984282666666;	0.9333333333333332;	101484.0;	29707.2;	0.0;	0.26666666666666666;	0.13333333333333333;	0.13333333333333333
1378136023;	1;	2699.998316;	26.999983160000003;	1.0;	101484.0;	33377.86666666667;	0.0;	0.2;	0.5333333333333333;	0.5333333333333333
1378136323;	1;	2699.998316;	21.599986528000002;	0.8;	101484.0;	32678.666666666668;	0.0;	0.26666666666666666;	0.13333333333333333;	0.13333333333333333
1378136623;	1;	2699.998316;	25.199984282666666;	0.9333333333333332;	101484.0;	33378.13333333333;	0.0;	0.2;	0.06666666666666667;	0.06666666666666667
1378136923;	1;	2699.998316;	28.799982037333333;	1.0666666666666667;	101484.0;	31980.0;	0.0;	0.26666666666666666;	0.06666666666666667;	0.06666666666666667
1378137223;	1;	2699.998316;	21.599986528000002;	0.8;	101484.0;	30231.466666666667;	0.0;	0.2;	0.06666666666666667;	0.06666666666666667
1378137523;	1;	2699.998316;	25.199984282666666;	0.9333333333333332;	101484.0;	33203.46666666667;	0.0;	0.2;	0.26666666666666666;	0.26666666666666666
1378137823;	1;	2699.998316;	28.799982037333333;	1.0666666666666667;	101484.0;	35824.0;	0.0;	0.4;	0.13333333333333333;	0.13333333333333333
1378138123;	1;	2699.998316;	21.599986528000002;	0.8;	101484.0;	35300.0;	0.0;	0.2;	0.2;	0.2
1378138423;	1;	2699.998316;	21.599986528000002;	0.8;	101484.0;	37748.0;	0.0;	0.2;	0.6666666666666666;	0.6666666666666666
1378138723;	1;	2699.998316;	25.199984282666666;	0.9333333333333332;	101484.0;	33028.8;	0.0;	0.4;	0.13333333333333333;	0.13333333333333333
1378139023;	1;	2699.998316;	28.799982037333333;	1.0666666666666667;	101484.0;	34425.86666666667;	0.0;	0.2;	0.13333333333333333;	0.13333333333333333
1378139323;	1;	2699.998316;	21.599986528000002;	0.8;	101484.0;	32678.133333333335;	0.0;	0.26666666666666666;	0.13333333333333333;	0.13333333333333333
1378139623;	1;	2699.998316;	25.199984282666666;	0.9333333333333332;	101484.0;	27785.6;	0.0;	0.2;	1.0666666666666667;	1.0666666666666667
1378139923;	1;	2699.998316;	25.199984282666666;	0.9333333333333332;	101484.0;	31281.333333333332;	0.0;	0.26666666666666666;	0.13333333333333333;	0.13333333333333333
1378140223;	1;	2699.998316;	25.199984282666666;	0.9333333333333332;	101484.0;	34601.333333333336;	0.0;	0.13333333333333333;	0.13333333333333333;	0.13333333333333333
1378140523;	1;	2699.998316;	21.599986528000002;	0.8;	101484.0;	30231.466666666667;	0.0;	0.26666666666666666;	0.2;	0.2
1378140824;	1;	2699.998316;	28.799982037333333;	1.0666666666666667;	101484.0;	27959.466666666667;	0.0;	0.26666666666666666;	0.13333333333333333;	0.13333333333333333
1378141124;	1;	2699.998316;	25.199984282666666;	0.9333333333333332;	101484.0;	32329.333333333332;	0.0;	0.2;	0.2;	0.2
1378141424;	1;	2699.998316;	21.599986528000002;	0.8;	101484.0;	35299.2;	0.0;	0.2;	0.13333333333333333;	0.13333333333333333
1378141724;	1;	2699.998316;	25.199984282666666;	0.9333333333333332;	101484.0;	32678.666666666668;	0.0;	0.2;	0.2;	0.2
1378142024;	1;	2699.998316;	26.999983160000003;	1.0;	101484.0;	33901.86666666667;	0.0;	0.26666666666666666;	0.6666666666666666;	0.6666666666666666
1378142324;	1;	2699.998316;	21.599986528000002;	0.8;	101484.0;	36173.6;	0.0;	0.2;	0.26666666666666666;	0.26666666666666666
1378142624;	1;	2699.998316;	21.599986528000002;	0.8;	101484.0;	34949.86666666667;	0.0;	0.2;	0.06666666666666667;	0.06666666666666667
1378142924;	1;	2699.998316;	25.199984282666666;	0.9333333333333332;	101484.0;	36523.46666666667;	0.0;	0.26666666666666666;	0.06666666666666667;	0.06666666666666667
1378143224;	1;	2699.998316;	28.799982037333333;	1.0666666666666667;	101484.0;	33726.933333333334;	0.0;	0.13333333333333333;	0.6;	0.6
1378143524;	1;	2699.998316;	21.599986528000002;	0.8;	101484.0;	29881.6;	0.0;	0.2;	0.06666666666666667;	0.06666666666666667
1378143824;	1;	2699.998316;	21.599986528000002;	0.8;	101484.0;	30057.066666666666;	0.0;	0.13333333333333333;	0.06666666666666667;	0.06666666666666667
1378144124;	1;	2699.998316;	28.799982037333333;	1.0666666666666667;	101484.0;	32328.266666666666;	0.0;	0.4;	0.06666666666666667;	0.06666666666666667
1378144424;	1;	2699.998316;	25.199984282666666;	0.9333333333333332;	101484.0;	41417.066666666666;	0.0;	0.2;	0.06666666666666667;	0.06666666666666667
1378144724;	1;	2699.998316;	21.599986528000002;	0.8;	101484.0;	32153.866666666665;	0.0;	0.2;	0.13333333333333333;	0.13333333333333333
1378145024;	1;	2699.998316;	25.199984282666666;	0.9333333333333332;	101484.0;	32503.466666666667;	0.0;	0.26666666666666666;	0.06666666666666667;	0.06666666666666667
1378145324;	1;	2699.998316;	28.799982037333333;	1.0666666666666667;	101484.0;	36523.73333333333;	0.0;	0.2;	0.13333333333333333;	0.13333333333333333
1378145624;	1;	2699.998316;	21.599986528000002;	0.8;	101484.0;	37921.6;	0.0;	0.26666666666666666;	0.6;	0.6
1378145924;	1;	2699.998316;	25.199984282666666;	0.9333333333333332;	101484.0;	36173.066666666666;	0.0;	0.26666666666666666;	0.2;	0.2
1378146224;	1;	2699.998316;	28.799982037333333;	1.0666666666666667;	101484.0;	33377.066666666666;	0.0;	0.26666666666666666;	0.06666666666666667;	0.06666666666666667
1378146524;	1;	2699.998316;	21.599986528000002;	0.8;	101484.0;	39669.6;	0.0;	0.2;	0.26666666666666666;	0.26666666666666666
1378146824;	1;	2699.998316;	21.599986528000002;	0.8;	101484.0;	36348.8;	0.0;	0.13333333333333333;	0.6666666666666666;	0.6
1378147124;	1;	2699.998316;	28.799982037333333;	1.0666666666666667;	101484.0;	33552.8;	0.0;	0.4;	0.06666666666666667;	0.06666666666666667
1378147424;	1;	2699.998316;	25.199984282666666;	0.9333333333333332;	101484.0;	36699.2;	0.0;	0.13333333333333333;	0.06666666666666667;	0.06666666666666667
1378147724;	1;	2699.998316;	21.599986528000002;	0.8;	101484.0;	28483.733333333334;	0.0;	0.26666666666666666;	0.06666666666666667;	0.06666666666666667
1378148024;	1;	2699.998316;	25.199984282666666;	0.9333333333333332;	101484.0;	28834.4;	0.0;	0.26666666666666666;	0.06666666666666667;	0.06666666666666667
1378148324;	1;	2699.998316;	28.799982037333333;	1.0666666666666667;	101484.0;	27260.8;	0.0;	0.13333333333333333;	0.2;	0.2
1378148624;	1;	2699.998316;	21.599986528000002;	0.8;	101484.0;	33028.0;	0.0;	0.26666666666666666;	0.06666666666666667;	0.06666666666666667
1378148924;	1;	2699.998316;	25.199984282666666;	0.9333333333333332;	101484.0;	30580.8;	0.0;	0.2;	0.13333333333333333;	0.13333333333333333
1378149224;	1;	2699.998316;	28.799982037333333;	1.0666666666666667;	101484.0;	36873.333333333336;	0.0;	0.26666666666666666;	0.6;	0.6
1378149524;	1;	2699.998316;	21.599986528000002;	0.8;	101484.0;	35125.333333333336;	0.0;	0.2;	0.06666666666666667;	0.06666666666666667
1378149824;	1;	2699.998316;	21.599986528000002;	0.8;	101484.0;	31105.066666666666;	0.0;	0.2;	0.06666666666666667;	0.06666666666666667
1378150124;	1;	2699.998316;	28.799982037333333;	1.0666666666666667;	101484.0;	32853.6;	0.0;	0.3333333333333333;	0.2;	0.2
1378150424;	1;	2699.998316;	25.199984282666666;	0.9333333333333332;	101484.0;	31979.733333333334;	0.0;	0.13333333333333333;	0.6;	0.6
1378150724;	1;	2699.998316;	21.599986528000002;	0.8;	101484.0;	33901.86666666667;	0.0;	0.26666666666666666;	0.13333333333333333;	0.13333333333333333
1378151024;	1;	2699.998316;	28.799982037333333;	1.0666666666666667;	101484.0;	34251.2;	0.0;	0.3333333333333333;	0.13333333333333333;	0.13333333333333333
1378151324;	1;	2699.998316;	23.399985405333336;	0.8666666666666667;	101484.0;	35999.46666666667;	0.0;	0.3333333333333333;	0.13333333333333333;	0.13333333333333333
1378151624;	1;	2699.998316;	21.599986528000002;	0.8;	101484.0;	37746.933333333334;	0.0;	0.26666666666666666;	0.13333333333333333;	0.13333333333333333
1378151924;	1;	2699.998316;	25.199984282666666;	0.9333333333333332;	101484.0;	28134.933333333334;	0.0;	0.26666666666666666;	0.2;	0.2
1378152224;	1;	2699.998316;	28.799982037333333;	1.0666666666666667;	101484.0;	31455.466666666667;	0.0;	0.2;	0.13333333333333333;	0.13333333333333333
1378152525;	1;	2699.998316;	21.599986528000002;	0.8;	101484.0;	34076.26666666667;	0.0;	0.2;	0.2;	0.2
1378152825;	1;	2699.998316;	21.599986528000002;	0.8;	101484.0;	34076.0;	0.0;	0.13333333333333333;	0.6666666666666666;	0.6666666666666666
1378153125;	1;	2699.998316;	28.799982037333333;	1.0666666666666667;	101484.0;	34950.933333333334;	0.0;	0.4;	0.13333333333333333;	0.13333333333333333
1378153425;	1;	2699.998316;	25.199984282666666;	0.9333333333333332;	101484.0;	34951.2;	0.0;	0.13333333333333333;	0.2;	0.2
1378153725;	1;	2699.998316;	21.599986528000002;	0.8;	101484.0;	38097.066666666666;	0.0;	0.2;	0.13333333333333333;	0.13333333333333333
1378154025;	1;	2699.998316;	25.199984282666666;	0.9333333333333332;	101484.0;	33901.86666666667;	0.0;	0.3333333333333333;	0.6;	0.6
1378154325;	1;	2699.998316;	26.999983160000003;	1.0;	101484.0;	31804.266666666666;	0.0;	0.2;	0.13333333333333333;	0.13333333333333333
1378154625;	1;	2699.998316;	21.599986528000002;	0.8;	101484.0;	27610.133333333335;	0.0;	0.2;	0.13333333333333333;	0.13333333333333333
1378154925;	1;	2699.998316;	23.399985405333336;	0.8666666666666667;	101484.0;	29182.666666666668;	0.0;	0.26666666666666666;	0.13333333333333333;	0.13333333333333333
1378155225;	1;	2699.998316;	30.599980914666666;	1.1333333333333333;	101484.0;	32329.6;	0.0;	0.2;	0.13333333333333333;	0.13333333333333333
1378155525;	1;	2699.998316;	21.599986528000002;	0.8;	101484.0;	30231.2;	0.0;	0.2;	0.2;	0.13333333333333333
1378155825;	1;	2699.998316;	19.799987650666665;	0.7333333333333333;	101484.0;	37222.13333333333;	0.0;	0.13333333333333333;	0.13333333333333333;	0.13333333333333333
1378156125;	1;	2699.998316;	25.199984282666666;	0.9333333333333332;	101484.0;	33727.2;	0.0;	0.3333333333333333;	0.13333333333333333;	0.13333333333333333
1378156425;	1;	2699.998316;	28.799982037333333;	1.0666666666666667;	101484.0;	35474.933333333334;	0.0;	0.13333333333333333;	0.6666666666666666;	0.6
1378156725;	1;	2699.998316;	21.599986528000002;	0.8;	101484.0;	30929.6;	0.0;	0.26666666666666666;	0.13333333333333333;	0.13333333333333333
1378157025;	1;	2699.998316;	21.599986528000002;	0.8;	101484.0;	34250.933333333334;	0.0;	0.26666666666666666;	0.06666666666666667;	0.06666666666666667
1378157325;	1;	2699.998316;	28.799982037333333;	1.0666666666666667;	101484.0;	34776.53333333333;	0.0;	0.3333333333333333;	0.13333333333333333;	0.13333333333333333
1378157625;	1;	2699.998316;	25.199984282666666;	0.9333333333333332;	101484.0;	33726.4;	0.0;	0.26666666666666666;	0.5333333333333333;	0.5333333333333333
1378157925;	1;	2699.998316;	21.599986528000002;	0.8;	101484.0;	29706.666666666668;	0.0;	0.2;	0.06666666666666667;	0.06666666666666667
1378158225;	1;	2699.998316;	21.599986528000002;	0.8;	101484.0;	33377.86666666667;	0.0;	0.13333333333333333;	0.13333333333333333;	0.06666666666666667
1378158525;	1;	2699.998316;	28.799982037333333;	1.0666666666666667;	101484.0;	35649.066666666666;	0.0;	0.4666666666666667;	0.13333333333333333;	0.06666666666666667
1378158825;	1;	2699.998316;	25.199984282666666;	0.9333333333333332;	101484.0;	32503.733333333334;	0.0;	0.13333333333333333;	0.13333333333333333;	0.06666666666666667
1378159125;	1;	2699.998316;	21.599986528000002;	0.8;	101484.0;	33901.86666666667;	0.0;	0.2;	0.3333333333333333;	0.26666666666666666
1378159425;	1;	2699.998316;	25.199984282666666;	0.9333333333333332;	101484.0;	27609.333333333332;	0.0;	0.26666666666666666;	0.06666666666666667;	0.06666666666666667
1378159725;	1;	2699.998316;	28.799982037333333;	1.0666666666666667;	101484.0;	27960.8;	0.0;	0.26666666666666666;	0.13333333333333333;	0.13333333333333333
1378160025;	1;	2699.998316;	21.599986528000002;	0.8;	101484.0;	31280.266666666666;	0.0;	0.2;	0.6;	0.6
1378160325;	1;	2699.998316;	25.199984282666666;	0.9333333333333332;	101484.0;	30580.533333333333;	0.0;	0.26666666666666666;	0.06666666666666667;	0.06666666666666667
1378160625;	1;	2699.998316;	28.799982037333333;	1.0666666666666667;	101484.0;	30406.666666666668;	0.0;	0.2;	0.06666666666666667;	0.06666666666666667
1378160925;	1;	2699.998316;	21.599986528000002;	0.8;	101484.0;	30406.666666666668;	0.0;	0.26666666666666666;	0.13333333333333333;	0.13333333333333333
1378161225;	1;	2699.998316;	23.399985405333336;	0.8666666666666667;	101484.0;	27784.533333333333;	0.0;	0.2;	0.5333333333333333;	0.5333333333333333
1378161525;	1;	2699.998316;	26.999983160000003;	1.0;	101484.0;	32678.4;	0.0;	0.4;	0.06666666666666667;	0.06666666666666667
1378161825;	1;	2699.998316;	25.199984282666666;	0.9333333333333332;	101484.0;	33727.46666666667;	0.0;	0.13333333333333333;	0.06666666666666667;	0.06666666666666667
1378162125;	1;	2699.998316;	19.799987650666665;	0.7333333333333333;	101484.0;	38096.0;	0.0;	0.2;	0.06666666666666667;	0.06666666666666667
1378162425;	1;	2699.998316;	25.199984282666666;	0.9333333333333332;	101484.0;	37048.26666666667;	0.0;	0.26666666666666666;	0.2;	0.2
1378162725;	1;	2699.998316;	28.799982037333333;	1.0666666666666667;	101484.0;	33902.4;	0.0;	0.13333333333333333;	0.13333333333333333;	0.13333333333333333
1378163025;	1;	2699.998316;	21.599986528000002;	0.8;	101484.0;	33553.333333333336;	0.0;	0.3333333333333333;	0.06666666666666667;	0.06666666666666667
1378163325;	1;	2699.998316;	25.199984282666666;	0.9333333333333332;	101484.0;	34950.4;	0.0;	0.2;	0.26666666666666666;	0.26666666666666666
1378163625;	1;	2699.998316;	25.199984282666666;	0.9333333333333332;	101484.0;	31804.8;	0.0;	0.2;	0.6;	0.6
1378163926;	1;	2699.998316;	25.199984282666666;	0.9333333333333332;	101484.0;	30232.0;	0.0;	0.2;	0.13333333333333333;	0.13333333333333333
1378164226;	1;	2699.998316;	21.599986528000002;	0.8;	101484.0;	35649.86666666667;	0.0;	0.13333333333333333;	0.13333333333333333;	0.13333333333333333
1378164526;	1;	2699.998316;	28.799982037333333;	1.0666666666666667;	101484.0;	37572.8;	0.0;	0.26666666666666666;	0.2;	0.2
1378164826;	1;	2699.998316;	25.199984282666666;	0.9333333333333332;	101484.0;	39145.333333333336;	0.0;	0.2;	0.6;	0.6
1378165126;	1;	2699.998316;	21.599986528000002;	0.8;	101484.0;	42814.666666666664;	0.0;	0.26666666666666666;	0.13333333333333333;	0.13333333333333333
1378165426;	1;	2699.998316;	25.199984282666666;	0.9333333333333332;	101484.0;	38794.933333333334;	0.0;	0.2;	0.13333333333333333;	0.13333333333333333
1378165726;	1;	2699.998316;	28.799982037333333;	1.0666666666666667;	101484.0;	41766.13333333333;	0.0;	0.2;	0.13333333333333333;	0.13333333333333333
1378166026;	1;	2699.998316;	21.599986528000002;	0.8;	101484.0;	33377.86666666667;	0.0;	0.13333333333333333;	0.13333333333333333;	0.13333333333333333
1378166326;	1;	2699.998316;	21.599986528000002;	0.8;	101484.0;	32678.4;	0.0;	0.13333333333333333;	0.2;	0.2
1378166626;	1;	2699.998316;	28.799982037333333;	1.0666666666666667;	101484.0;	33377.066666666666;	0.0;	0.26666666666666666;	0.13333333333333333;	0.13333333333333333
1378166926;	1;	2699.998316;	25.199984282666666;	0.9333333333333332;	101484.0;	36698.666666666664;	0.0;	0.13333333333333333;	0.2;	0.2
1378167226;	1;	2699.998316;	21.599986528000002;	0.8;	101484.0;	30406.666666666668;	0.0;	0.13333333333333333;	0.6666666666666666;	0.6666666666666666
1378167526;	1;	2699.998316;	25.199984282666666;	0.9333333333333332;	101484.0;	28484.266666666666;	0.0;	0.26666666666666666;	0.13333333333333333;	0.13333333333333333
1378167826;	1;	2699.998316;	28.799982037333333;	1.0666666666666667;	101484.0;	34252.53333333333;	0.0;	0.13333333333333333;	0.06666666666666667;	0.06666666666666667
1378168126;	1;	2699.998316;	21.599986528000002;	0.8;	101484.0;	28833.066666666666;	0.0;	0.13333333333333333;	0.06666666666666667;	0.06666666666666667
1378168426;	1;	2699.998316;	25.199984282666666;	0.9333333333333332;	101484.0;	34950.666666666664;	0.0;	0.2;	0.6;	0.6
1378168726;	1;	2699.998316;	25.199984282666666;	0.9333333333333332;	101484.0;	32328.8;	0.0;	0.2;	0.06666666666666667;	0.06666666666666667
1378169026;	1;	2699.998316;	25.199984282666666;	0.9333333333333332;	101484.0;	30231.733333333334;	0.0;	0.13333333333333333;	0.6666666666666666;	0.4666666666666667
1378169326;	1;	2699.998316;	21.599986528000002;	0.8;	101484.0;	29707.466666666667;	0.0;	0.2;	0.06666666666666667;	0.06666666666666667
1378169627;	1;	2699.998316;	28.799982037333333;	1.0666666666666667;	101484.0;	33028.53333333333;	0.0;	0.26666666666666666;	0.06666666666666667;	0.06666666666666667
1378169927;	1;	2699.998316;	25.199984282666666;	0.9333333333333332;	101484.0;	33901.6;	0.0;	0.13333333333333333;	0.13333333333333333;	0.13333333333333333
1378170227;	1;	2699.998316;	21.599986528000002;	0.8;	101484.0;	38095.46666666667;	0.0;	0.13333333333333333;	0.06666666666666667;	0.06666666666666667
1378170527;	1;	2699.998316;	25.199984282666666;	0.9333333333333332;	101484.0;	38621.6;	0.0;	0.4;	0.13333333333333333;	0.13333333333333333
1378170827;	1;	2699.998316;	28.799982037333333;	1.0666666666666667;	101484.0;	40718.933333333334;	0.0;	0.13333333333333333;	0.6666666666666666;	0.6
1378171127;	1;	2699.998316;	21.599986528000002;	0.8;	101484.0;	36524.26666666667;	0.0;	0.13333333333333333;	0.26666666666666666;	0.26666666666666666
1378171427;	1;	2699.998316;	21.599986528000002;	0.8;	101484.0;	36174.4;	0.0;	0.13333333333333333;	0.06666666666666667;	0.06666666666666667
1378171727;	1;	2699.998316;	28.799982037333333;	1.0666666666666667;	101484.0;	29532.266666666666;	0.0;	0.3333333333333333;	0.2;	0.2
1378172027;	1;	2699.998316;	25.199984282666666;	0.9333333333333332;	101484.0;	36872.8;	0.0;	0.13333333333333333;	0.5333333333333333;	0.5333333333333333
1378172327;	1;	2699.998316;	21.599986528000002;	0.8;	101484.0;	33551.73333333333;	0.0;	0.2;	0.13333333333333333;	0.13333333333333333
1378172627;	1;	2699.998316;	25.199984282666666;	0.9333333333333332;	101484.0;	37572.53333333333;	0.0;	0.2;	0.06666666666666667;	0.06666666666666667
1378172927;	1;	2699.998316;	28.799982037333333;	1.0666666666666667;	101484.0;	34426.933333333334;	0.0;	0.2;	0.13333333333333333;	0.13333333333333333
1378173227;	1;	2699.998316;	21.599986528000002;	0.8;	101484.0;	35999.46666666667;	0.0;	0.26666666666666666;	0.06666666666666667;	0.06666666666666667
1378173527;	1;	2699.998316;	21.599986528000002;	0.8;	101484.0;	29183.2;	0.0;	0.13333333333333333;	0.6666666666666666;	0.6666666666666666
1378173827;	1;	2699.998316;	28.799982037333333;	1.0666666666666667;	101484.0;	37921.333333333336;	0.0;	0.2;	0.06666666666666667;	0.06666666666666667
1378174127;	1;	2699.998316;	25.199984282666666;	0.9333333333333332;	101484.0;	32504.0;	0.0;	0.13333333333333333;	0.2;	0.2
1378174427;	1;	2699.998316;	21.599986528000002;	0.8;	101484.0;	30755.733333333334;	0.0;	0.2;	0.6;	0.6
1378174727;	1;	2699.998316;	25.199984282666666;	0.9333333333333332;	101484.0;	33901.6;	0.0;	0.3333333333333333;	0.13333333333333333;	0.13333333333333333
1378175027;	1;	2699.998316;	28.799982037333333;	1.0666666666666667;	101484.0;	33028.0;	0.0;	0.13333333333333333;	0.06666666666666667;	0.06666666666666667
1378175327;	1;	2699.998316;	17.999988773333335;	0.6666666666666667;	101484.0;	29532.266666666666;	0.0;	0.13333333333333333;	0.26666666666666666;	0.26666666666666666
1378175627;	1;	2699.998316;	21.599986528000002;	0.8;	101484.0;	32678.666666666668;	0.0;	0.13333333333333333;	0.5333333333333333;	0.5333333333333333
1378175927;	1;	2699.998316;	28.799982037333333;	1.0666666666666667;	101484.0;	37921.333333333336;	0.0;	0.3333333333333333;	0.13333333333333333;	0.13333333333333333
1378176227;	1;	2699.998316;	25.199984282666666;	0.9333333333333332;	101484.0;	28308.533333333333;	0.0;	0.13333333333333333;	0.13333333333333333;	0.13333333333333333
1378176527;	1;	2699.998316;	21.599986528000002;	0.8;	101484.0;	23940.266666666666;	0.0;	0.26666666666666666;	0.13333333333333333;	0.13333333333333333
1378176827;	1;	2699.998316;	25.199984282666666;	0.9333333333333332;	101484.0;	29881.6;	0.0;	0.2;	0.13333333333333333;	0.13333333333333333
1378177127;	1;	2699.998316;	28.799982037333333;	1.0666666666666667;	101484.0;	33377.6;	0.0;	0.13333333333333333;	0.2;	0.2
1378177427;	1;	2699.998316;	21.599986528000002;	0.8;	101484.0;	33551.73333333333;	0.0;	0.13333333333333333;	0.2;	0.2
1378177727;	1;	2699.998316;	25.199984282666666;	0.9333333333333332;	101484.0;	32328.8;	0.0;	0.2;	0.2;	0.2
1378178027;	1;	2699.998316;	28.799982037333333;	1.0666666666666667;	101484.0;	38621.066666666666;	0.0;	0.13333333333333333;	0.6666666666666666;	0.6666666666666666
1378178327;	1;	2699.998316;	21.599986528000002;	0.8;	101484.0;	37222.13333333333;	0.0;	0.2;	0.13333333333333333;	0.13333333333333333
1378178627;	1;	2699.998316;	21.599986528000002;	0.8;	101484.0;	28658.666666666668;	0.0;	0.2;	0.13333333333333333;	0.13333333333333333
1378178927;	1;	2699.998316;	28.799982037333333;	1.0666666666666667;	101484.0;	31805.866666666665;	0.0;	0.26666666666666666;	0.13333333333333333;	0.13333333333333333
1378179227;	1;	2699.998316;	25.199984282666666;	0.9333333333333332;	101484.0;	37746.666666666664;	0.0;	0.2;	0.6;	0.6
1378179527;	1;	2699.998316;	21.599986528000002;	0.8;	101484.0;	29881.333333333332;	0.0;	0.13333333333333333;	0.13333333333333333;	0.13333333333333333
1378179828;	1;	2699.998316;	25.199984282666666;	0.9333333333333332;	101484.0;	33552.8;	0.0;	0.2;	0.13333333333333333;	0.13333333333333333
1378180128;	1;	2699.998316;	28.799982037333333;	1.0666666666666667;	101484.0;	35824.26666666667;	0.0;	0.2;	0.06666666666666667;	0.06666666666666667
1378180428;	1;	2699.998316;	21.599986528000002;	0.8;	101484.0;	37398.4;	0.0;	0.13333333333333333;	0.06666666666666667;	0.06666666666666667
1378180728;	1;	2699.998316;	25.199984282666666;	0.9333333333333332;	101484.0;	37571.73333333333;	0.0;	0.2;	0.13333333333333333;	0.13333333333333333
1378181028;	1;	2699.998316;	28.799982037333333;	1.0666666666666667;	101484.0;	38970.666666666664;	0.0;	0.13333333333333333;	0.06666666666666667;	0.06666666666666667
1378181328;	1;	2699.998316;	21.599986528000002;	0.8;	101484.0;	30930.933333333334;	0.0;	0.26666666666666666;	0.13333333333333333;	0.13333333333333333
1378181628;	1;	2699.998316;	21.599986528000002;	0.8;	101484.0;	32503.466666666667;	0.0;	0.13333333333333333;	0.6666666666666666;	0.6666666666666666
1378181928;	1;	2699.998316;	28.799982037333333;	1.0666666666666667;	101484.0;	33026.933333333334;	0.0;	0.26666666666666666;	0.06666666666666667;	0.06666666666666667
1378182228;	1;	2699.998316;	25.199984282666666;	0.9333333333333332;	101484.0;	42814.666666666664;	0.0;	0.13333333333333333;	0.06666666666666667;	0.06666666666666667
1378182528;	1;	2699.998316;	21.599986528000002;	0.8;	101484.0;	31804.8;	0.0;	0.13333333333333333;	0.06666666666666667;	0.06666666666666667
1378182828;	1;	2699.998316;	28.799982037333333;	1.0666666666666667;	101484.0;	32678.933333333334;	0.0;	0.2;	0.7333333333333333;	0.7333333333333333
1378183128;	1;	2699.998316;	25.199984282666666;	0.9333333333333332;	101484.0;	35650.4;	0.0;	0.2;	0.06666666666666667;	0.06666666666666667
1378183428;	1;	2699.998316;	21.599986528000002;	0.8;	101484.0;	35649.86666666667;	0.0;	0.2;	0.0;	0.0
1378183728;	1;	2699.998316;	25.199984282666666;	0.9333333333333332;	101484.0;	36698.4;	0.0;	0.26666666666666666;	0.06666666666666667;	0.06666666666666667
1378184028;	1;	2699.998316;	28.799982037333333;	1.0666666666666667;	101484.0;	29881.6;	0.0;	0.13333333333333333;	0.06666666666666667;	0.06666666666666667
1378184328;	1;	2699.998316;	21.599986528000002;	0.8;	101484.0;	30056.533333333333;	0.0;	0.13333333333333333;	0.2;	0.2
1378184628;	1;	2699.998316;	21.599986528000002;	0.8;	101484.0;	32853.6;	0.0;	0.13333333333333333;	0.2;	0.2
1378184928;	1;	2699.998316;	28.799982037333333;	1.0666666666666667;	101484.0;	34251.2;	0.0;	0.3333333333333333;	0.13333333333333333;	0.13333333333333333
1378185228;	1;	2699.998316;	25.199984282666666;	0.9333333333333332;	101484.0;	37048.53333333333;	0.0;	0.13333333333333333;	0.6666666666666666;	0.6
1378185528;	1;	2699.998316;	21.599986528000002;	0.8;	101484.0;	32329.066666666666;	0.0;	0.13333333333333333;	0.13333333333333333;	0.13333333333333333
1378185828;	1;	2699.998316;	26.999983160000003;	1.0;	101484.0;	36698.4;	0.0;	0.26666666666666666;	0.06666666666666667;	0.06666666666666667
1378186128;	1;	2699.998316;	25.199984282666666;	0.9333333333333332;	101484.0;	36698.4;	0.0;	0.13333333333333333;	0.06666666666666667;	0.06666666666666667
1378186428;	1;	2699.998316;	21.599986528000002;	0.8;	101484.0;	29182.133333333335;	0.0;	0.13333333333333333;	0.6666666666666666;	0.6666666666666666
1378186728;	1;	2699.998316;	25.199984282666666;	0.9333333333333332;	101484.0;	31279.2;	0.0;	0.2;	0.06666666666666667;	0.06666666666666667
1378187028;	1;	2699.998316;	28.799982037333333;	1.0666666666666667;	101484.0;	32503.733333333334;	0.0;	0.13333333333333333;	0.06666666666666667;	0.06666666666666667
1378187328;	1;	2699.998316;	21.599986528000002;	0.8;	101484.0;	30931.466666666667;	0.0;	0.26666666666666666;	0.13333333333333333;	0.13333333333333333
1378187628;	1;	2699.998316;	25.199984282666666;	0.9333333333333332;	101484.0;	36348.8;	0.0;	0.26666666666666666;	0.13333333333333333;	0.13333333333333333
1378187928;	1;	2699.998316;	28.799982037333333;	1.0666666666666667;	101484.0;	31105.6;	0.0;	0.13333333333333333;	0.13333333333333333;	0.13333333333333333
1378188228;	1;	2699.998316;	21.599986528000002;	0.8;	101484.0;	32678.4;	0.0;	0.2;	0.13333333333333333;	0.13333333333333333
1378188529;	1;	2699.998316;	21.599986528000002;	0.8;	101484.0;	34076.53333333333;	0.0;	0.13333333333333333;	0.2;	0.2
1378188829;	1;	2699.998316;	32.399979791999996;	1.2;	101484.0;	32853.6;	0.0;	0.2;	0.6666666666666666;	0.6666666666666666
1378189129;	1;	2699.998316;	21.599986528000002;	0.8;	101484.0;	31629.6;	0.0;	0.13333333333333333;	0.2;	0.2
1378189429;	1;	2699.998316;	19.799987650666665;	0.7333333333333333;	101484.0;	28833.866666666665;	0.0;	0.13333333333333333;	0.13333333333333333;	0.13333333333333333
1378189729;	1;	2699.998316;	28.799982037333333;	1.0666666666666667;	101484.0;	32852.8;	0.0;	0.2;	0.13333333333333333;	0.13333333333333333
1378190029;	1;	2699.998316;	25.199984282666666;	0.9333333333333332;	101484.0;	26561.6;	0.0;	0.13333333333333333;	1.0;	1.0
1378190329;	1;	2699.998316;	21.599986528000002;	0.8;	101484.0;	33552.8;	0.0;	0.13333333333333333;	0.13333333333333333;	0.13333333333333333
1378190629;	1;	2699.998316;	25.199984282666666;	0.9333333333333332;	101484.0;	40718.4;	0.0;	0.3333333333333333;	0.13333333333333333;	0.13333333333333333
1378190929;	1;	2699.998316;	28.799982037333333;	1.0666666666666667;	101484.0;	36174.13333333333;	0.0;	0.2;	0.13333333333333333;	0.13333333333333333
1378191229;	1;	2699.998316;	21.599986528000002;	0.8;	101484.0;	36873.6;	0.0;	0.13333333333333333;	0.13333333333333333;	0.13333333333333333
1378191529;	1;	2699.998316;	21.599986528000002;	0.8;	101484.0;	31979.2;	0.0;	0.2;	0.2;	0.2
1378191829;	1;	2699.998316;	32.399979791999996;	1.2;	101484.0;	40717.86666666667;	0.0;	0.26666666666666666;	0.13333333333333333;	0.13333333333333333
1378192129;	1;	2699.998316;	21.599986528000002;	0.8;	101484.0;	36348.0;	0.0;	0.13333333333333333;	0.3333333333333333;	0.26666666666666666
1378192429;	1;	2699.998316;	21.599986528000002;	0.8;	101484.0;	29356.8;	0.0;	0.13333333333333333;	0.6666666666666666;	0.6666666666666666
1378192729;	1;	2699.998316;	28.799982037333333;	1.0666666666666667;	101484.0;	31979.2;	0.0;	0.26666666666666666;	0.06666666666666667;	0.06666666666666667
1378193029;	1;	2699.998316;	25.199984282666666;	0.9333333333333332;	101484.0;	30406.133333333335;	0.0;	0.2;	0.06666666666666667;	0.06666666666666667
1378193329;	1;	2699.998316;	21.599986528000002;	0.8;	101484.0;	32329.333333333332;	0.0;	0.2;	0.06666666666666667;	0.06666666666666667
1378193629;	1;	2699.998316;	21.599986528000002;	0.8;	101484.0;	34250.933333333334;	0.0;	0.13333333333333333;	0.6666666666666666;	0.6666666666666666
1378193929;	1;	2699.998316;	28.799982037333333;	1.0666666666666667;	101484.0;	31804.533333333333;	0.0;	0.2;	0.06666666666666667;	0.06666666666666667
1378194229;	1;	2699.998316;	25.199984282666666;	0.9333333333333332;	101484.0;	32153.866666666665;	0.0;	0.13333333333333333;	0.06666666666666667;	0.06666666666666667
1378194529;	1;	2699.998316;	21.599986528000002;	0.8;	101484.0;	36698.933333333334;	0.0;	0.2;	0.06666666666666667;	0.06666666666666667
1378194829;	1;	2699.998316;	28.799982037333333;	1.0666666666666667;	101484.0;	32328.533333333333;	0.0;	0.2;	0.06666666666666667;	0.06666666666666667
1378195129;	1;	2699.998316;	25.199984282666666;	0.9333333333333332;	101484.0;	35125.86666666667;	0.0;	0.13333333333333333;	0.06666666666666667;	0.06666666666666667
1378195429;	1;	2699.998316;	21.599986528000002;	0.8;	101484.0;	33027.2;	0.0;	0.13333333333333333;	0.06666666666666667;	0.06666666666666667
1378195729;	1;	2699.998316;	25.199984282666666;	0.9333333333333332;	101484.0;	33553.333333333336;	0.0;	0.2;	0.2;	0.13333333333333333
1378196029;	1;	2699.998316;	28.799982037333333;	1.0666666666666667;	101484.0;	37397.333333333336;	0.0;	0.13333333333333333;	0.6;	0.6
1378196329;	1;	2699.998316;	19.799987650666665;	0.7333333333333333;	101484.0;	32328.533333333333;	0.0;	0.2;	0.13333333333333333;	0.06666666666666667
1378196629;	1;	2699.998316;	25.199984282666666;	0.9333333333333332;	101484.0;	30581.866666666665;	0.0;	0.2;	0.13333333333333333;	0.13333333333333333
1378196929;	1;	2699.998316;	28.799982037333333;	1.0666666666666667;	101484.0;	30754.933333333334;	0.0;	0.13333333333333333;	0.2;	0.13333333333333333
1378197229;	1;	2699.998316;	21.599986528000002;	0.8;	101484.0;	27435.466666666667;	0.0;	0.26666666666666666;	0.7333333333333333;	0.6666666666666666
1378197529;	1;	2699.998316;	21.599986528000002;	0.8;	101484.0;	27086.4;	0.0;	0.26666666666666666;	0.13333333333333333;	0.06666666666666667
1378197829;	1;	2699.998316;	28.799982037333333;	1.0666666666666667;	101484.0;	34251.46666666667;	0.0;	0.2;	0.06666666666666667;	0.06666666666666667
1378198129;	1;	2699.998316;	25.199984282666666;	0.9333333333333332;	101484.0;	37747.46666666667;	0.0;	0.2;	0.06666666666666667;	0.06666666666666667
1378198429;	1;	2699.998316;	21.599986528000002;	0.8;	101484.0;	36698.4;	0.0;	0.13333333333333333;	0.06666666666666667;	0.06666666666666667
1378198730;	1;	2699.998316;	28.799982037333333;	1.0666666666666667;	101484.0;	35125.6;	0.0;	0.3333333333333333;	0.2;	0.13333333333333333
1378199030;	1;	2699.998316;	25.199984282666666;	0.9333333333333332;	101484.0;	30056.266666666666;	0.0;	0.13333333333333333;	0.2;	0.2
1378199330;	1;	2699.998316;	21.599986528000002;	0.8;	101484.0;	30930.4;	0.0;	0.13333333333333333;	0.2;	0.2
1378199630;	1;	2699.998316;	25.199984282666666;	0.9333333333333332;	101484.0;	37223.46666666667;	0.0;	0.26666666666666666;	0.6;	0.6
1378199930;	1;	2699.998316;	28.799982037333333;	1.0666666666666667;	101484.0;	30231.466666666667;	0.0;	0.26666666666666666;	0.13333333333333333;	0.13333333333333333
1378200230;	1;	2699.998316;	21.599986528000002;	0.8;	101484.0;	28658.933333333334;	0.0;	0.2;	0.06666666666666667;	0.06666666666666667
1378200530;	1;	2699.998316;	25.199984282666666;	0.9333333333333332;	101484.0;	30057.066666666666;	0.0;	0.26666666666666666;	0.06666666666666667;	0.06666666666666667
1378200830;	1;	2699.998316;	28.799982037333333;	1.0666666666666667;	101484.0;	28834.4;	0.0;	0.13333333333333333;	0.6666666666666666;	0.6666666666666666
1378201130;	1;	2699.998316;	21.599986528000002;	0.8;	101484.0;	30407.2;	0.0;	0.13333333333333333;	0.13333333333333333;	0.13333333333333333
1378201430;	1;	2699.998316;	21.599986528000002;	0.8;	101484.0;	35125.86666666667;	0.0;	0.13333333333333333;	0.13333333333333333;	0.13333333333333333
1378201730;	1;	2699.998316;	28.799982037333333;	1.0666666666666667;	101484.0;	24639.2;	0.0;	0.26666666666666666;	0.13333333333333333;	0.13333333333333333
1378202030;	1;	2699.998316;	25.199984282666666;	0.9333333333333332;	101484.0;	25687.2;	0.0;	0.2;	0.13333333333333333;	0.13333333333333333
1378202330;	1;	2699.998316;	21.599986528000002;	0.8;	101484.0;	31979.2;	0.0;	0.26666666666666666;	0.26666666666666666;	0.26666666666666666
1378202630;	1;	2699.998316;	25.199984282666666;	0.9333333333333332;	101484.0;	37224.0;	0.0;	0.2;	0.13333333333333333;	0.13333333333333333
1378202930;	1;	2699.998316;	28.799982037333333;	1.0666666666666667;	101484.0;	33552.0;	0.0;	0.13333333333333333;	0.2;	0.2
1378203230;	1;	2699.998316;	21.599986528000002;	0.8;	101484.0;	33026.933333333334;	0.0;	0.13333333333333333;	0.6666666666666666;	0.6666666666666666
1378203530;	1;	2699.998316;	21.599986528000002;	0.8;	101484.0;	38794.4;	0.0;	0.13333333333333333;	0.13333333333333333;	0.13333333333333333
1378203830;	1;	2699.998316;	28.799982037333333;	1.0666666666666667;	101484.0;	26736.8;	0.0;	0.26666666666666666;	0.13333333333333333;	0.13333333333333333
1378204130;	1;	2699.998316;	25.199984282666666;	0.9333333333333332;	101484.0;	29881.6;	0.0;	0.2;	0.13333333333333333;	0.13333333333333333
1378204430;	1;	2699.998316;	21.599986528000002;	0.8;	101484.0;	28134.133333333335;	0.0;	0.2;	0.6666666666666666;	0.6666666666666666
1378204730;	1;	2699.998316;	25.199984282666666;	0.9333333333333332;	101484.0;	33028.0;	0.0;	0.26666666666666666;	0.2;	0.2
1378205030;	1;	2699.998316;	28.799982037333333;	1.0666666666666667;	101484.0;	31979.2;	0.0;	0.13333333333333333;	0.13333333333333333;	0.13333333333333333
1378205330;	1;	2699.998316;	21.599986528000002;	0.8;	101484.0;	26561.333333333332;	0.0;	0.26666666666666666;	0.06666666666666667;	0.06666666666666667
1378205630;	1;	2699.998316;	21.599986528000002;	0.8;	101484.0;	29531.466666666667;	0.0;	0.13333333333333333;	0.06666666666666667;	0.06666666666666667
1378205930;	1;	2699.998316;	28.799982037333333;	1.0666666666666667;	101484.0;	37748.0;	0.0;	0.3333333333333333;	0.2;	0.13333333333333333
1378206230;	1;	2699.998316;	25.199984282666666;	0.9333333333333332;	101484.0;	39319.73333333333;	0.0;	0.13333333333333333;	0.13333333333333333;	0.13333333333333333
1378206530;	1;	2699.998316;	21.599986528000002;	0.8;	101484.0;	37223.2;	0.0;	0.13333333333333333;	0.13333333333333333;	0.13333333333333333
1378206831;	1;	2699.998316;	26.999983160000003;	1.0;	101484.0;	31979.2;	0.0;	0.26666666666666666;	0.6;	0.6
1378207131;	1;	2699.998316;	26.999983160000003;	1.0;	101484.0;	33553.6;	0.0;	0.26666666666666666;	0.06666666666666667;	0.06666666666666667
1378207431;	1;	2699.998316;	21.599986528000002;	0.8;	101484.0;	30930.4;	0.0;	0.2;	0.06666666666666667;	0.06666666666666667
1378207731;	1;	2699.998316;	25.199984282666666;	0.9333333333333332;	101484.0;	30930.4;	0.0;	0.2;	0.06666666666666667;	0.06666666666666667
1378208031;	1;	2699.998316;	28.799982037333333;	1.0666666666666667;	101484.0;	24639.2;	0.0;	0.13333333333333333;	0.6;	0.6
1378208331;	1;	2699.998316;	21.599986528000002;	0.8;	101484.0;	29533.066666666666;	0.0;	0.13333333333333333;	0.06666666666666667;	0.06666666666666667
1378208631;	1;	2699.998316;	21.599986528000002;	0.8;	101484.0;	31455.2;	0.0;	0.13333333333333333;	0.06666666666666667;	0.06666666666666667
1378208931;	1;	2699.998316;	21.599986528000002;	0.8;	101484.0;	32852.8;	0.0;	0.26666666666666666;	0.06666666666666667;	0.06666666666666667
1378209231;	1;	2699.998316;	28.799982037333333;	1.0666666666666667;	101484.0;	33028.0;	0.0;	0.26666666666666666;	0.13333333333333333;	0.13333333333333333
1378209531;	1;	2699.998316;	25.199984282666666;	0.9333333333333332;	101484.0;	27435.733333333334;	0.0;	0.13333333333333333;	0.13333333333333333;	0.13333333333333333
1378209831;	1;	2699.998316;	21.599986528000002;	0.8;	101484.0;	35650.4;	0.0;	0.13333333333333333;	0.13333333333333333;	0.13333333333333333
1378210131;	1;	2699.998316;	25.199984282666666;	0.9333333333333332;	101484.0;	33902.13333333333;	0.0;	0.26666666666666666;	0.13333333333333333;	0.13333333333333333
1378210431;	1;	2699.998316;	28.799982037333333;	1.0666666666666667;	101484.0;	37222.4;	0.0;	0.13333333333333333;	0.6666666666666666;	0.6666666666666666
1378210731;	1;	2699.998316;	21.599986528000002;	0.8;	101484.0;	37222.4;	0.0;	0.2;	0.06666666666666667;	0.06666666666666667
1378211031;	1;	2699.998316;	25.199984282666666;	0.9333333333333332;	101484.0;	37747.2;	0.0;	0.13333333333333333;	0.06666666666666667;	0.06666666666666667
1378211331;	1;	2699.998316;	28.799982037333333;	1.0666666666666667;	101484.0;	36700.0;	0.0;	0.26666666666666666;	0.06666666666666667;	0.06666666666666667
1378211631;	1;	2699.998316;	21.599986528000002;	0.8;	101484.0;	34600.8;	0.0;	0.13333333333333333;	0.6666666666666666;	0.6
1378211931;	1;	2699.998316;	21.599986528000002;	0.8;	101484.0;	40542.933333333334;	0.0;	0.2;	0.06666666666666667;	0.06666666666666667
1378212231;	1;	2699.998316;	25.199984282666666;	0.9333333333333332;	101484.0;	34601.6;	0.0;	0.2;	0.06666666666666667;	0.06666666666666667
1378212531;	1;	2699.998316;	28.799982037333333;	1.0666666666666667;	101484.0;	30930.4;	0.0;	0.3333333333333333;	0.06666666666666667;	0.06666666666666667
1378212831;	1;	2699.998316;	21.599986528000002;	0.8;	101484.0;	33027.2;	0.0;	0.13333333333333333;	0.06666666666666667;	0.06666666666666667
1378213131;	1;	2699.998316;	25.199984282666666;	0.9333333333333332;	101484.0;	31804.8;	0.0;	0.6;	0.13333333333333333;	0.13333333333333333
1378213431;	1;	2699.998316;	21.599986528000002;	0.8;	101484.0;	33028.0;	0.0;	0.5333333333333333;	0.13333333333333333;	0.06666666666666667
1378213731;	1;	2699.998316;	28.799982037333333;	1.0666666666666667;	101484.0;	35124.8;	0.0;	0.13333333333333333;	0.13333333333333333;	0.13333333333333333
1378214031;	1;	2699.998316;	21.599986528000002;	0.8;	101484.0;	33376.8;	0.0;	0.26666666666666666;	0.6666666666666666;	0.6666666666666666
1378214331;	1;	2699.998316;	21.599986528000002;	0.8;	101484.0;	35649.6;	0.0;	0.13333333333333333;	0.13333333333333333;	0.13333333333333333
1378214631;	1;	2699.998316;	28.799982037333333;	1.0666666666666667;	101484.0;	33552.0;	0.0;	0.2;	0.13333333333333333;	0.13333333333333333
1378214931;	1;	2699.998316;	25.199984282666666;	0.9333333333333332;	101484.0;	26736.8;	0.0;	0.13333333333333333;	0.13333333333333333;	0.13333333333333333
1378215231;	1;	2699.998316;	21.599986528000002;	0.8;	101484.0;	24640.0;	0.0;	0.13333333333333333;	0.6666666666666666;	0.6666666666666666
1378215531;	1;	2699.998316;	25.199984282666666;	0.9333333333333332;	101484.0;	26386.4;	0.0;	0.26666666666666666;	0.13333333333333333;	0.13333333333333333
1378215831;	1;	2699.998316;	28.799982037333333;	1.0666666666666667;	101484.0;	30930.4;	0.0;	0.2;	0.2;	0.2
1378216131;	1;	2699.998316;	21.599986528000002;	0.8;	101484.0;	31980.0;	0.0;	0.3333333333333333;	0.13333333333333333;	0.13333333333333333
1378216431;	1;	2699.998316;	25.199984282666666;	0.9333333333333332;	101484.0;	38796.0;	0.0;	0.2;	0.13333333333333333;	0.13333333333333333
1378216731;	1;	2699.998316;	28.799982037333333;	1.0666666666666667;	101484.0;	32503.2;	0.0;	0.13333333333333333;	0.5333333333333333;	0.5333333333333333
1378217031;	1;	2699.998316;	19.799987650666665;	0.7333333333333333;	101484.0;	34949.86666666667;	0.0;	0.13333333333333333;	0.13333333333333333;	0.13333333333333333
1378217331;	1;	2699.998316;	21.599986528000002;	0.8;	101484.0;	38796.0;	0.0;	0.2;	0.2;	0.2
1378217631;	1;	2699.998316;	26.999983160000003;	1.0;	101484.0;	31629.6;	0.0;	0.2;	0.6666666666666666;	0.6666666666666666
1378217932;	1;	2699.998316;	26.999983160000003;	1.0;	101484.0;	31805.6;	0.0;	0.2;	0.13333333333333333;	0.13333333333333333
1378218232;	1;	2699.998316;	21.599986528000002;	0.8;	101484.0;	32504.0;	0.0;	0.13333333333333333;	0.13333333333333333;	0.13333333333333333
1378218532;	1;	2699.998316;	25.199984282666666;	0.9333333333333332;	101484.0;	30406.4;	0.0;	0.2;	0.13333333333333333;	0.13333333333333333
1378218832;	1;	2699.998316;	28.799982037333333;	1.0666666666666667;	101484.0;	28833.6;	0.0;	0.13333333333333333;	0.6;	0.6
1378219132;	1;	2699.998316;	21.599986528000002;	0.8;	101484.0;	27785.6;	0.0;	0.2;	0.06666666666666667;	0.06666666666666667
1378219432;	1;	2699.998316;	25.199984282666666;	0.9333333333333332;	101484.0;	30931.733333333334;	0.0;	0.2;	0.13333333333333333;	0.06666666666666667
1378219732;	1;	2699.998316;	28.799982037333333;	1.0666666666666667;	101484.0;	36697.6;	0.0;	0.2;	0.06666666666666667;	0.06666666666666667
1378220032;	1;	2699.998316;	21.599986528000002;	0.8;	101484.0;	37047.46666666667;	0.0;	0.13333333333333333;	0.06666666666666667;	0.06666666666666667
1378220332;	1;	2699.998316;	25.199984282666666;	0.9333333333333332;	101484.0;	34600.8;	0.0;	0.13333333333333333;	0.13333333333333333;	0.13333333333333333
1378220632;	1;	2699.998316;	26.999983160000003;	1.0;	101484.0;	35012.857142857145;	0.0;	0.21428571428571427;	0.07142857142857142;	0.07142857142857142
1378220932;	1;	2699.998316;	25.199984282666666;	0.9333333333333332;	101484.0;	38270.4;	0.0;	0.13333333333333333;	0.3333333333333333;	0.26666666666666666
1378221232;	1;	2699.998316;	21.599986528000002;	0.8;	101484.0;	38271.2;	0.0;	0.2;	0.6666666666666666;	0.6666666666666666
1378221532;	1;	2699.998316;	25.199984282666666;	0.9333333333333332;	101484.0;	36872.8;	0.0;	0.3333333333333333;	0.13333333333333333;	0.13333333333333333
1378221832;	1;	2699.998316;	28.799982037333333;	1.0666666666666667;	101484.0;	35124.8;	0.0;	0.13333333333333333;	0.13333333333333333;	0.06666666666666667
1378222132;	1;	2699.998316;	21.599986528000002;	0.8;	101484.0;	32329.333333333332;	0.0;	0.13333333333333333;	0.13333333333333333;	0.06666666666666667
1378222432;	1;	2699.998316;	19.799987650666665;	0.7333333333333333;	101484.0;	33028.8;	0.0;	0.13333333333333333;	0.7333333333333333;	0.6666666666666666
1378222732;	1;	2699.998316;	26.999983160000003;	1.0;	101484.0;	28658.666666666668;	0.0;	0.3333333333333333;	0.06666666666666667;	0.06666666666666667
1378223032;	1;	2699.998316;	25.199984282666666;	0.9333333333333332;	101484.0;	34077.066666666666;	0.0;	0.2;	0.06666666666666667;	0.06666666666666667
1378223332;	1;	2699.998316;	21.599986528000002;	0.8;	101484.0;	29183.466666666667;	0.0;	0.2;	0.06666666666666667;	0.06666666666666667
1378223632;	1;	2699.998316;	25.199984282666666;	0.9333333333333332;	101484.0;	31280.266666666666;	0.0;	0.2;	0.06666666666666667;	0.06666666666666667
1378223932;	1;	2699.998316;	28.799982037333333;	1.0666666666666667;	101484.0;	33202.4;	0.0;	0.13333333333333333;	0.13333333333333333;	0.13333333333333333
1378224232;	1;	2699.998316;	21.599986528000002;	0.8;	101484.0;	34426.13333333333;	0.0;	0.13333333333333333;	0.13333333333333333;	0.13333333333333333
1378224532;	1;	2699.998316;	23.14284270857143;	0.8571428571428571;	101484.0;	33140.857142857145;	0.0;	0.14285714285714285;	0.14285714285714285;	0.14285714285714285
1378224832;	1;	2699.998316;	25.199984282666666;	0.9333333333333332;	101484.0;	38796.53333333333;	0.0;	0.26666666666666666;	0.6;	0.6
1378225132;	1;	2699.998316;	28.799982037333333;	1.0666666666666667;	101484.0;	30932.0;	0.0;	0.2;	0.06666666666666667;	0.06666666666666667
1378225432;	1;	2699.998316;	21.599986528000002;	0.8;	101484.0;	37397.6;	0.0;	0.26666666666666666;	0.06666666666666667;	0.06666666666666667
1378225732;	1;	2699.998316;	21.599986528000002;	0.8;	101484.0;	33552.0;	0.0;	0.13333333333333333;	0.06666666666666667;	0.06666666666666667
1378226032;	1;	2699.998316;	28.799982037333333;	1.0666666666666667;	101484.0;	31980.0;	0.0;	0.2;	0.5333333333333333;	0.5333333333333333
1378226332;	1;	2699.998316;	25.199984282666666;	0.9333333333333332;	101484.0;	34077.86666666667;	0.0;	0.13333333333333333;	0.06666666666666667;	0.06666666666666667
1378226632;	1;	2699.998316;	21.599986528000002;	0.8;	101484.0;	32504.0;	0.0;	0.2;	0.06666666666666667;	0.06666666666666667
1378226932;	1;	2699.998316;	25.199984282666666;	0.9333333333333332;	101484.0;	34776.26666666667;	0.0;	0.3333333333333333;	0.06666666666666667;	0.06666666666666667
1378227232;	1;	2699.998316;	26.999983160000003;	1.0;	101484.0;	36174.13333333333;	0.0;	0.13333333333333333;	0.13333333333333333;	0.13333333333333333
1378227533;	1;	2699.998316;	21.599986528000002;	0.8;	101484.0;	37222.666666666664;	0.0;	0.2;	0.2;	0.2
1378227833;	1;	2699.998316;	21.599986528000002;	0.8;	101484.0;	35125.333333333336;	0.0;	0.13333333333333333;	0.13333333333333333;	0.13333333333333333
1378228133;	1;	2699.998316;	28.799982037333333;	1.0666666666666667;	101484.0;	37396.8;	0.0;	0.3333333333333333;	0.2;	0.2
1378228433;	1;	2699.998316;	25.199984282666666;	0.9333333333333332;	101484.0;	31454.4;	0.0;	0.13333333333333333;	0.6666666666666666;	0.6666666666666666
1378228733;	1;	2699.998316;	21.599986528000002;	0.8;	101484.0;	31630.4;	0.0;	0.2;	0.2;	0.2
1378229033;	1;	2699.998316;	28.799982037333333;	1.0666666666666667;	101484.0;	33378.13333333333;	0.0;	0.2;	0.13333333333333333;	0.13333333333333333
1378229333;	1;	2699.998316;	25.199984282666666;	0.9333333333333332;	101484.0;	33377.86666666667;	0.0;	0.13333333333333333;	0.13333333333333333;	0.13333333333333333
1378229633;	1;	2699.998316;	21.599986528000002;	0.8;	101484.0;	31105.333333333332;	0.0;	0.2;	0.6666666666666666;	0.6666666666666666
1378229933;	1;	2699.998316;	21.599986528000002;	0.8;	101484.0;	30929.6;	0.0;	0.13333333333333333;	0.13333333333333333;	0.13333333333333333
1378230233;	1;	2699.998316;	30.599980914666666;	1.1333333333333333;	101484.0;	29707.2;	0.0;	0.26666666666666666;	0.13333333333333333;	0.13333333333333333
1378230533;	1;	2699.998316;	21.599986528000002;	0.8;	101484.0;	29182.666666666668;	0.0;	0.2;	0.6;	0.6
1378230833;	1;	2699.998316;	21.599986528000002;	0.8;	101484.0;	31804.8;	0.0;	0.13333333333333333;	0.2;	0.2
1378231133;	1;	2699.998316;	28.799982037333333;	1.0666666666666667;	101484.0;	31105.6;	0.0;	0.3333333333333333;	0.2;	0.2
1378231433;	1;	2699.998316;	23.14284270857143;	0.8571428571428571;	101484.0;	34639.142857142855;	0.0;	0.14285714285714285;	0.07142857142857142;	0.07142857142857142
1378231733;	1;	2699.998316;	21.599986528000002;	0.8;	101484.0;	32328.8;	0.0;	0.26666666666666666;	0.13333333333333333;	0.13333333333333333
1378232033;	1;	2699.998316;	21.599986528000002;	0.8;	101484.0;	30405.6;	0.0;	0.13333333333333333;	0.6;	0.6
1378232333;	1;	2699.998316;	32.399979791999996;	1.2;	101484.0;	41940.8;	0.0;	0.3333333333333333;	0.06666666666666667;	0.06666666666666667
1378232633;	1;	2699.998316;	23.14284270857143;	0.8571428571428571;	101484.0;	40069.42857142857;	0.0;	0.14285714285714285;	0.14285714285714285;	0.14285714285714285
1378232933;	1;	2699.998316;	21.599986528000002;	0.8;	101484.0;	30930.666666666668;	0.0;	0.13333333333333333;	0.26666666666666666;	0.2
1378233233;	1;	2699.998316;	28.799982037333333;	1.0666666666666667;	101484.0;	35299.73333333333;	0.0;	0.26666666666666666;	0.5333333333333333;	0.5333333333333333
1378233533;	1;	2699.998316;	25.199984282666666;	0.9333333333333332;	101484.0;	36349.6;	0.0;	0.13333333333333333;	0.06666666666666667;	0.06666666666666667
1378233833;	1;	2699.998316;	21.599986528000002;	0.8;	101484.0;	32677.6;	0.0;	0.2;	0.06666666666666667;	0.06666666666666667
1378234133;	1;	2699.998316;	25.199984282666666;	0.9333333333333332;	101484.0;	37571.2;	0.0;	0.3333333333333333;	0.06666666666666667;	0.06666666666666667
1378234433;	1;	2699.998316;	28.799982037333333;	1.0666666666666667;	101484.0;	33027.2;	0.0;	0.13333333333333333;	0.06666666666666667;	0.06666666666666667
1378234733;	1;	2699.998316;	21.599986528000002;	0.8;	101484.0;	33202.666666666664;	0.0;	0.26666666666666666;	0.2;	0.13333333333333333
1378235033;	1;	2699.998316;	21.599986528000002;	0.8;	101484.0;	28309.333333333332;	0.0;	0.13333333333333333;	0.13333333333333333;	0.13333333333333333
1378235333;	1;	2699.998316;	28.799982037333333;	1.0666666666666667;	101484.0;	34600.53333333333;	0.0;	0.26666666666666666;	0.2;	0.13333333333333333
1378235633;	1;	2699.998316;	25.199984282666666;	0.9333333333333332;	101484.0;	33202.4;	0.0;	0.13333333333333333;	0.6;	0.6
1378235933;	1;	2699.998316;	21.599986528000002;	0.8;	101484.0;	34426.13333333333;	0.0;	0.3333333333333333;	0.06666666666666667;	0.06666666666666667
1378236233;	1;	2699.998316;	25.199984282666666;	0.9333333333333332;	101484.0;	37223.46666666667;	0.0;	0.26666666666666666;	0.13333333333333333;	0.13333333333333333
1378236533;	1;	2699.998316;	28.799982037333333;	1.0666666666666667;	101484.0;	40892.0;	0.0;	0.13333333333333333;	0.13333333333333333;	0.13333333333333333
1378236834;	1;	2699.998316;	21.599986528000002;	0.8;	101484.0;	32678.133333333335;	0.0;	0.2;	0.7333333333333333;	0.7333333333333333
1378237134;	1;	2699.998316;	21.599986528000002;	0.8;	101484.0;	34600.26666666667;	0.0;	0.13333333333333333;	0.13333333333333333;	0.13333333333333333
1378237434;	1;	2699.998316;	28.799982037333333;	1.0666666666666667;	101484.0;	29357.333333333332;	0.0;	0.26666666666666666;	0.06666666666666667;	0.06666666666666667
1378237734;	1;	2699.998316;	25.199984282666666;	0.9333333333333332;	101484.0;	34251.46666666667;	0.0;	0.26666666666666666;	0.13333333333333333;	0.13333333333333333
1378238034;	1;	2699.998316;	21.599986528000002;	0.8;	101484.0;	30232.0;	0.0;	0.13333333333333333;	0.06666666666666667;	0.06666666666666667
1378238334;	1;	2699.998316;	28.799982037333333;	1.0666666666666667;	101484.0;	32853.333333333336;	0.0;	0.26666666666666666;	0.2;	0.2
1378238634;	1;	2699.998316;	21.599986528000002;	0.8;	101484.0;	30930.666666666668;	0.0;	0.13333333333333333;	0.06666666666666667;	0.06666666666666667
1378238934;	1;	2699.998316;	21.599986528000002;	0.8;	101484.0;	34426.13333333333;	0.0;	0.13333333333333333;	0.2;	0.2
1378239234;	1;	2699.998316;	23.399985405333336;	0.8666666666666667;	101484.0;	38969.86666666667;	0.0;	0.13333333333333333;	0.6;	0.6
1378239534;	1;	2699.998316;	28.799982037333333;	1.0666666666666667;	101484.0;	32678.933333333334;	0.0;	0.3333333333333333;	0.13333333333333333;	0.13333333333333333
1378239834;	1;	2699.998316;	23.399985405333336;	0.8666666666666667;	101484.0;	30930.4;	0.0;	0.13333333333333333;	0.13333333333333333;	0.13333333333333333
1378240134;	1;	2699.998316;	21.599986528000002;	0.8;	101484.0;	31629.333333333332;	0.0;	0.13333333333333333;	0.13333333333333333;	0.13333333333333333
1378240434;	1;	2699.998316;	26.999983160000003;	1.0;	101484.0;	35013.142857142855;	0.0;	0.21428571428571427;	0.5714285714285714;	0.5714285714285714
1378240734;	1;	2699.998316;	25.199984282666666;	0.9333333333333332;	101484.0;	35649.86666666667;	0.0;	0.13333333333333333;	0.13333333333333333;	0.13333333333333333
1378241034;	1;	2699.998316;	21.599986528000002;	0.8;	101484.0;	34252.0;	0.0;	0.2;	0.06666666666666667;	0.06666666666666667
1378241334;	1;	2699.998316;	25.199984282666666;	0.9333333333333332;	101484.0;	32679.2;	0.0;	0.3333333333333333;	0.13333333333333333;	0.13333333333333333
1378241634;	1;	2699.998316;	25.199984282666666;	0.9333333333333332;	101484.0;	30056.533333333333;	0.0;	0.13333333333333333;	0.06666666666666667;	0.06666666666666667
1378241934;	1;	2699.998316;	23.14284270857143;	0.8571428571428571;	101484.0;	35948.28571428572;	0.0;	0.2857142857142857;	0.21428571428571427;	0.21428571428571427
1378242234;	1;	2699.998316;	25.199984282666666;	0.9333333333333332;	101484.0;	33028.0;	0.0;	0.2;	0.13333333333333333;	0.13333333333333333
1378242534;	1;	2699.998316;	28.799982037333333;	1.0666666666666667;	101484.0;	33902.13333333333;	0.0;	0.26666666666666666;	0.6;	0.6
1378242834;	1;	2699.998316;	25.199984282666666;	0.9333333333333332;	101484.0;	37921.86666666667;	0.0;	0.13333333333333333;	0.6666666666666666;	0.6666666666666666
1378243134;	1;	2699.998316;	21.599986528000002;	0.8;	101484.0;	31979.2;	0.0;	0.26666666666666666;	0.2;	0.2
1378243434;	1;	2699.998316;	28.799982037333333;	1.0666666666666667;	101484.0;	30930.4;	0.0;	0.26666666666666666;	0.13333333333333333;	0.13333333333333333
1378243734;	1;	2699.998316;	26.999983160000003;	1.0;	101484.0;	31454.933333333334;	0.0;	0.2;	0.13333333333333333;	0.13333333333333333
1378244034;	1;	2699.998316;	23.399985405333336;	0.8666666666666667;	101484.0;	34425.86666666667;	0.0;	0.13333333333333333;	0.6;	0.6
1378244334;	1;	2699.998316;	23.14284270857143;	0.8571428571428571;	101484.0;	38383.42857142857;	0.0;	0.21428571428571427;	0.14285714285714285;	0.14285714285714285
1378244634;	1;	2699.998316;	25.199984282666666;	0.9333333333333332;	101484.0;	32329.333333333332;	0.0;	0.2;	0.13333333333333333;	0.13333333333333333
1378244934;	1;	2699.998316;	28.799982037333333;	1.0666666666666667;	101484.0;	36523.73333333333;	0.0;	0.2;	0.13333333333333333;	0.13333333333333333
1378245234;	1;	2699.998316;	21.599986528000002;	0.8;	101484.0;	33552.0;	0.0;	0.26666666666666666;	0.13333333333333333;	0.13333333333333333
1378245534;	1;	2699.998316;	23.14284270857143;	0.8571428571428571;	101484.0;	29582.285714285714;	0.0;	0.14285714285714285;	0.21428571428571427;	0.21428571428571427
1378245834;	1;	2699.998316;	25.199984282666666;	0.9333333333333332;	101484.0;	34251.46666666667;	0.0;	0.26666666666666666;	0.13333333333333333;	0.13333333333333333
1378246134;	1;	2699.998316;	25.199984282666666;	0.9333333333333332;	101484.0;	33552.0;	0.0;	0.2;	0.13333333333333333;	0.13333333333333333
1378246434;	1;	2699.998316;	23.14284270857143;	0.8571428571428571;	101484.0;	32390.85714285714;	0.0;	0.2857142857142857;	0.5714285714285714;	0.5714285714285714
1378246734;	1;	2699.998316;	21.599986528000002;	0.8;	101484.0;	28309.066666666666;	0.0;	0.2;	0.13333333333333333;	0.13333333333333333
1378247034;	1;	2699.998316;	28.799982037333333;	1.0666666666666667;	101484.0;	30930.4;	0.0;	0.2;	0.06666666666666667;	0.06666666666666667
1378247334;	1;	2699.998316;	25.199984282666666;	0.9333333333333332;	101484.0;	25862.666666666668;	0.0;	0.13333333333333333;	0.06666666666666667;	0.06666666666666667
1378247634;	1;	2699.998316;	23.14284270857143;	0.8571428571428571;	101484.0;	36699.71428571428;	0.0;	0.14285714285714285;	0.6428571428571429;	0.6428571428571429
1378247935;	1;	2699.998316;	26.999983160000003;	1.0;	101484.0;	40444.28571428572;	0.0;	0.21428571428571427;	0.07142857142857142;	0.0
1378248235;	1;	2699.998316;	25.199984282666666;	0.9333333333333332;	101484.0;	32503.2;	0.0;	0.13333333333333333;	0.06666666666666667;	0.06666666666666667
1378248535;	1;	2699.998316;	23.14284270857143;	0.8571428571428571;	101484.0;	33326.857142857145;	0.0;	0.21428571428571427;	0.14285714285714285;	0.14285714285714285
1378248835;	1;	2699.998316;	26.999983160000003;	1.0;	101484.0;	37447.142857142855;	0.0;	0.2857142857142857;	0.0;	0.0
1378249135;	1;	2699.998316;	26.999983160000003;	1.0;	101484.0;	30705.14285714286;	0.0;	0.14285714285714285;	0.07142857142857142;	0.07142857142857142
1378249435;	1;	2699.998316;	19.799987650666665;	0.7333333333333333;	101484.0;	36174.4;	0.0;	0.13333333333333333;	0.13333333333333333;	0.13333333333333333
1378249735;	1;	2699.998316;	25.199984282666666;	0.9333333333333332;	101484.0;	31104.8;	0.0;	0.2;	0.3333333333333333;	0.3333333333333333
1378250035;	1;	2699.998316;	25.199984282666666;	0.9333333333333332;	101484.0;	33726.4;	0.0;	0.2;	0.6;	0.6
1378250335;	1;	2699.998316;	25.199984282666666;	0.9333333333333332;	101484.0;	32153.6;	0.0;	0.3333333333333333;	0.06666666666666667;	0.0
1378250635;	1;	2699.998316;	21.599986528000002;	0.8;	101484.0;	37921.6;	0.0;	0.13333333333333333;	0.06666666666666667;	0.06666666666666667
1378250935;	1;	2699.998316;	21.599986528000002;	0.8;	101484.0;	29357.6;	0.0;	0.2;	0.06666666666666667;	0.06666666666666667
1378251235;	1;	2699.998316;	23.14284270857143;	0.8571428571428571;	101484.0;	33140.57142857143;	0.0;	0.14285714285714285;	0.5714285714285714;	0.5714285714285714
1378251536;	1;	2699.998316;	21.599986528000002;	0.8;	101484.0;	33552.26666666667;	0.0;	0.13333333333333333;	0.06666666666666667;	0.06666666666666667
1378251836;	1;	2699.998316;	17.999988773333335;	0.6666666666666667;	101484.0;	32853.333333333336;	0.0;	0.13333333333333333;	0.06666666666666667;	0.06666666666666667
1378252136;	1;	2699.998316;	25.199984282666666;	0.9333333333333332;	101484.0;	34251.73333333333;	0.0;	0.2;	0.06666666666666667;	0.06666666666666667
1378252436;	1;	2699.998316;	21.599986528000002;	0.8;	101484.0;	34775.73333333333;	0.0;	0.13333333333333333;	0.06666666666666667;	0.06666666666666667
1378252736;	1;	2699.998316;	21.599986528000002;	0.8;	101484.0;	31105.6;	0.0;	0.13333333333333333;	0.13333333333333333;	0.13333333333333333
1378253036;	1;	2699.998316;	21.599986528000002;	0.8;	101484.0;	30756.0;	0.0;	0.13333333333333333;	0.06666666666666667;	0.06666666666666667
1378253336;	1;	2699.998316;	21.599986528000002;	0.8;	101484.0;	37221.6;	0.0;	0.13333333333333333;	0.13333333333333333;	0.13333333333333333
1378253636;	1;	2699.998316;	25.199984282666666;	0.9333333333333332;	101484.0;	30756.0;	0.0;	0.26666666666666666;	0.6666666666666666;	0.6666666666666666
1378253936;	1;	2699.998316;	28.799982037333333;	1.0666666666666667;	101484.0;	29533.066666666666;	0.0;	0.26666666666666666;	0.2;	0.13333333333333333
1378254236;	1;	2699.998316;	21.599986528000002;	0.8;	101484.0;	31804.8;	0.0;	0.2;	0.06666666666666667;	0.06666666666666667
1378254536;	1;	2699.998316;	21.599986528000002;	0.8;	101484.0;	34950.4;	0.0;	0.2;	0.06666666666666667;	0.06666666666666667
1378254836;	1;	2699.998316;	21.599986528000002;	0.8;	101484.0;	36349.333333333336;	0.0;	0.13333333333333333;	0.6666666666666666;	0.6666666666666666
1378255136;	1;	2699.998316;	25.199984282666666;	0.9333333333333332;	101484.0;	27958.666666666668;	0.0;	0.2;	0.13333333333333333;	0.13333333333333333
1378255436;	1;	2699.998316;	17.999988773333335;	0.6666666666666667;	101484.0;	33203.46666666667;	0.0;	0.06666666666666667;	0.2;	0.13333333333333333
1378255736;	1;	2699.998316;	21.599986528000002;	0.8;	101484.0;	30930.933333333334;	0.0;	0.2;	0.13333333333333333;	0.13333333333333333
1378256036;	1;	2699.998316;	19.799987650666665;	0.7333333333333333;	101484.0;	35124.53333333333;	0.0;	0.2;	0.13333333333333333;	0.13333333333333333
1378256336;	1;	2699.998316;	21.599986528000002;	0.8;	101484.0;	36873.333333333336;	0.0;	0.13333333333333333;	0.2;	0.2
1378256636;	1;	2699.998316;	21.599986528000002;	0.8;	101484.0;	34776.0;	0.0;	0.13333333333333333;	0.13333333333333333;	0.13333333333333333
1378256936;	1;	2699.998316;	10.799993264000001;	0.4;	101484.0;	29183.2;	0.0;	0.06666666666666667;	0.26666666666666666;	0.26666666666666666
1378257236;	1;	2699.998316;	28.799982037333333;	1.0666666666666667;	101484.0;	31631.2;	0.0;	0.2;	0.6666666666666666;	0.6666666666666666
1378257536;	1;	2699.998316;	14.399991018666666;	0.5333333333333333;	101484.0;	32503.733333333334;	0.0;	0.13333333333333333;	0.2;	0.2
1378257836;	1;	2699.998316;	25.199984282666666;	0.9333333333333332;	101484.0;	31804.533333333333;	0.0;	0.2;	0.13333333333333333;	0.13333333333333333
1378258136;	1;	2699.998316;	25.199984282666666;	0.9333333333333332;	101484.0;	40717.86666666667;	0.0;	0.26666666666666666;	0.13333333333333333;	0.13333333333333333
1378258436;	1;	2699.998316;	25.199984282666666;	0.9333333333333332;	101484.0;	33901.066666666666;	0.0;	0.13333333333333333;	0.6;	0.6
1378258736;	1;	2699.998316;	21.599986528000002;	0.8;	101484.0;	38795.2;	0.0;	0.13333333333333333;	0.2;	0.13333333333333333
1378259036;	1;	2699.998316;	25.199984282666666;	0.9333333333333332;	101484.0;	34950.4;	0.0;	0.26666666666666666;	0.13333333333333333;	0.13333333333333333
1378259336;	1;	2699.998316;	25.199984282666666;	0.9333333333333332;	101484.0;	33553.066666666666;	0.0;	0.2;	0.2;	0.13333333333333333
1378259636;	1;	2699.998316;	25.199984282666666;	0.9333333333333332;	101484.0;	29707.2;	0.0;	0.13333333333333333;	0.13333333333333333;	0.13333333333333333
1378259936;	1;	2699.998316;	21.599986528000002;	0.8;	101484.0;	31280.266666666666;	0.0;	0.26666666666666666;	0.26666666666666666;	0.2
1378260236;	1;	2699.998316;	25.199984282666666;	0.9333333333333332;	101484.0;	30756.0;	0.0;	0.2;	0.26666666666666666;	0.26666666666666666
1378260537;	1;	2699.998316;	28.799982037333333;	1.0666666666666667;	101484.0;	33377.066666666666;	0.0;	0.2;	0.26666666666666666;	0.26666666666666666
1378260837;	1;	2699.998316;	21.599986528000002;	0.8;	101484.0;	26562.133333333335;	0.0;	0.13333333333333333;	0.6666666666666666;	0.6666666666666666
1378261137;	1;	2699.998316;	25.199984282666666;	0.9333333333333332;	101484.0;	32153.6;	0.0;	0.26666666666666666;	0.06666666666666667;	0.06666666666666667
1378261437;	1;	2699.998316;	25.199984282666666;	0.9333333333333332;	101484.0;	36523.73333333333;	0.0;	0.13333333333333333;	0.13333333333333333;	0.06666666666666667
1378261737;	1;	2699.998316;	25.199984282666666;	0.9333333333333332;	101484.0;	30755.466666666667;	0.0;	0.13333333333333333;	0.13333333333333333;	0.06666666666666667
1378262037;	1;	2699.998316;	21.599986528000002;	0.8;	101484.0;	34950.4;	0.0;	0.26666666666666666;	0.5333333333333333;	0.5333333333333333
1378262337;	1;	2699.998316;	25.199984282666666;	0.9333333333333332;	101484.0;	35823.2;	0.0;	0.13333333333333333;	0.13333333333333333;	0.13333333333333333
1378262637;	1;	2699.998316;	25.199984282666666;	0.9333333333333332;	101484.0;	27959.466666666667;	0.0;	0.26666666666666666;	0.06666666666666667;	0.06666666666666667
1378262937;	1;	2699.998316;	25.199984282666666;	0.9333333333333332;	101484.0;	29881.333333333332;	0.0;	0.2;	0.06666666666666667;	0.06666666666666667
1378263237;	1;	2699.998316;	21.599986528000002;	0.8;	101484.0;	32329.866666666665;	0.0;	0.13333333333333333;	0.06666666666666667;	0.06666666666666667
1378263537;	1;	2699.998316;	23.399985405333336;	0.8666666666666667;	101484.0;	35125.6;	0.0;	0.2;	0.13333333333333333;	0.13333333333333333
1378263837;	1;	2699.998316;	26.999983160000003;	1.0;	101484.0;	34251.73333333333;	0.0;	0.2;	0.4;	0.4
1378264137;	1;	2699.998316;	21.599986528000002;	0.8;	101484.0;	33552.26666666667;	0.0;	0.13333333333333333;	0.13333333333333333;	0.13333333333333333
1378264437;	1;	2699.998316;	21.599986528000002;	0.8;	101484.0;	28483.466666666667;	0.0;	0.13333333333333333;	0.6666666666666666;	0.6
1378264737;	1;	2699.998316;	28.799982037333333;	1.0666666666666667;	101484.0;	35998.933333333334;	0.0;	0.26666666666666666;	0.06666666666666667;	0.06666666666666667
1378265037;	1;	2699.998316;	25.199984282666666;	0.9333333333333332;	101484.0;	34075.73333333333;	0.0;	0.13333333333333333;	0.06666666666666667;	0.06666666666666667
1378265337;	1;	2699.998316;	21.599986528000002;	0.8;	101484.0;	34077.6;	0.0;	0.2;	0.06666666666666667;	0.06666666666666667
1378265637;	1;	2699.998316;	26.999983160000003;	1.0;	101484.0;	40718.666666666664;	0.0;	0.2;	0.6;	0.6
1378265937;	1;	2699.998316;	25.199984282666666;	0.9333333333333332;	101484.0;	36698.4;	0.0;	0.13333333333333333;	0.06666666666666667;	0.06666666666666667
1378266237;	1;	2699.998316;	19.799987650666665;	0.7333333333333333;	101484.0;	40019.2;	0.0;	0.13333333333333333;	0.06666666666666667;	0.06666666666666667
1378266537;	1;	2699.998316;	25.199984282666666;	0.9333333333333332;	101484.0;	36523.73333333333;	0.0;	0.26666666666666666;	0.2;	0.2
1378266837;	1;	2699.998316;	28.799982037333333;	1.0666666666666667;	101484.0;	35125.6;	0.0;	0.2;	0.06666666666666667;	0.06666666666666667
1378267137;	1;	2699.998316;	21.599986528000002;	0.8;	101484.0;	29357.866666666665;	0.0;	0.13333333333333333;	0.13333333333333333;	0.13333333333333333
1378267437;	1;	2699.998316;	25.199984282666666;	0.9333333333333332;	101484.0;	38270.933333333334;	0.0;	0.26666666666666666;	0.13333333333333333;	0.13333333333333333
1378267737;	1;	2699.998316;	28.799982037333333;	1.0666666666666667;	101484.0;	34077.6;	0.0;	0.2;	0.06666666666666667;	0.06666666666666667
1378268037;	1;	2699.998316;	21.599986528000002;	0.8;	101484.0;	34426.933333333334;	0.0;	0.13333333333333333;	0.6;	0.6
1378268338;	1;	2699.998316;	21.599986528000002;	0.8;	101484.0;	38270.4;	0.0;	0.26666666666666666;	0.06666666666666667;	0.06666666666666667
1378268638;	1;	2699.998316;	28.799982037333333;	1.0666666666666667;	101484.0;	28134.4;	0.0;	0.26666666666666666;	0.06666666666666667;	0.06666666666666667
1378268938;	1;	2699.998316;	25.199984282666666;	0.9333333333333332;	101484.0;	29883.2;	0.0;	0.13333333333333333;	0.13333333333333333;	0.06666666666666667
1378269238;	1;	2699.998316;	21.599986528000002;	0.8;	101484.0;	35823.73333333333;	0.0;	0.2;	0.6;	0.6
1378269538;	1;	2699.998316;	21.599986528000002;	0.8;	101484.0;	29708.0;	0.0;	0.13333333333333333;	0.13333333333333333;	0.13333333333333333
1378269838;	1;	2699.998316;	28.799982037333333;	1.0666666666666667;	101484.0;	35299.2;	0.0;	0.3333333333333333;	0.13333333333333333;	0.13333333333333333
1378270138;	1;	2699.998316;	25.199984282666666;	0.9333333333333332;	101484.0;	30580.8;	0.0;	0.26666666666666666;	0.13333333333333333;	0.13333333333333333
1378270438;	1;	2699.998316;	21.599986528000002;	0.8;	101484.0;	30930.4;	0.0;	0.2;	0.13333333333333333;	0.13333333333333333
1378270738;	1;	2699.998316;	25.199984282666666;	0.9333333333333332;	101484.0;	36173.6;	0.0;	0.2;	0.2;	0.2
1378271038;	1;	2699.998316;	28.799982037333333;	1.0666666666666667;	101484.0;	33376.8;	0.0;	0.2;	0.13333333333333333;	0.13333333333333333
1378271338;	1;	2699.998316;	21.599986528000002;	0.8;	101484.0;	35475.2;	0.0;	0.13333333333333333;	0.2;	0.2
1378271638;	1;	2699.998316;	25.199984282666666;	0.9333333333333332;	101484.0;	39494.4;	0.0;	0.2;	0.6666666666666666;	0.6666666666666666
1378271938;	1;	2699.998316;	28.799982037333333;	1.0666666666666667;	101484.0;	32677.866666666665;	0.0;	0.26666666666666666;	0.13333333333333333;	0.13333333333333333
1378272238;	1;	2699.998316;	21.599986528000002;	0.8;	101484.0;	32853.86666666667;	0.0;	0.13333333333333333;	0.13333333333333333;	0.13333333333333333
1378272538;	1;	2699.998316;	21.599986528000002;	0.8;	101484.0;	36349.333333333336;	0.0;	0.2;	0.13333333333333333;	0.13333333333333333
1378272838;	1;	2699.998316;	32.399979791999996;	1.2;	101484.0;	39144.8;	0.0;	0.13333333333333333;	0.6;	0.6
1378273138;	1;	2699.998316;	21.599986528000002;	0.8;	101484.0;	36523.46666666667;	0.0;	0.13333333333333333;	0.2;	0.2
1378273438;	1;	2699.998316;	21.599986528000002;	0.8;	101484.0;	31279.733333333334;	0.0;	0.13333333333333333;	0.06666666666666667;	0.06666666666666667
1378273738;	1;	2699.998316;	28.799982037333333;	1.0666666666666667;	101484.0;	39145.066666666666;	0.0;	0.3333333333333333;	0.06666666666666667;	0.06666666666666667
1378274038;	1;	2699.998316;	25.199984282666666;	0.9333333333333332;	101484.0;	36873.86666666667;	0.0;	0.13333333333333333;	0.06666666666666667;	0.06666666666666667
1378274338;	1;	2699.998316;	21.599986528000002;	0.8;	101484.0;	33377.066666666666;	0.0;	0.2;	0.06666666666666667;	0.06666666666666667
1378274638;	1;	2699.998316;	28.799982037333333;	1.0666666666666667;	101484.0;	32678.133333333335;	0.0;	0.2;	0.06666666666666667;	0.06666666666666667
1378274938;	1;	2699.998316;	25.199984282666666;	0.9333333333333332;	101484.0;	34425.066666666666;	0.0;	0.13333333333333333;	0.2;	0.2
1378275238;	1;	2699.998316;	21.599986528000002;	0.8;	101484.0;	35299.73333333333;	0.0;	0.13333333333333333;	0.6666666666666666;	0.6666666666666666
1378275538;	1;	2699.998316;	25.199984282666666;	0.9333333333333332;	101484.0;	38620.8;	0.0;	0.26666666666666666;	0.06666666666666667;	0.06666666666666667
1378275838;	1;	2699.998316;	28.799982037333333;	1.0666666666666667;	101484.0;	40194.4;	0.0;	0.2;	0.06666666666666667;	0.06666666666666667
1378276138;	1;	2699.998316;	21.599986528000002;	0.8;	101484.0;	33727.46666666667;	0.0;	0.2;	0.06666666666666667;	0.06666666666666667
1378276438;	1;	2699.998316;	21.599986528000002;	0.8;	101484.0;	38097.333333333336;	0.0;	0.13333333333333333;	0.6;	0.6
1378276738;	1;	2699.998316;	32.399979791999996;	1.2;	101484.0;	34251.73333333333;	0.0;	0.26666666666666666;	0.06666666666666667;	0.06666666666666667
1378277038;	1;	2699.998316;	21.599986528000002;	0.8;	101484.0;	34075.73333333333;	0.0;	0.2;	0.06666666666666667;	0.06666666666666667
1378277338;	1;	2699.998316;	21.599986528000002;	0.8;	101484.0;	35125.333333333336;	0.0;	0.26666666666666666;	0.06666666666666667;	0.06666666666666667
1378277638;	1;	2699.998316;	28.799982037333333;	1.0666666666666667;	101484.0;	30756.533333333333;	0.0;	0.26666666666666666;	0.06666666666666667;	0.06666666666666667
1378277938;	1;	2699.998316;	25.199984282666666;	0.9333333333333332;	101484.0;	31629.6;	0.0;	0.13333333333333333;	0.06666666666666667;	0.06666666666666667
1378278238;	1;	2699.998316;	21.599986528000002;	0.8;	101484.0;	30581.6;	0.0;	0.2;	0.06666666666666667;	0.06666666666666667
1378278538;	1;	2699.998316;	25.199984282666666;	0.9333333333333332;	101484.0;	29881.866666666665;	0.0;	0.2;	0.4;	0.3333333333333333
1378278838;	1;	2699.998316;	21.599986528000002;	0.8;	101484.0;	36522.933333333334;	0.0;	0.13333333333333333;	0.6;	0.6
1378279138;	1;	2699.998316;	17.999988773333335;	0.6666666666666667;	101484.0;	33202.13333333333;	0.0;	0.13333333333333333;	0.13333333333333333;	0.13333333333333333
1378279438;	1;	2699.998316;	25.199984282666666;	0.9333333333333332;	101484.0;	28483.466666666667;	0.0;	0.2;	0.5333333333333333;	0.5333333333333333
1378279738;	1;	2699.998316;	28.799982037333333;	1.0666666666666667;	101484.0;	33727.46666666667;	0.0;	0.2;	0.06666666666666667;	0.06666666666666667
1378280038;	1;	2699.998316;	21.599986528000002;	0.8;	101484.0;	38097.333333333336;	0.0;	0.13333333333333333;	0.6;	0.6
1378280338;	1;	2699.998316;	21.599986528000002;	0.8;	101484.0;	32504.0;	0.0;	0.13333333333333333;	0.06666666666666667;	0.06666666666666667
1378280638;	1;	2699.998316;	28.799982037333333;	1.0666666666666667;	101484.0;	31280.533333333333;	0.0;	0.26666666666666666;	0.06666666666666667;	0.06666666666666667
1378280938;	1;	2699.998316;	25.199984282666666;	0.9333333333333332;	101484.0;	33901.6;	0.0;	0.2;	0.06666666666666667;	0.06666666666666667
1378281238;	1;	2699.998316;	21.599986528000002;	0.8;	101484.0;	38097.066666666666;	0.0;	0.2;	0.13333333333333333;	0.13333333333333333
1378281538;	1;	2699.998316;	28.799982037333333;	1.0666666666666667;	101484.0;	35474.666666666664;	0.0;	0.2;	0.2;	0.2
1378281838;	1;	2699.998316;	25.199984282666666;	0.9333333333333332;	101484.0;	27435.466666666667;	0.0;	0.13333333333333333;	0.13333333333333333;	0.13333333333333333
1378282138;	1;	2699.998316;	21.599986528000002;	0.8;	101484.0;	31979.733333333334;	0.0;	0.13333333333333333;	0.2;	0.2
1378282438;	1;	2699.998316;	25.199984282666666;	0.9333333333333332;	101484.0;	30581.6;	0.0;	0.26666666666666666;	0.6666666666666666;	0.6666666666666666
1378282739;	1;	2699.998316;	25.199984282666666;	0.9333333333333332;	101484.0;	31804.8;	0.0;	0.3333333333333333;	0.13333333333333333;	0.13333333333333333
1378283039;	1;	2699.998316;	25.199984282666666;	0.9333333333333332;	101484.0;	30931.466666666667;	0.0;	0.13333333333333333;	0.13333333333333333;	0.13333333333333333
1378283339;	1;	2699.998316;	21.599986528000002;	0.8;	101484.0;	32677.6;	0.0;	0.2;	0.13333333333333333;	0.13333333333333333
1378283639;	1;	2699.998316;	25.199984282666666;	0.9333333333333332;	101484.0;	36173.333333333336;	0.0;	0.26666666666666666;	0.6;	0.6
1378283939;	1;	2699.998316;	28.799982037333333;	1.0666666666666667;	101484.0;	34252.0;	0.0;	0.13333333333333333;	0.26666666666666666;	0.26666666666666666
1378284239;	1;	2699.998316;	21.599986528000002;	0.8;	101484.0;	31804.266666666666;	0.0;	0.13333333333333333;	0.2;	0.13333333333333333
1378284539;	1;	2699.998316;	21.599986528000002;	0.8;	101484.0;	33203.2;	0.0;	0.26666666666666666;	0.13333333333333333;	0.13333333333333333
1378284839;	1;	2699.998316;	28.799982037333333;	1.0666666666666667;	101484.0;	31978.933333333334;	0.0;	0.2;	0.13333333333333333;	0.13333333333333333
1378285139;	1;	2699.998316;	25.199984282666666;	0.9333333333333332;	101484.0;	38096.53333333333;	0.0;	0.13333333333333333;	0.13333333333333333;	0.13333333333333333
1378285439;	1;	2699.998316;	21.599986528000002;	0.8;	101484.0;	33202.666666666664;	0.0;	0.2;	0.13333333333333333;	0.13333333333333333
1378285739;	1;	2699.998316;	28.799982037333333;	1.0666666666666667;	101484.0;	35300.26666666667;	0.0;	0.2;	0.2;	0.2
1378286039;	1;	2699.998316;	25.199984282666666;	0.9333333333333332;	101484.0;	41241.86666666667;	0.0;	0.13333333333333333;	0.6666666666666666;	0.6
1378286339;	1;	2699.998316;	19.799987650666665;	0.7333333333333333;	101484.0;	34775.2;	0.0;	0.2;	0.13333333333333333;	0.13333333333333333
1378286639;	1;	2699.998316;	28.799982037333333;	1.0666666666666667;	101484.0;	32852.8;	0.0;	0.2;	0.06666666666666667;	0.06666666666666667
1378286939;	1;	2699.998316;	25.199984282666666;	0.9333333333333332;	101484.0;	38096.8;	0.0;	0.2;	0.13333333333333333;	0.06666666666666667
1378287239;	1;	2699.998316;	21.599986528000002;	0.8;	101484.0;	35300.0;	0.0;	0.13333333333333333;	0.5333333333333333;	0.5333333333333333
1378287539;	1;	2699.998316;	25.199984282666666;	0.9333333333333332;	101484.0;	36172.8;	0.0;	0.26666666666666666;	0.13333333333333333;	0.13333333333333333
1378287839;	1;	2699.998316;	25.199984282666666;	0.9333333333333332;	101484.0;	33377.066666666666;	0.0;	0.13333333333333333;	0.13333333333333333;	0.06666666666666667
1378288139;	1;	2699.998316;	25.199984282666666;	0.9333333333333332;	101484.0;	34251.73333333333;	0.0;	0.2;	0.06666666666666667;	0.06666666666666667
1378288439;	1;	2699.998316;	21.599986528000002;	0.8;	101484.0;	36523.2;	0.0;	0.2;	0.06666666666666667;	0.06666666666666667
1378288739;	1;	2699.998316;	28.799982037333333;	1.0666666666666667;	101484.0;	35474.933333333334;	0.0;	0.2;	0.13333333333333333;	0.13333333333333333
1378289039;	1;	2699.998316;	25.199984282666666;	0.9333333333333332;	101484.0;	34775.46666666667;	0.0;	0.13333333333333333;	0.06666666666666667;	0.06666666666666667
1378289340;	1;	2699.998316;	21.599986528000002;	0.8;	101484.0;	32328.533333333333;	0.0;	0.26666666666666666;	0.2;	0.2
1378289640;	1;	2699.998316;	25.199984282666666;	0.9333333333333332;	101484.0;	33727.46666666667;	0.0;	0.2;	0.6;	0.6
1378289940;	1;	2699.998316;	26.999983160000003;	1.0;	101484.0;	31280.266666666666;	0.0;	0.26666666666666666;	0.06666666666666667;	0.06666666666666667
1378290240;	1;	2699.998316;	21.599986528000002;	0.8;	101484.0;	27610.4;	0.0;	0.13333333333333333;	0.06666666666666667;	0.06666666666666667
1378290540;	1;	2699.998316;	23.399985405333336;	0.8666666666666667;	101484.0;	32678.933333333334;	0.0;	0.26666666666666666;	0.13333333333333333;	0.13333333333333333
1378290840;	1;	2699.998316;	28.799982037333333;	1.0666666666666667;	101484.0;	30231.466666666667;	0.0;	0.2;	0.5333333333333333;	0.5333333333333333
1378291140;	1;	2699.998316;	21.599986528000002;	0.8;	101484.0;	34251.2;	0.0;	0.13333333333333333;	0.4666666666666667;	0.4666666666666667
1378291440;	1;	2699.998316;	23.399985405333336;	0.8666666666666667;	101484.0;	31454.933333333334;	0.0;	0.13333333333333333;	0.06666666666666667;	0.06666666666666667
1378291740;	1;	2699.998316;	28.799982037333333;	1.0666666666666667;	101484.0;	32154.4;	0.0;	0.26666666666666666;	0.06666666666666667;	0.06666666666666667
1378292040;	1;	2699.998316;	21.599986528000002;	0.8;	101484.0;	33728.0;	0.0;	0.13333333333333333;	0.13333333333333333;	0.13333333333333333
1378292340;	1;	2699.998316;	21.599986528000002;	0.8;	101484.0;	36175.2;	0.0;	0.2;	0.13333333333333333;	0.13333333333333333
1378292640;	1;	2699.998316;	28.799982037333333;	1.0666666666666667;	101484.0;	38271.46666666667;	0.0;	0.2;	0.13333333333333333;	0.06666666666666667
1378292940;	1;	2699.998316;	25.199984282666666;	0.9333333333333332;	101485.06666666667;	37921.86666666667;	0.0;	0.13333333333333333;	0.13333333333333333;	0.13333333333333333
1378293240;	1;	2699.998316;	21.599986528000002;	0.8;	101488.0;	41067.2;	0.0;	0.26666666666666666;	0.6;	0.6
1378293540;	1;	2699.998316;	25.199984282666666;	0.9333333333333332;	102578.13333333333;	36349.066666666666;	0.0;	0.26666666666666666;	0.06666666666666667;	0.06666666666666667
1378293840;	1;	2699.998316;	28.799982037333333;	1.0666666666666667;	103532.0;	30406.666666666668;	0.0;	0.13333333333333333;	0.06666666666666667;	0.06666666666666667
1378294140;	1;	2699.998316;	21.599986528000002;	0.8;	103532.0;	31804.533333333333;	0.0;	0.2;	0.06666666666666667;	0.06666666666666667
1378294440;	1;	2699.998316;	25.199984282666666;	0.9333333333333332;	103532.0;	38445.6;	0.0;	0.2;	0.5333333333333333;	0.5333333333333333
1378294740;	1;	2699.998316;	28.799982037333333;	1.0666666666666667;	103532.0;	34601.333333333336;	0.0;	0.2;	0.06666666666666667;	0.06666666666666667
1378295040;	1;	2699.998316;	19.799987650666665;	0.7333333333333333;	103532.0;	29182.133333333335;	0.0;	0.13333333333333333;	0.13333333333333333;	0.13333333333333333
1378295340;	1;	2699.998316;	25.199984282666666;	0.9333333333333332;	103532.0;	32853.6;	0.0;	0.26666666666666666;	0.13333333333333333;	0.13333333333333333
1378295640;	1;	2699.998316;	28.799982037333333;	1.0666666666666667;	103532.0;	34427.2;	0.0;	0.13333333333333333;	0.13333333333333333;	0.13333333333333333
1378295940;	1;	2699.998316;	21.599986528000002;	0.8;	103532.0;	35299.73333333333;	0.0;	0.13333333333333333;	0.2;	0.2
1378296240;	1;	2699.998316;	23.399985405333336;	0.8666666666666667;	103532.0;	36522.933333333334;	0.0;	0.13333333333333333;	0.13333333333333333;	0.13333333333333333
1378296540;	1;	2699.998316;	25.199984282666666;	0.9333333333333332;	103532.0;	35474.666666666664;	0.0;	0.26666666666666666;	0.26666666666666666;	0.26666666666666666
1378296840;	1;	2699.998316;	25.199984282666666;	0.9333333333333332;	103532.0;	32153.866666666665;	0.0;	0.13333333333333333;	0.6666666666666666;	0.6666666666666666
1378297140;	1;	2699.998316;	21.599986528000002;	0.8;	103532.0;	37221.6;	0.0;	0.3333333333333333;	0.2;	0.2
1378297441;	1;	2699.998316;	28.799982037333333;	1.0666666666666667;	103532.0;	33377.86666666667;	0.0;	0.2;	0.13333333333333333;	0.13333333333333333
1378297741;	1;	2699.998316;	25.199984282666666;	0.9333333333333332;	103532.0;	40717.86666666667;	0.0;	0.13333333333333333;	0.13333333333333333;	0.13333333333333333
1378298041;	1;	2699.998316;	21.599986528000002;	0.8;	103532.0;	41067.46666666667;	0.0;	0.2;	0.6;	0.6
1378298341;	1;	2699.998316;	25.199984282666666;	0.9333333333333332;	103532.0;	36523.2;	0.0;	0.2;	0.2;	0.2
1378298641;	1;	2699.998316;	28.799982037333333;	1.0666666666666667;	103532.0;	31455.466666666667;	0.0;	0.2;	0.13333333333333333;	0.13333333333333333
1378298941;	1;	2699.998316;	21.599986528000002;	0.8;	103532.0;	33028.8;	0.0;	0.4666666666666667;	0.2;	0.2
1378299241;	1;	2699.998316;	25.199984282666666;	0.9333333333333332;	103532.0;	29531.733333333334;	0.0;	0.13333333333333333;	0.13333333333333333;	0.13333333333333333
1378299541;	1;	2699.998316;	25.199984282666666;	0.9333333333333332;	103532.0;	33902.666666666664;	0.0;	0.2;	0.2;	0.2
1378299841;	1;	2699.998316;	25.199984282666666;	0.9333333333333332;	103532.0;	31105.6;	0.0;	0.8666666666666667;	0.06666666666666667;	0.06666666666666667
1378300141;	1;	2699.998316;	21.599986528000002;	0.8;	103532.0;	32678.133333333335;	0.0;	0.2;	0.2;	0.2
1378300441;	1;	2699.998316;	25.199984282666666;	0.9333333333333332;	103532.0;	34951.2;	0.0;	0.2;	0.6;	0.6
1378300741;	1;	2699.998316;	28.799982037333333;	1.0666666666666667;	103532.0;	37221.86666666667;	0.0;	0.26666666666666666;	0.06666666666666667;	0.06666666666666667
1378301041;	1;	2699.998316;	21.599986528000002;	0.8;	103532.0;	28657.6;	0.0;	0.13333333333333333;	0.06666666666666667;	0.06666666666666667
1378301341;	1;	2699.998316;	25.199984282666666;	0.9333333333333332;	103532.0;	32504.0;	0.0;	0.26666666666666666;	0.06666666666666667;	0.06666666666666667
1378301641;	1;	2699.998316;	28.799982037333333;	1.0666666666666667;	103532.0;	39319.46666666667;	0.0;	0.2;	0.5333333333333333;	0.5333333333333333
1378301941;	1;	2699.998316;	21.599986528000002;	0.8;	103532.0;	31455.466666666667;	0.0;	0.2;	0.06666666666666667;	0.06666666666666667
1378302241;	1;	2699.998316;	21.599986528000002;	0.8;	103532.0;	29881.6;	0.0;	0.13333333333333333;	0.06666666666666667;	0.06666666666666667
1378302541;	1;	2699.998316;	28.799982037333333;	1.0666666666666667;	103532.0;	30581.6;	0.0;	0.26666666666666666;	0.13333333333333333;	0.13333333333333333
1378302841;	1;	2699.998316;	25.199984282666666;	0.9333333333333332;	103532.0;	30406.666666666668;	0.0;	0.13333333333333333;	0.06666666666666667;	0.06666666666666667
1378303141;	1;	2699.998316;	21.599986528000002;	0.8;	103532.0;	33202.4;	0.0;	0.26666666666666666;	0.13333333333333333;	0.13333333333333333
1378303441;	1;	2699.998316;	26.999983160000003;	1.0;	103532.0;	32154.133333333335;	0.0;	0.2;	0.06666666666666667;	0.06666666666666667
1378303741;	1;	2699.998316;	25.199984282666666;	0.9333333333333332;	103532.0;	31105.866666666665;	0.0;	0.13333333333333333;	0.13333333333333333;	0.13333333333333333
1378304041;	1;	2699.998316;	21.599986528000002;	0.8;	103532.0;	34601.6;	0.0;	0.13333333333333333;	0.6;	0.6
1378304341;	1;	2699.998316;	25.199984282666666;	0.9333333333333332;	103532.0;	35125.066666666666;	0.0;	0.26666666666666666;	0.13333333333333333;	0.13333333333333333
1378304642;	1;	2699.998316;	28.799982037333333;	1.0666666666666667;	103532.0;	31978.4;	0.0;	0.2;	0.13333333333333333;	0.13333333333333333
1378304942;	1;	2699.998316;	21.599986528000002;	0.8;	103532.0;	33552.0;	0.0;	0.13333333333333333;	0.13333333333333333;	0.13333333333333333
1378305242;	1;	2699.998316;	25.199984282666666;	0.9333333333333332;	103532.0;	30930.933333333334;	0.0;	0.2;	0.6;	0.6
1378305542;	1;	2699.998316;	28.799982037333333;	1.0666666666666667;	103532.0;	37221.6;	0.0;	0.13333333333333333;	0.13333333333333333;	0.13333333333333333
1378305842;	1;	2699.998316;	21.599986528000002;	0.8;	103532.0;	31454.4;	0.0;	0.13333333333333333;	0.06666666666666667;	0.06666666666666667
1378306142;	1;	2699.998316;	25.199984282666666;	0.9333333333333332;	103532.0;	38270.933333333334;	0.0;	0.26666666666666666;	0.13333333333333333;	0.13333333333333333
1378306442;	1;	2699.998316;	28.799982037333333;	1.0666666666666667;	103532.0;	37397.333333333336;	0.0;	0.2;	0.06666666666666667;	0.06666666666666667
1378306742;	1;	2699.998316;	21.599986528000002;	0.8;	103532.0;	44037.6;	0.0;	0.13333333333333333;	0.2;	0.2
1378307042;	1;	2699.998316;	25.199984282666666;	0.9333333333333332;	103532.0;	37748.0;	0.0;	0.2;	0.06666666666666667;	0.06666666666666667
1378307342;	1;	2699.998316;	28.799982037333333;	1.0666666666666667;	103532.0;	39320.8;	0.0;	0.13333333333333333;	0.3333333333333333;	0.3333333333333333
1378307641;	1;	2699.998316;	21.599986528000002;	0.8;	103532.0;	40542.666666666664;	0.0;	0.13333333333333333;	0.6;	0.6
1378307941;	1;	2699.998316;	21.599986528000002;	0.8;	103532.0;	40368.0;	0.0;	0.13333333333333333;	0.13333333333333333;	0.13333333333333333
1378308241;	1;	2699.998316;	28.799982037333333;	1.0666666666666667;	103532.0;	37747.2;	0.0;	0.26666666666666666;	0.06666666666666667;	0.06666666666666667
1378308541;	1;	2699.998316;	25.199984282666666;	0.9333333333333332;	103532.0;	31979.2;	0.0;	0.2;	0.13333333333333333;	0.13333333333333333
1378308841;	1;	2699.998316;	21.599986528000002;	0.8;	103532.0;	35126.4;	0.0;	0.13333333333333333;	0.6;	0.6
1378309141;	1;	2699.998316;	25.199984282666666;	0.9333333333333332;	103532.0;	26736.0;	0.0;	0.2;	0.26666666666666666;	0.26666666666666666
1378309441;	1;	2699.998316;	28.799982037333333;	1.0666666666666667;	103532.0;	31454.4;	0.0;	0.26666666666666666;	0.2;	0.13333333333333333
1378309741;	1;	2699.998316;	21.599986528000002;	0.8;	103532.0;	37222.4;	0.0;	0.2;	0.13333333333333333;	0.13333333333333333
1378310041;	1;	2699.998316;	23.399985405333336;	0.8666666666666667;	103532.0;	34077.6;	0.0;	0.26666666666666666;	0.13333333333333333;	0.13333333333333333
1378310341;	1;	2699.998316;	26.999983160000003;	1.0;	103532.0;	31455.2;	0.0;	0.13333333333333333;	0.2;	0.2
1378310641;	1;	2699.998316;	25.199984282666666;	0.9333333333333332;	103532.0;	37223.2;	0.0;	0.13333333333333333;	0.13333333333333333;	0.13333333333333333
1378310941;	1;	2699.998316;	21.599986528000002;	0.8;	103532.0;	32503.2;	0.0;	0.2;	0.26666666666666666;	0.26666666666666666
1378311241;	1;	2699.998316;	25.199984282666666;	0.9333333333333332;	103532.0;	34426.666666666664;	0.0;	0.2;	0.6666666666666666;	0.6666666666666666
1378311541;	1;	2699.998316;	28.799982037333333;	1.0666666666666667;	103532.0;	39319.2;	0.0;	0.3333333333333333;	0.13333333333333333;	0.13333333333333333
1378311842;	1;	2699.998316;	21.599986528000002;	0.8;	103532.0;	35126.4;	0.0;	0.13333333333333333;	0.2;	0.2
1378312142;	1;	2699.998316;	25.199984282666666;	0.9333333333333332;	103532.0;	39145.333333333336;	0.0;	0.26666666666666666;	0.13333333333333333;	0.13333333333333333
1378312442;	1;	2699.998316;	25.199984282666666;	0.9333333333333332;	103532.0;	37747.2;	0.0;	0.13333333333333333;	0.6;	0.6
1378312742;	1;	2699.998316;	25.199984282666666;	0.9333333333333332;	103532.0;	32504.533333333333;	0.0;	0.13333333333333333;	0.2;	0.2
1378313042;	1;	2699.998316;	21.599986528000002;	0.8;	103532.0;	36174.4;	0.0;	0.13333333333333333;	0.13333333333333333;	0.13333333333333333
1378313342;	1;	2699.998316;	28.799982037333333;	1.0666666666666667;	103532.0;	38446.13333333333;	0.0;	0.3333333333333333;	0.06666666666666667;	0.06666666666666667
1378313642;	1;	2699.998316;	25.199984282666666;	0.9333333333333332;	103532.0;	35125.333333333336;	0.0;	0.13333333333333333;	0.13333333333333333;	0.13333333333333333
1378313942;	1;	2699.998316;	21.599986528000002;	0.8;	103532.0;	33552.0;	0.0;	0.26666666666666666;	0.13333333333333333;	0.13333333333333333
1378314242;	1;	2699.998316;	23.399985405333336;	0.8666666666666667;	103532.0;	34600.8;	0.0;	0.2;	0.06666666666666667;	0.06666666666666667
1378314542;	1;	2699.998316;	28.799982037333333;	1.0666666666666667;	103532.0;	29881.6;	0.0;	0.13333333333333333;	0.4666666666666667;	0.4666666666666667
1378314842;	1;	2699.998316;	21.599986528000002;	0.8;	103532.0;	29357.6;	0.0;	0.13333333333333333;	0.6666666666666666;	0.6666666666666666
1378315142;	1;	2699.998316;	25.199984282666666;	0.9333333333333332;	103532.0;	26561.066666666666;	0.0;	0.2;	0.13333333333333333;	0.13333333333333333
1378315442;	1;	2699.998316;	28.799982037333333;	1.0666666666666667;	103532.0;	28833.6;	0.0;	0.2;	0.13333333333333333;	0.06666666666666667
1378315742;	1;	2699.998316;	21.599986528000002;	0.8;	103532.0;	30931.2;	0.0;	0.13333333333333333;	0.13333333333333333;	0.06666666666666667
1378316042;	1;	2699.998316;	21.599986528000002;	0.8;	103532.0;	31279.733333333334;	0.0;	0.13333333333333333;	0.6;	0.6
1378316342;	1;	2699.998316;	28.799982037333333;	1.0666666666666667;	103532.0;	28832.8;	0.0;	0.26666666666666666;	0.06666666666666667;	0.06666666666666667
1378316642;	1;	2699.998316;	25.199984282666666;	0.9333333333333332;	103532.0;	34426.4;	0.0;	0.13333333333333333;	0.06666666666666667;	0.06666666666666667
1378316942;	1;	2699.998316;	21.599986528000002;	0.8;	103532.0;	37747.2;	0.0;	0.26666666666666666;	0.06666666666666667;	0.06666666666666667
1378317242;	1;	2699.998316;	25.199984282666666;	0.9333333333333332;	103532.0;	31629.6;	0.0;	0.2;	0.06666666666666667;	0.06666666666666667
1378317542;	1;	2699.998316;	28.799982037333333;	1.0666666666666667;	103532.0;	28833.6;	0.0;	0.13333333333333333;	0.06666666666666667;	0.06666666666666667
1378317842;	1;	2699.998316;	21.599986528000002;	0.8;	103532.0;	28310.4;	0.0;	0.13333333333333333;	0.06666666666666667;	0.13333333333333333
1378318142;	1;	2699.998316;	21.599986528000002;	0.8;	103532.0;	29357.6;	0.0;	0.13333333333333333;	0.13333333333333333;	0.13333333333333333
1378318442;	1;	2699.998316;	32.399979791999996;	1.2;	103532.0;	33552.0;	0.0;	0.26666666666666666;	0.6;	0.6
1378318742;	1;	2699.998316;	25.199984282666666;	0.9333333333333332;	103532.0;	37048.26666666667;	0.0;	0.2;	0.2;	0.13333333333333333
1378319042;	1;	2699.998316;	21.599986528000002;	0.8;	103532.0;	41940.8;	0.0;	0.2;	0.06666666666666667;	0.06666666666666667
1378319342;	1;	2699.998316;	28.799982037333333;	1.0666666666666667;	103532.0;	37222.4;	0.0;	0.2;	0.06666666666666667;	0.06666666666666667
1378319642;	1;	2699.998316;	25.199984282666666;	0.9333333333333332;	103532.0;	36173.6;	0.0;	0.2;	0.7333333333333333;	0.7333333333333333
1378319942;	1;	2699.998316;	21.599986528000002;	0.8;	103532.0;	32503.2;	0.0;	0.26666666666666666;	0.06666666666666667;	0.06666666666666667
1378320243;	1;	2699.998316;	25.199984282666666;	0.9333333333333332;	103532.0;	30232.0;	0.0;	0.2;	0.06666666666666667;	0.06666666666666667
1378320543;	1;	2699.998316;	28.799982037333333;	1.0666666666666667;	103532.0;	38795.2;	0.0;	0.3333333333333333;	0.13333333333333333;	0.13333333333333333
1378320843;	1;	2699.998316;	21.599986528000002;	0.8;	103532.0;	39320.0;	0.0;	0.13333333333333333;	0.06666666666666667;	0.06666666666666667
1378321143;	1;	2699.998316;	21.599986528000002;	0.8;	103532.0;	31978.933333333334;	0.0;	0.13333333333333333;	0.13333333333333333;	0.13333333333333333
1378321443;	1;	2699.998316;	28.799982037333333;	1.0666666666666667;	103532.0;	37747.2;	0.0;	0.2;	0.13333333333333333;	0.06666666666666667
1378321743;	1;	2699.998316;	25.199984282666666;	0.9333333333333332;	103532.0;	35650.4;	0.0;	0.13333333333333333;	0.2;	0.13333333333333333
1378322043;	1;	2699.998316;	21.599986528000002;	0.8;	103532.0;	34600.8;	0.0;	0.26666666666666666;	0.6666666666666666;	0.6666666666666666
1378322343;	1;	2699.998316;	28.799982037333333;	1.0666666666666667;	103532.0;	28308.266666666666;	0.0;	0.3333333333333333;	0.2;	0.06666666666666667
1378322643;	1;	2699.998316;	25.199984282666666;	0.9333333333333332;	103532.0;	34077.6;	0.0;	0.13333333333333333;	0.13333333333333333;	0.06666666666666667
1378322943;	1;	2699.998316;	21.599986528000002;	0.8;	103532.0;	29880.8;	0.0;	0.2;	0.13333333333333333;	0.13333333333333333
1378323243;	1;	2699.998316;	28.799982037333333;	1.0666666666666667;	103532.0;	34600.8;	0.0;	0.2;	0.6;	0.6
1378323543;	1;	2699.998316;	14.399991018666666;	0.5333333333333333;	103532.0;	29182.4;	0.0;	0.06666666666666667;	0.13333333333333333;	0.13333333333333333
1378323843;	1;	2699.998316;	21.599986528000002;	0.8;	103532.0;	31105.333333333332;	0.0;	0.26666666666666666;	0.2;	0.2
1378324143;	1;	2699.998316;	21.599986528000002;	0.8;	103532.0;	33552.8;	0.0;	0.2;	0.2;	0.13333333333333333
1378324443;	1;	2699.998316;	25.199984282666666;	0.9333333333333332;	103532.0;	32852.26666666667;	0.0;	0.2;	0.13333333333333333;	0.13333333333333333
1378324743;	1;	2699.998316;	28.799982037333333;	1.0666666666666667;	103532.0;	37223.2;	0.0;	0.2;	0.3333333333333333;	0.26666666666666666
1378325043;	1;	2699.998316;	21.599986528000002;	0.8;	103532.0;	33551.2;	0.0;	0.13333333333333333;	0.13333333333333333;	0.13333333333333333
1378325343;	1;	2699.998316;	25.199984282666666;	0.9333333333333332;	103532.0;	32503.2;	0.0;	0.2;	0.26666666666666666;	0.2
1378325643;	1;	2699.998316;	28.799982037333333;	1.0666666666666667;	103532.0;	32504.0;	0.0;	0.2;	0.7333333333333333;	0.7333333333333333
1378325943;	1;	2699.998316;	21.599986528000002;	0.8;	103532.0;	33552.0;	0.0;	0.2;	0.13333333333333333;	0.13333333333333333
1378326243;	1;	2699.998316;	28.799982037333333;	1.0666666666666667;	103532.0;	36874.13333333333;	0.0;	0.2;	0.13333333333333333;	0.13333333333333333
1378326543;	1;	2699.998316;	25.199984282666666;	0.9333333333333332;	103532.0;	40892.8;	0.0;	0.13333333333333333;	0.2;	0.2
1378326843;	1;	2699.998316;	21.599986528000002;	0.8;	103532.0;	34076.8;	0.0;	0.2;	0.6;	0.6
1378327143;	1;	2699.998316;	28.799982037333333;	1.0666666666666667;	103532.0;	34076.8;	0.0;	0.3333333333333333;	0.13333333333333333;	0.13333333333333333
1378327443;	1;	2699.998316;	25.199984282666666;	0.9333333333333332;	103532.0;	31455.2;	0.0;	0.13333333333333333;	0.13333333333333333;	0.13333333333333333
1378327743;	1;	2699.998316;	21.599986528000002;	0.8;	103532.0;	31455.2;	0.0;	0.26666666666666666;	0.06666666666666667;	0.06666666666666667
1378328043;	1;	2699.998316;	28.799982037333333;	1.0666666666666667;	103532.0;	31280.533333333333;	0.0;	0.2;	0.06666666666666667;	0.06666666666666667
1378328343;	1;	2699.998316;	25.199984282666666;	0.9333333333333332;	103532.0;	38096.26666666667;	0.0;	0.13333333333333333;	0.13333333333333333;	0.13333333333333333
1378328643;	1;	2699.998316;	21.599986528000002;	0.8;	103532.0;	38795.2;	0.0;	0.2;	0.06666666666666667;	0.06666666666666667
1378328943;	1;	2699.998316;	28.799982037333333;	1.0666666666666667;	103532.0;	33727.73333333333;	0.0;	0.2;	0.13333333333333333;	0.13333333333333333
1378329244;	1;	2699.998316;	25.199984282666666;	0.9333333333333332;	103532.0;	35125.6;	0.0;	0.13333333333333333;	0.6666666666666666;	0.6
1378329544;	1;	2699.998316;	21.599986528000002;	0.8;	103532.0;	37222.4;	0.0;	0.2;	0.06666666666666667;	0.06666666666666667
1378329844;	1;	2699.998316;	25.199984282666666;	0.9333333333333332;	103532.0;	32853.066666666666;	0.0;	0.2;	0.06666666666666667;	0.06666666666666667
1378330144;	1;	2699.998316;	28.799982037333333;	1.0666666666666667;	103532.0;	32504.0;	0.0;	0.2;	0.06666666666666667;	0.06666666666666667
1378330444;	1;	2699.998316;	21.599986528000002;	0.8;	103532.0;	35124.8;	0.0;	0.13333333333333333;	0.5333333333333333;	0.5333333333333333
1378330744;	1;	2699.998316;	25.199984282666666;	0.9333333333333332;	103532.0;	33552.0;	0.0;	0.2;	0.13333333333333333;	0.13333333333333333
1378331044;	1;	2699.998316;	28.799982037333333;	1.0666666666666667;	103532.0;	36699.2;	0.0;	0.2;	0.06666666666666667;	0.06666666666666667
1378331344;	1;	2699.998316;	21.599986528000002;	0.8;	103532.0;	37047.73333333333;	0.0;	0.2;	0.06666666666666667;	0.06666666666666667
1378331644;	1;	2699.998316;	25.199984282666666;	0.9333333333333332;	103532.0;	38272.0;	0.0;	0.2;	0.5333333333333333;	0.5333333333333333
1378331944;	1;	2699.998316;	28.799982037333333;	1.0666666666666667;	103532.0;	38796.0;	0.0;	0.13333333333333333;	0.13333333333333333;	0.13333333333333333
1378332244;	1;	2699.998316;	21.599986528000002;	0.8;	103532.0;	39320.8;	0.0;	0.2;	0.06666666666666667;	0.06666666666666667
1378332544;	1;	2699.998316;	21.599986528000002;	0.8;	103532.0;	37222.4;	0.0;	0.13333333333333333;	0.13333333333333333;	0.13333333333333333
1378332844;	1;	2699.998316;	28.799982037333333;	1.0666666666666667;	103532.0;	35474.666666666664;	0.0;	0.2;	0.6;	0.6
1378333144;	1;	2699.998316;	25.199984282666666;	0.9333333333333332;	103532.0;	36174.4;	0.0;	0.26666666666666666;	0.2;	0.2
1378333444;	1;	2699.998316;	21.599986528000002;	0.8;	103532.0;	35125.6;	0.0;	0.13333333333333333;	0.06666666666666667;	0.06666666666666667
1378333744;	1;	2699.998316;	28.799982037333333;	1.0666666666666667;	103532.0;	35649.86666666667;	0.0;	0.2;	0.06666666666666667;	0.06666666666666667
1378334044;	1;	2699.998316;	25.199984282666666;	0.9333333333333332;	103532.0;	35125.6;	0.0;	0.13333333333333333;	0.6;	0.6
1378334344;	1;	2699.998316;	21.599986528000002;	0.8;	103532.0;	40368.8;	0.0;	0.2;	0.06666666666666667;	0.06666666666666667
1378334644;	1;	2699.998316;	28.799982037333333;	1.0666666666666667;	103532.0;	36173.6;	0.0;	0.26666666666666666;	0.2;	0.2
1378334944;	1;	2699.998316;	25.199984282666666;	0.9333333333333332;	103532.0;	33728.0;	0.0;	0.26666666666666666;	0.2;	0.2
1378335244;	1;	2699.998316;	21.599986528000002;	0.8;	103532.0;	33028.8;	0.0;	0.2;	0.13333333333333333;	0.13333333333333333
1378335544;	1;	2699.998316;	26.999983160000003;	1.0;	103532.0;	33552.0;	0.0;	0.2;	0.2;	0.2
1378335844;	1;	2699.998316;	25.199984282666666;	0.9333333333333332;	103532.0;	34601.6;	0.0;	0.13333333333333333;	0.2;	0.2
1378336144;	1;	2699.998316;	21.599986528000002;	0.8;	103532.0;	30406.4;	0.0;	0.13333333333333333;	0.4;	0.4
1378336444;	1;	2699.998316;	25.199984282666666;	0.9333333333333332;	103532.0;	37747.2;	0.0;	0.26666666666666666;	0.8;	0.8
1378336744;	1;	2699.998316;	28.799982037333333;	1.0666666666666667;	103532.0;	37223.2;	0.0;	0.2;	0.13333333333333333;	0.13333333333333333
1378337045;	1;	2699.998316;	21.599986528000002;	0.8;	103532.0;	40369.6;	0.0;	0.13333333333333333;	0.13333333333333333;	0.13333333333333333
1378337345;	1;	2699.998316;	23.399985405333336;	0.8666666666666667;	103532.0;	39319.2;	0.0;	0.26666666666666666;	0.13333333333333333;	0.13333333333333333
1378337645;	1;	2699.998316;	28.799982037333333;	1.0666666666666667;	103532.0;	38271.46666666667;	0.0;	0.13333333333333333;	0.6666666666666666;	0.6666666666666666
1378337945;	1;	2699.998316;	21.599986528000002;	0.8;	103532.0;	29358.4;	0.0;	0.13333333333333333;	0.13333333333333333;	0.13333333333333333
1378338245;	1;	2699.998316;	25.199984282666666;	0.9333333333333332;	103532.0;	38271.46666666667;	0.0;	0.2;	0.13333333333333333;	0.13333333333333333
1378338545;	1;	2699.998316;	28.799982037333333;	1.0666666666666667;	103532.0;	38271.73333333333;	0.0;	0.26666666666666666;	0.13333333333333333;	0.13333333333333333
1378338845;	1;	2699.998316;	21.599986528000002;	0.8;	103532.0;	38620.0;	0.0;	0.2;	0.06666666666666667;	0.06666666666666667
1378339145;	1;	2699.998316;	25.199984282666666;	0.9333333333333332;	103532.0;	35649.6;	0.0;	0.2;	0.13333333333333333;	0.13333333333333333
1378339445;	1;	2699.998316;	28.799982037333333;	1.0666666666666667;	103532.0;	32329.6;	0.0;	0.13333333333333333;	0.06666666666666667;	0.06666666666666667
1378339745;	1;	2699.998316;	21.599986528000002;	0.8;	103532.0;	33027.46666666667;	0.0;	0.13333333333333333;	0.26666666666666666;	0.2
1378340045;	1;	2699.998316;	23.399985405333336;	0.8666666666666667;	103532.0;	35650.4;	0.0;	0.2;	0.6666666666666666;	0.6666666666666666
1378340345;	1;	2699.998316;	26.999983160000003;	1.0;	103532.0;	39844.53333333333;	0.0;	0.26666666666666666;	0.06666666666666667;	0.06666666666666667
1378340645;	1;	2699.998316;	19.799987650666665;	0.7333333333333333;	103532.0;	37221.86666666667;	0.0;	0.13333333333333333;	0.06666666666666667;	0.06666666666666667
1378340945;	1;	2699.998316;	25.199984282666666;	0.9333333333333332;	103532.0;	33027.46666666667;	0.0;	0.13333333333333333;	0.5333333333333333;	0.5333333333333333
1378341245;	1;	2699.998316;	28.799982037333333;	1.0666666666666667;	103532.0;	29356.8;	0.0;	0.3333333333333333;	0.6;	0.6
1378341545;	1;	2699.998316;	21.599986528000002;	0.8;	103532.0;	36698.4;	0.0;	0.13333333333333333;	0.06666666666666667;	0.06666666666666667
1378341845;	1;	2699.998316;	21.599986528000002;	0.8;	103532.0;	38620.53333333333;	0.0;	0.2;	0.26666666666666666;	0.13333333333333333
1378342145;	1;	2699.998316;	28.799982037333333;	1.0666666666666667;	103532.0;	33203.2;	0.0;	0.26666666666666666;	0.13333333333333333;	0.13333333333333333
1378342445;	1;	2699.998316;	25.199984282666666;	0.9333333333333332;	103532.0;	37398.13333333333;	0.0;	0.13333333333333333;	0.06666666666666667;	0.06666666666666667
1378342745;	1;	2699.998316;	21.599986528000002;	0.8;	103532.0;	33203.2;	0.0;	0.2;	0.13333333333333333;	0.13333333333333333
1378343045;	1;	2699.998316;	28.799982037333333;	1.0666666666666667;	103532.0;	33028.8;	0.0;	0.2;	0.06666666666666667;	0.06666666666666667
1378343345;	1;	2699.998316;	25.199984282666666;	0.9333333333333332;	103532.0;	35824.0;	0.0;	0.13333333333333333;	0.13333333333333333;	0.13333333333333333
1378343645;	1;	2699.998316;	21.599986528000002;	0.8;	103532.0;	30930.933333333334;	0.0;	0.2;	0.6;	0.6
1378343945;	1;	2699.998316;	28.799982037333333;	1.0666666666666667;	103532.0;	32153.866666666665;	0.0;	0.26666666666666666;	0.13333333333333333;	0.13333333333333333
1378344245;	1;	2699.998316;	25.199984282666666;	0.9333333333333332;	103532.0;	35649.333333333336;	0.0;	0.2;	0.06666666666666667;	0.06666666666666667
1378344545;	1;	2699.998316;	21.599986528000002;	0.8;	103532.0;	31630.4;	0.0;	0.13333333333333333;	0.06666666666666667;	0.06666666666666667
1378344845;	1;	2699.998316;	23.399985405333336;	0.8666666666666667;	103532.0;	33378.666666666664;	0.0;	0.2;	0.6;	0.6
1378345145;	1;	2699.998316;	28.799982037333333;	1.0666666666666667;	103532.0;	35649.86666666667;	0.0;	0.13333333333333333;	0.06666666666666667;	0.06666666666666667
1378345445;	1;	2699.998316;	21.599986528000002;	0.8;	103532.0;	36175.2;	0.0;	0.13333333333333333;	0.13333333333333333;	0.13333333333333333
1378345745;	1;	2699.998316;	25.199984282666666;	0.9333333333333332;	103532.0;	31105.333333333332;	0.0;	0.26666666666666666;	0.06666666666666667;	0.06666666666666667
1378346045;	1;	2699.998316;	28.799982037333333;	1.0666666666666667;	103532.0;	40194.13333333333;	0.0;	0.2;	0.06666666666666667;	0.06666666666666667
1378346345;	1;	2699.998316;	21.599986528000002;	0.8;	103532.0;	31454.933333333334;	0.0;	0.13333333333333333;	0.13333333333333333;	0.13333333333333333
1378346645;	1;	2699.998316;	25.199984282666666;	0.9333333333333332;	103532.0;	41242.13333333333;	0.0;	0.26666666666666666;	0.06666666666666667;	0.06666666666666667
1378346945;	1;	2699.998316;	28.799982037333333;	1.0666666666666667;	103532.0;	34426.13333333333;	0.0;	0.13333333333333333;	0.26666666666666666;	0.2
1378347245;	1;	2699.998316;	21.599986528000002;	0.8;	103532.0;	30755.733333333334;	0.0;	0.13333333333333333;	0.7333333333333333;	0.7333333333333333
1378347545;	1;	2699.998316;	21.599986528000002;	0.8;	103532.0;	33377.86666666667;	0.0;	0.26666666666666666;	0.13333333333333333;	0.13333333333333333
1378347845;	1;	2699.998316;	28.799982037333333;	1.0666666666666667;	103532.0;	35999.2;	0.0;	0.2;	0.2;	0.2
1378348145;	1;	2699.998316;	25.199984282666666;	0.9333333333333332;	103532.0;	35474.666666666664;	0.0;	0.13333333333333333;	0.13333333333333333;	0.13333333333333333
1378348445;	1;	2699.998316;	21.599986528000002;	0.8;	103532.0;	32154.4;	0.0;	0.13333333333333333;	0.6;	0.6
1378348745;	1;	2699.998316;	23.399985405333336;	0.8666666666666667;	103532.0;	29008.533333333333;	0.0;	0.2;	0.13333333333333333;	0.13333333333333333
1378349045;	1;	2699.998316;	26.999983160000003;	1.0;	103532.0;	37571.46666666667;	0.0;	0.2;	0.2;	0.2
1378349345;	1;	2699.998316;	21.599986528000002;	0.8;	103532.0;	34426.933333333334;	0.0;	0.2;	0.13333333333333333;	0.13333333333333333
1378349645;	1;	2699.998316;	25.199984282666666;	0.9333333333333332;	103532.0;	34950.666666666664;	0.0;	0.2;	0.13333333333333333;	0.13333333333333333
1378349945;	1;	2699.998316;	28.799982037333333;	1.0666666666666667;	103532.0;	34076.53333333333;	0.0;	0.13333333333333333;	0.2;	0.2
1378350245;	1;	2699.998316;	21.599986528000002;	0.8;	103532.0;	30056.8;	0.0;	0.13333333333333333;	0.13333333333333333;	0.13333333333333333
1378350545;	1;	2699.998316;	25.199984282666666;	0.9333333333333332;	103532.0;	27958.933333333334;	0.0;	0.26666666666666666;	0.2;	0.2
1378350845;	1;	2699.998316;	28.799982037333333;	1.0666666666666667;	103532.0;	33202.13333333333;	0.0;	0.13333333333333333;	0.6666666666666666;	0.6
1378351145;	1;	2699.998316;	21.599986528000002;	0.8;	103532.0;	32504.266666666666;	0.0;	0.2;	0.06666666666666667;	0.06666666666666667
1378351445;	1;	2699.998316;	25.199984282666666;	0.9333333333333332;	103532.0;	30756.0;	0.0;	0.2;	0.06666666666666667;	0.06666666666666667
1378351745;	1;	2699.998316;	28.799982037333333;	1.0666666666666667;	103532.0;	34251.73333333333;	0.0;	0.2;	0.13333333333333333;	0.13333333333333333
1378352046;	1;	2699.998316;	21.599986528000002;	0.8;	103532.0;	34950.666666666664;	0.0;	0.13333333333333333;	0.6666666666666666;	0.6666666666666666
1378352346;	1;	2699.998316;	21.599986528000002;	0.8;	103532.0;	36698.13333333333;	0.0;	0.13333333333333333;	0.06666666666666667;	0.06666666666666667
1378352646;	1;	2699.998316;	21.599986528000002;	0.8;	103532.0;	30930.4;	0.0;	0.13333333333333333;	0.13333333333333333;	0.13333333333333333
1378352946;	1;	2699.998316;	32.399979791999996;	1.2;	103532.0;	32153.333333333332;	0.0;	0.26666666666666666;	0.06666666666666667;	0.06666666666666667
1378353246;	1;	2699.998316;	21.599986528000002;	0.8;	103532.0;	27785.066666666666;	0.0;	0.13333333333333333;	0.13333333333333333;	0.13333333333333333
1378353546;	1;	2699.998316;	21.599986528000002;	0.8;	103532.0;	29532.533333333333;	0.0;	0.2;	0.13333333333333333;	0.13333333333333333
1378353846;	1;	2699.998316;	28.799982037333333;	1.0666666666666667;	103532.0;	29182.933333333334;	0.0;	0.2;	0.06666666666666667;	0.06666666666666667
1378354146;	1;	2699.998316;	25.199984282666666;	0.9333333333333332;	103532.0;	33028.53333333333;	0.0;	0.13333333333333333;	0.2;	0.2
1378354446;	1;	2699.998316;	21.599986528000002;	0.8;	103532.0;	41941.6;	0.0;	0.26666666666666666;	0.6666666666666666;	0.6666666666666666
1378354746;	1;	2699.998316;	28.799982037333333;	1.0666666666666667;	103532.0;	38795.2;	0.0;	0.2;	0.06666666666666667;	0.06666666666666667
1378355046;	1;	2699.998316;	23.399985405333336;	0.8666666666666667;	103532.0;	36872.8;	0.0;	0.2;	0.06666666666666667;	0.06666666666666667
1378355346;	1;	2699.998316;	21.599986528000002;	0.8;	103532.0;	35300.26666666667;	0.0;	0.13333333333333333;	0.2;	0.13333333333333333
1378355646;	1;	2699.998316;	25.199984282666666;	0.9333333333333332;	103532.0;	41068.0;	0.0;	0.2;	0.5333333333333333;	0.5333333333333333
1378355946;	1;	2699.998316;	28.799982037333333;	1.0666666666666667;	103532.0;	37397.333333333336;	0.0;	0.26666666666666666;	0.06666666666666667;	0.06666666666666667
1378356246;	1;	2699.998316;	21.599986528000002;	0.8;	103532.0;	38970.933333333334;	0.0;	0.13333333333333333;	0.06666666666666667;	0.06666666666666667
1378356546;	1;	2699.998316;	21.599986528000002;	0.8;	103532.0;	31978.666666666668;	0.0;	0.26666666666666666;	0.06666666666666667;	0.06666666666666667
1378356846;	1;	2699.998316;	28.799982037333333;	1.0666666666666667;	103532.0;	34600.8;	0.0;	0.26666666666666666;	0.06666666666666667;	0.06666666666666667
1378357146;	1;	2699.998316;	25.199984282666666;	0.9333333333333332;	103532.0;	33378.13333333333;	0.0;	0.13333333333333333;	0.06666666666666667;	0.06666666666666667
1378357446;	1;	2699.998316;	21.599986528000002;	0.8;	103532.0;	31803.733333333334;	0.0;	0.26666666666666666;	0.06666666666666667;	0.06666666666666667
1378357746;	1;	2699.998316;	26.999983160000003;	1.0;	103532.0;	31454.666666666668;	0.0;	0.26666666666666666;	0.26666666666666666;	0.2
1378358046;	1;	2699.998316;	25.199984282666666;	0.9333333333333332;	103532.0;	32678.666666666668;	0.0;	0.13333333333333333;	0.6;	0.6
1378358346;	1;	2699.998316;	21.599986528000002;	0.8;	103532.0;	36349.066666666666;	0.0;	0.2;	0.06666666666666667;	0.06666666666666667
1378358646;	1;	2699.998316;	25.199984282666666;	0.9333333333333332;	103532.0;	31454.933333333334;	0.0;	0.26666666666666666;	0.06666666666666667;	0.06666666666666667
1378358947;	1;	2699.998316;	28.799982037333333;	1.0666666666666667;	103532.0;	33203.2;	0.0;	0.13333333333333333;	0.06666666666666667;	0.06666666666666667
1378359247;	1;	2699.998316;	21.599986528000002;	0.8;	103532.0;	33551.2;	0.0;	0.13333333333333333;	0.6;	0.6
1378359547;	1;	2699.998316;	25.199984282666666;	0.9333333333333332;	103532.0;	29707.466666666667;	0.0;	0.13333333333333333;	0.06666666666666667;	0.06666666666666667
1378359847;	1;	2699.998316;	25.199984282666666;	0.9333333333333332;	103532.0;	32678.933333333334;	0.0;	0.26666666666666666;	0.2;	0.2
1378360147;	1;	2699.998316;	25.199984282666666;	0.9333333333333332;	103532.0;	31105.6;	0.0;	0.2;	0.2;	0.2
1378360447;	1;	2699.998316;	21.599986528000002;	0.8;	103532.0;	34426.666666666664;	0.0;	0.13333333333333333;	0.13333333333333333;	0.13333333333333333
1378360747;	1;	2699.998316;	28.799982037333333;	1.0666666666666667;	103532.0;	34601.333333333336;	0.0;	0.2;	0.2;	0.2
1378361047;	1;	2699.998316;	25.199984282666666;	0.9333333333333332;	103532.0;	31979.2;	0.0;	0.13333333333333333;	0.13333333333333333;	0.13333333333333333
1378361347;	1;	2699.998316;	21.599986528000002;	0.8;	103532.0;	33203.46666666667;	0.0;	0.2;	0.2;	0.2
1378361647;	1;	2699.998316;	28.799982037333333;	1.0666666666666667;	103532.0;	35474.4;	0.0;	0.26666666666666666;	1.0666666666666667;	1.0666666666666667
1378361947;	1;	2699.998316;	25.199984282666666;	0.9333333333333332;	103532.0;	38795.2;	0.0;	0.2;	0.13333333333333333;	0.13333333333333333
1378362247;	1;	2699.998316;	21.599986528000002;	0.8;	103532.0;	32153.6;	0.0;	0.13333333333333333;	0.13333333333333333;	0.13333333333333333
1378362547;	1;	2699.998316;	25.199984282666666;	0.9333333333333332;	103532.0;	32853.066666666666;	0.0;	0.2;	0.13333333333333333;	0.13333333333333333
1378362847;	1;	2699.998316;	26.999983160000003;	1.0;	103532.0;	31630.4;	0.0;	0.26666666666666666;	0.6;	0.6
1378363147;	1;	2699.998316;	21.599986528000002;	0.8;	103532.0;	31804.8;	0.0;	0.13333333333333333;	0.13333333333333333;	0.13333333333333333
1378363447;	1;	2699.998316;	21.599986528000002;	0.8;	103532.0;	33552.8;	0.0;	0.13333333333333333;	0.26666666666666666;	0.26666666666666666
1378363747;	1;	2699.998316;	28.799982037333333;	1.0666666666666667;	103532.0;	30931.2;	0.0;	0.26666666666666666;	0.13333333333333333;	0.13333333333333333
1378364047;	1;	2699.998316;	25.199984282666666;	0.9333333333333332;	103532.0;	32678.933333333334;	0.0;	0.13333333333333333;	0.06666666666666667;	0.06666666666666667
1378364347;	1;	2699.998316;	21.599986528000002;	0.8;	103532.0;	30230.933333333334;	0.0;	0.2;	0.13333333333333333;	0.13333333333333333
1378364647;	1;	2699.998316;	25.199984282666666;	0.9333333333333332;	103532.0;	34250.933333333334;	0.0;	0.2;	0.06666666666666667;	0.06666666666666667
1378364947;	1;	2699.998316;	28.799982037333333;	1.0666666666666667;	103532.0;	34251.73333333333;	0.0;	0.13333333333333333;	0.26666666666666666;	0.26666666666666666
1378365247;	1;	2699.998316;	21.599986528000002;	0.8;	103532.0;	38096.0;	0.0;	0.13333333333333333;	0.6666666666666666;	0.6
1378365547;	1;	2699.998316;	25.199984282666666;	0.9333333333333332;	103532.0;	38445.6;	0.0;	0.2;	0.06666666666666667;	0.06666666666666667
1378365847;	1;	2699.998316;	28.799982037333333;	1.0666666666666667;	103532.0;	37047.46666666667;	0.0;	0.13333333333333333;	0.06666666666666667;	0.06666666666666667
1378366147;	1;	2699.998316;	21.599986528000002;	0.8;	103532.0;	33377.6;	0.0;	0.13333333333333333;	0.06666666666666667;	0.06666666666666667
1378366447;	1;	2699.998316;	23.399985405333336;	0.8666666666666667;	103532.0;	33726.933333333334;	0.0;	0.2;	0.5333333333333333;	0.5333333333333333
1378366747;	1;	2699.998316;	26.999983160000003;	1.0;	103532.0;	35999.2;	0.0;	0.26666666666666666;	0.06666666666666667;	0.06666666666666667
1378367047;	1;	2699.998316;	26.999983160000003;	1.0;	103532.0;	35824.8;	0.0;	0.13333333333333333;	0.2;	0.13333333333333333
1378367347;	1;	2699.998316;	21.599986528000002;	0.8;	103532.0;	38097.066666666666;	0.0;	0.26666666666666666;	0.06666666666666667;	0.06666666666666667
1378367647;	1;	2699.998316;	28.799982037333333;	1.0666666666666667;	103532.0;	32328.533333333333;	0.0;	0.2;	0.06666666666666667;	0.06666666666666667
1378367947;	1;	2699.998316;	25.199984282666666;	0.9333333333333332;	103532.0;	36697.6;	0.0;	0.13333333333333333;	0.13333333333333333;	0.13333333333333333
1378368247;	1;	2699.998316;	21.599986528000002;	0.8;	103532.0;	37921.6;	0.0;	0.26666666666666666;	0.06666666666666667;	0.06666666666666667
1378368547;	1;	2699.998316;	25.199984282666666;	0.9333333333333332;	103532.0;	32329.066666666666;	0.0;	0.26666666666666666;	0.2;	0.2
1378368848;	1;	2699.998316;	28.799982037333333;	1.0666666666666667;	103532.0;	31803.733333333334;	0.0;	0.13333333333333333;	0.6;	0.6
1378369148;	1;	2699.998316;	21.599986528000002;	0.8;	103532.0;	31629.066666666666;	0.0;	0.13333333333333333;	0.13333333333333333;	0.13333333333333333
1378369448;	1;	2699.998316;	25.199984282666666;	0.9333333333333332;	103532.0;	30231.2;	0.0;	0.26666666666666666;	0.06666666666666667;	0.06666666666666667
1378369748;	1;	2699.998316;	28.799982037333333;	1.0666666666666667;	103532.0;	36000.0;	0.0;	0.26666666666666666;	0.13333333333333333;	0.13333333333333333
1378370048;	1;	2699.998316;	19.799987650666665;	0.7333333333333333;	103532.0;	36523.2;	0.0;	0.13333333333333333;	0.6;	0.5333333333333333
1378370348;	1;	2699.998316;	21.599986528000002;	0.8;	103532.0;	31280.266666666666;	0.0;	0.2;	0.2;	0.2
1378370648;	1;	2699.998316;	28.799982037333333;	1.0666666666666667;	103532.0;	32329.6;	0.0;	0.26666666666666666;	0.06666666666666667;	0.06666666666666667
1378370948;	1;	2699.998316;	25.199984282666666;	0.9333333333333332;	103532.0;	37572.53333333333;	0.0;	0.2;	0.13333333333333333;	0.13333333333333333
1378371248;	1;	2699.998316;	21.599986528000002;	0.8;	103532.0;	29532.266666666666;	0.0;	0.13333333333333333;	0.06666666666666667;	0.06666666666666667
1378371548;	1;	2699.998316;	25.199984282666666;	0.9333333333333332;	103532.0;	33377.86666666667;	0.0;	0.2;	0.2;	0.2
1378371848;	1;	2699.998316;	28.799982037333333;	1.0666666666666667;	103532.0;	36873.86666666667;	0.0;	0.13333333333333333;	0.06666666666666667;	0.06666666666666667
1378372148;	1;	2699.998316;	21.599986528000002;	0.8;	103532.0;	38970.4;	0.0;	0.13333333333333333;	0.2;	0.2
1378372448;	1;	2699.998316;	25.199984282666666;	0.9333333333333332;	103532.0;	34076.26666666667;	0.0;	0.26666666666666666;	0.6666666666666666;	0.6666666666666666
1378372748;	1;	2699.998316;	28.799982037333333;	1.0666666666666667;	103532.0;	43164.26666666667;	0.0;	0.26666666666666666;	0.2;	0.2
1378373047;	1;	2699.998316;	21.599986528000002;	0.8;	103532.0;	31454.4;	0.0;	0.13333333333333333;	0.06666666666666667;	0.06666666666666667
1378373347;	1;	2699.998316;	21.599986528000002;	0.8;	103532.0;	31454.133333333335;	0.0;	0.13333333333333333;	0.13333333333333333;	0.13333333333333333
1378373647;	1;	2699.998316;	28.799982037333333;	1.0666666666666667;	103532.0;	41767.73333333333;	0.0;	0.2;	0.5333333333333333;	0.5333333333333333
1378373947;	1;	2699.998316;	25.199984282666666;	0.9333333333333332;	103532.0;	40193.86666666667;	0.0;	0.13333333333333333;	0.2;	0.2
1378374247;	1;	2699.998316;	21.599986528000002;	0.8;	103532.0;	33028.26666666667;	0.0;	0.13333333333333333;	0.2;	0.2
1378374547;	1;	2699.998316;	25.199984282666666;	0.9333333333333332;	103532.0;	36697.86666666667;	0.0;	0.26666666666666666;	0.13333333333333333;	0.13333333333333333
1378374847;	1;	2699.998316;	28.799982037333333;	1.0666666666666667;	103532.0;	35824.26666666667;	0.0;	0.13333333333333333;	0.13333333333333333;	0.13333333333333333
1378375147;	1;	2699.998316;	21.599986528000002;	0.8;	103532.0;	34252.53333333333;	0.0;	0.13333333333333333;	0.2;	0.2
1378375447;	1;	2699.998316;	25.199984282666666;	0.9333333333333332;	103532.0;	34426.666666666664;	0.0;	0.2;	0.13333333333333333;	0.13333333333333333
1378375747;	1;	2699.998316;	25.199984282666666;	0.9333333333333332;	103532.0;	34250.933333333334;	0.0;	0.26666666666666666;	0.2;	0.2
1378376047;	1;	2699.998316;	25.199984282666666;	0.9333333333333332;	103532.0;	30056.266666666666;	0.0;	0.13333333333333333;	0.6666666666666666;	0.6666666666666666
1378376347;	1;	2699.998316;	21.599986528000002;	0.8;	103532.0;	35474.933333333334;	0.0;	0.3333333333333333;	0.13333333333333333;	0.13333333333333333
1378376648;	1;	2699.998316;	25.199984282666666;	0.9333333333333332;	103532.0;	36174.13333333333;	0.0;	0.2;	0.13333333333333333;	0.13333333333333333
1378376948;	1;	2699.998316;	26.999983160000003;	1.0;	103532.0;	31454.666666666668;	0.0;	0.2;	0.13333333333333333;	0.13333333333333333
1378377248;	1;	2699.998316;	21.599986528000002;	0.8;	103532.0;	29183.2;	0.0;	0.13333333333333333;	0.6;	0.6
1378377548;	1;	2699.998316;	23.399985405333336;	0.8666666666666667;	103532.0;	29706.666666666668;	0.0;	0.13333333333333333;	0.13333333333333333;	0.13333333333333333
1378377848;	1;	2699.998316;	26.999983160000003;	1.0;	103532.0;	36523.2;	0.0;	0.26666666666666666;	0.13333333333333333;	0.13333333333333333
1378378148;	1;	2699.998316;	25.199984282666666;	0.9333333333333332;	103532.0;	32153.6;	0.0;	0.13333333333333333;	0.5333333333333333;	0.5333333333333333
1378378448;	1;	2699.998316;	21.599986528000002;	0.8;	103532.0;	35648.8;	0.0;	0.13333333333333333;	0.13333333333333333;	0.13333333333333333
1378378748;	1;	2699.998316;	25.199984282666666;	0.9333333333333332;	103532.0;	38796.0;	0.0;	0.2;	0.2;	0.2
1378379048;	1;	2699.998316;	28.799982037333333;	1.0666666666666667;	103532.0;	32679.466666666667;	0.0;	0.13333333333333333;	0.13333333333333333;	0.13333333333333333
1378379348;	1;	2699.998316;	21.599986528000002;	0.8;	103532.0;	38445.6;	0.0;	0.13333333333333333;	0.13333333333333333;	0.13333333333333333
1378379648;	1;	2699.998316;	25.199984282666666;	0.9333333333333332;	103532.0;	38446.13333333333;	0.0;	0.2;	0.6;	0.6
1378379948;	1;	2699.998316;	28.799982037333333;	1.0666666666666667;	103532.0;	35476.26666666667;	0.0;	0.26666666666666666;	0.06666666666666667;	0.06666666666666667
1378380248;	1;	2699.998316;	21.599986528000002;	0.8;	103532.0;	33902.4;	0.0;	0.13333333333333333;	0.06666666666666667;	0.06666666666666667
1378380548;	1;	2699.998316;	21.599986528000002;	0.8;	103532.0;	33377.6;	0.0;	0.13333333333333333;	0.13333333333333333;	0.13333333333333333
1378380848;	1;	2699.998316;	28.799982037333333;	1.0666666666666667;	103532.0;	33377.86666666667;	0.0;	0.2;	0.6;	0.6
1378381148;	1;	2699.998316;	25.199984282666666;	0.9333333333333332;	103532.0;	35300.0;	0.0;	0.13333333333333333;	0.06666666666666667;	0.06666666666666667
1378381448;	1;	2699.998316;	19.799987650666665;	0.7333333333333333;	103532.0;	31280.0;	0.0;	0.13333333333333333;	0.06666666666666667;	0.06666666666666667
1378381748;	1;	2699.998316;	25.199984282666666;	0.9333333333333332;	103532.0;	33376.8;	0.0;	0.3333333333333333;	0.13333333333333333;	0.13333333333333333
1378382048;	1;	2699.998316;	28.799982037333333;	1.0666666666666667;	103532.0;	29706.666666666668;	0.0;	0.13333333333333333;	0.13333333333333333;	0.13333333333333333
1378382348;	1;	2699.998316;	21.599986528000002;	0.8;	103532.0;	30232.0;	0.0;	0.13333333333333333;	0.13333333333333333;	0.13333333333333333
1378382648;	1;	2699.998316;	21.599986528000002;	0.8;	103532.0;	27435.466666666667;	0.0;	0.13333333333333333;	0.06666666666666667;	0.06666666666666667
1378382948;	1;	2699.998316;	28.799982037333333;	1.0666666666666667;	103532.0;	32853.066666666666;	0.0;	0.26666666666666666;	0.13333333333333333;	0.13333333333333333
1378383248;	1;	2699.998316;	25.199984282666666;	0.9333333333333332;	103532.0;	38271.2;	0.0;	0.2;	0.6;	0.6
1378383548;	1;	2699.998316;	21.599986528000002;	0.8;	103532.0;	34949.6;	0.0;	0.13333333333333333;	0.06666666666666667;	0.13333333333333333
1378383848;	1;	2699.998316;	25.199984282666666;	0.9333333333333332;	103532.0;	31629.6;	0.0;	0.2;	0.06666666666666667;	0.06666666666666667
1378384149;	1;	2699.998316;	28.799982037333333;	1.0666666666666667;	103532.0;	38446.666666666664;	0.0;	0.13333333333333333;	0.2;	0.2
1378384449;	1;	2699.998316;	21.599986528000002;	0.8;	103532.0;	32328.533333333333;	0.0;	0.13333333333333333;	0.6;	0.6
1378384749;	1;	2699.998316;	21.599986528000002;	0.8;	103532.0;	39494.13333333333;	0.0;	0.13333333333333333;	0.13333333333333333;	0.06666666666666667
1378385049;	1;	2699.998316;	25.199984282666666;	0.9333333333333332;	103532.0;	37047.73333333333;	0.0;	0.2;	0.06666666666666667;	0.06666666666666667
1378385349;	1;	2699.998316;	28.799982037333333;	1.0666666666666667;	103532.0;	34775.73333333333;	0.0;	0.4;	0.2;	0.13333333333333333
1378385649;	1;	2699.998316;	21.599986528000002;	0.8;	103532.0;	37396.8;	0.0;	0.13333333333333333;	0.13333333333333333;	0.06666666666666667
1378385949;	1;	2699.998316;	19.799987650666665;	0.7333333333333333;	103532.0;	38970.13333333333;	0.0;	0.13333333333333333;	0.2;	0.13333333333333333
1378386249;	1;	2699.998316;	28.799982037333333;	1.0666666666666667;	103532.0;	34950.666666666664;	0.0;	1.0666666666666667;	0.13333333333333333;	0.06666666666666667
1378386549;	1;	2699.998316;	25.199984282666666;	0.9333333333333332;	103532.0;	36523.46666666667;	0.0;	0.13333333333333333;	0.2;	0.13333333333333333
1378386849;	1;	2699.998316;	21.599986528000002;	0.8;	103532.0;	36349.86666666667;	0.0;	0.2;	0.6;	0.6
1378387149;	1;	2699.998316;	25.199984282666666;	0.9333333333333332;	103532.0;	32153.333333333332;	0.0;	0.2;	0.26666666666666666;	0.26666666666666666
1378387449;	1;	2699.998316;	28.799982037333333;	1.0666666666666667;	103532.0;	35299.2;	0.0;	0.2;	0.06666666666666667;	0.06666666666666667
1378387749;	1;	2699.998316;	21.599986528000002;	0.8;	103532.0;	39320.53333333333;	0.0;	0.13333333333333333;	0.13333333333333333;	0.13333333333333333
1378388049;	1;	2699.998316;	21.599986528000002;	0.8;	103532.0;	34427.2;	0.0;	0.13333333333333333;	1.0;	1.0
1378388349;	1;	2699.998316;	28.799982037333333;	1.0666666666666667;	103532.0;	35824.26666666667;	0.0;	0.26666666666666666;	0.2;	0.2
1378388649;	1;	2699.998316;	25.199984282666666;	0.9333333333333332;	103532.0;	33726.666666666664;	0.0;	0.2;	0.13333333333333333;	0.2
1378388949;	1;	2699.998316;	21.599986528000002;	0.8;	103532.0;	40543.46666666667;	0.0;	0.2;	0.26666666666666666;	0.2
1378389249;	1;	2699.998316;	25.199984282666666;	0.9333333333333332;	103532.0;	39844.8;	0.0;	0.2;	0.13333333333333333;	0.13333333333333333
1378389549;	1;	2699.998316;	28.799982037333333;	1.0666666666666667;	103532.0;	34776.53333333333;	0.0;	0.2;	0.2;	0.2
1378389849;	1;	2699.998316;	21.599986528000002;	0.8;	103532.0;	36873.86666666667;	0.0;	0.13333333333333333;	0.13333333333333333;	0.13333333333333333
1378390149;	1;	2699.998316;	19.799987650666665;	0.7333333333333333;	103532.0;	31105.333333333332;	0.0;	0.2;	0.13333333333333333;	0.13333333333333333
1378390449;	1;	2699.998316;	25.199984282666666;	0.9333333333333332;	103532.0;	38096.53333333333;	0.0;	0.2;	0.6666666666666666;	0.6666666666666666
1378390749;	1;	2699.998316;	22.499985966666667;	0.8333333333333333;	103532.0;	37136.0;	0.0;	0.16666666666666666;	0.16666666666666666;	0.16666666666666666
1378391949;	1;	2699.998316;	22.499985966666667;	0.8333333333333333;	103532.0;	37136.0;	0.0;	0.16666666666666666;	0.16666666666666666;	0.16666666666666666
1378392249;	1;	2699.998316;	22.499985966666667;	0.8333333333333333;	103532.0;	37136.0;	0.0;	0.16666666666666666;	0.16666666666666666;	0.16666666666666666
1378392549;	1;	2699.998316;	22.499985966666667;	0.8333333333333333;	103532.0;	37136.0;	0.0;	0.16666666666666666;	0.16666666666666666;	0.16666666666666666
1378392849;	1;	2699.998316;	22.499985966666667;	0.8333333333333333;	103532.0;	37136.0;	0.0;	0.16666666666666666;	0.16666666666666666;	0.16666666666666666
1378393149;	1;	2699.998316;	22.499985966666667;	0.8333333333333333;	103532.0;	37136.0;	0.0;	0.16666666666666666;	0.16666666666666666;	0.16666666666666666
1378393449;	1;	2699.998316;	22.499985966666667;	0.8333333333333333;	103532.0;	37136.0;	0.0;	0.16666666666666666;	0.16666666666666666;	0.16666666666666666
1378393749;	1;	2699.998316;	22.499985966666667;	0.8333333333333333;	103532.0;	37136.0;	0.0;	0.16666666666666666;	0.16666666666666666;	0.16666666666666666
1378394050;	1;	2699.998316;	12.46153068923077;	0.4615384615384615;	103532.0;	18146.76923076923;	0.0;	0.07692307692307693;	0.75;	0.8333333333333334
1378394350;	1;	2699.998316;	21.599986528000002;	0.8;	103532.0;	32329.066666666666;	0.0;	0.2;	0.13333333333333333;	0.06666666666666667
1378394650;	1;	2699.998316;	28.799982037333333;	1.0666666666666667;	103532.0;	29533.866666666665;	0.0;	0.2;	0.13333333333333333;	0.13333333333333333
1378394950;	1;	2699.998316;	25.199984282666666;	0.9333333333333332;	103532.0;	25513.066666666666;	0.0;	0.13333333333333333;	0.06666666666666667;	0.06666666666666667
1378395250;	1;	2699.998316;	21.599986528000002;	0.8;	103532.0;	38970.666666666664;	0.0;	0.13333333333333333;	0.5333333333333333;	0.5333333333333333
1378395550;	1;	2699.998316;	25.199984282666666;	0.9333333333333332;	103532.0;	35825.333333333336;	0.0;	0.2;	0.06666666666666667;	0.06666666666666667
1378395850;	1;	2699.998316;	28.799982037333333;	1.0666666666666667;	103532.0;	36698.666666666664;	0.0;	0.2;	0.06666666666666667;	0.06666666666666667
1378396150;	1;	2699.998316;	21.599986528000002;	0.8;	103532.0;	36697.6;	0.0;	0.2;	0.06666666666666667;	0.06666666666666667
1378396450;	1;	2699.998316;	25.199984282666666;	0.9333333333333332;	103532.0;	31804.533333333333;	0.0;	0.2;	0.06666666666666667;	0.06666666666666667
1378396750;	1;	2699.998316;	28.799982037333333;	1.0666666666666667;	103532.0;	33727.2;	0.0;	0.13333333333333333;	0.06666666666666667;	0.06666666666666667
1378397050;	1;	2699.998316;	21.599986528000002;	0.8;	103532.0;	27609.6;	0.0;	0.13333333333333333;	0.06666666666666667;	0.06666666666666667
1378397350;	1;	2699.998316;	19.799987650666665;	0.7333333333333333;	103532.0;	34601.066666666666;	0.0;	0.13333333333333333;	0.13333333333333333;	0.13333333333333333
1378397650;	1;	2699.998316;	28.799982037333333;	1.0666666666666667;	103532.0;	38970.666666666664;	0.0;	0.26666666666666666;	0.6666666666666666;	0.6666666666666666
1378397950;	1;	2699.998316;	25.199984282666666;	0.9333333333333332;	103532.0;	36348.53333333333;	0.0;	0.2;	0.13333333333333333;	0.13333333333333333
1378398250;	1;	2699.998316;	21.599986528000002;	0.8;	103532.0;	33027.73333333333;	0.0;	0.2;	0.06666666666666667;	0.06666666666666667
1378398550;	1;	2699.998316;	28.799982037333333;	1.0666666666666667;	103532.0;	36000.0;	0.0;	0.26666666666666666;	0.06666666666666667;	0.06666666666666667
1378398850;	1;	2699.998316;	25.199984282666666;	0.9333333333333332;	103532.0;	33202.4;	0.0;	0.13333333333333333;	0.5333333333333333;	0.5333333333333333
1378399150;	1;	2699.998316;	21.599986528000002;	0.8;	103532.0;	31978.666666666668;	0.0;	0.2;	0.06666666666666667;	0.06666666666666667
1378399450;	1;	2699.998316;	25.199984282666666;	0.9333333333333332;	103532.0;	31105.6;	0.0;	0.2;	0.13333333333333333;	0.13333333333333333
1378399750;	1;	2699.998316;	25.199984282666666;	0.9333333333333332;	103532.0;	34951.2;	0.0;	0.26666666666666666;	0.13333333333333333;	0.13333333333333333
1378400050;	1;	2699.998316;	25.199984282666666;	0.9333333333333332;	103532.0;	30581.333333333332;	0.0;	0.13333333333333333;	0.06666666666666667;	0.06666666666666667
1378400350;	1;	2699.998316;	21.599986528000002;	0.8;	103532.0;	29706.666666666668;	0.0;	0.2;	0.26666666666666666;	0.26666666666666666
1378400650;	1;	2699.998316;	28.799982037333333;	1.0666666666666667;	103532.0;	35474.666666666664;	0.0;	0.2;	0.13333333333333333;	0.13333333333333333
1378400950;	1;	2699.998316;	25.199984282666666;	0.9333333333333332;	103532.0;	31630.4;	0.0;	0.2;	0.2;	0.2
1378401250;	1;	2699.998316;	21.599986528000002;	0.8;	103532.0;	36174.4;	0.0;	0.13333333333333333;	0.7333333333333333;	0.7333333333333333
1378401550;	1;	2699.998316;	25.199984282666666;	0.9333333333333332;	103532.0;	31804.266666666666;	0.0;	0.2;	0.2;	0.2
1378401850;	1;	2699.998316;	28.799982037333333;	1.0666666666666667;	103532.0;	33377.333333333336;	0.0;	0.2;	0.13333333333333333;	0.13333333333333333
1378402150;	1;	2699.998316;	21.599986528000002;	0.8;	103532.0;	36000.0;	0.0;	0.2;	0.13333333333333333;	0.13333333333333333
1378402450;	1;	2699.998316;	21.599986528000002;	0.8;	103532.0;	36349.86666666667;	0.0;	0.2;	0.6;	0.6
1378402750;	1;	2699.998316;	28.799982037333333;	1.0666666666666667;	103532.0;	35300.26666666667;	0.0;	0.26666666666666666;	0.13333333333333333;	0.13333333333333333
1378403050;	1;	2699.998316;	25.199984282666666;	0.9333333333333332;	103532.0;	34425.6;	0.0;	0.2;	0.13333333333333333;	0.13333333333333333
1378403350;	1;	2699.998316;	21.599986528000002;	0.8;	103532.0;	36349.333333333336;	0.0;	0.2;	0.13333333333333333;	0.13333333333333333
1378403650;	1;	2699.998316;	25.199984282666666;	0.9333333333333332;	103532.0;	35300.26666666667;	0.0;	0.2;	0.13333333333333333;	0.13333333333333333
1378403951;	1;	2699.998316;	28.799982037333333;	1.0666666666666667;	103532.0;	33028.26666666667;	0.0;	0.13333333333333333;	0.2;	0.2
1378404251;	1;	2699.998316;	21.599986528000002;	0.8;	103532.0;	29356.8;	0.0;	0.13333333333333333;	0.2;	0.2
1378404551;	1;	2699.998316;	21.599986528000002;	0.8;	103532.0;	37397.6;	0.0;	0.2;	0.2;	0.2
1378404851;	1;	2699.998316;	25.199984282666666;	0.9333333333333332;	103532.0;	34776.26666666667;	0.0;	0.2;	0.6;	0.6
1378405151;	1;	2699.998316;	28.799982037333333;	1.0666666666666667;	103532.0;	36174.4;	0.0;	0.26666666666666666;	0.06666666666666667;	0.06666666666666667
1378405451;	1;	2699.998316;	21.599986528000002;	0.8;	103532.0;	31629.066666666666;	0.0;	0.13333333333333333;	0.13333333333333333;	0.13333333333333333
1378405750;	1;	2699.998316;	21.599986528000002;	0.8;	103532.0;	37221.86666666667;	0.0;	0.2;	0.06666666666666667;	0.06666666666666667
1378406050;	1;	2699.998316;	28.799982037333333;	1.0666666666666667;	103532.0;	31979.2;	0.0;	0.26666666666666666;	0.6666666666666666;	0.6666666666666666
1378406350;	1;	2699.998316;	25.199984282666666;	0.9333333333333332;	103532.0;	36872.8;	0.0;	0.13333333333333333;	0.06666666666666667;	0.06666666666666667
1378406650;	1;	2699.998316;	21.599986528000002;	0.8;	103532.0;	33378.13333333333;	0.0;	0.26666666666666666;	0.06666666666666667;	0.06666666666666667
1378406950;	1;	2699.998316;	25.199984282666666;	0.9333333333333332;	103532.0;	32677.866666666665;	0.0;	0.3333333333333333;	0.13333333333333333;	0.13333333333333333
1378407250;	1;	2699.998316;	28.799982037333333;	1.0666666666666667;	103532.0;	35824.8;	0.0;	0.13333333333333333;	0.13333333333333333;	0.13333333333333333
1378407550;	1;	2699.998316;	21.599986528000002;	0.8;	103532.0;	39844.53333333333;	0.0;	0.13333333333333333;	0.13333333333333333;	0.13333333333333333
1378407850;	1;	2699.998316;	21.599986528000002;	0.8;	103532.0;	38620.8;	0.0;	0.13333333333333333;	0.06666666666666667;	0.06666666666666667
1378408150;	1;	2699.998316;	28.799982037333333;	1.0666666666666667;	103532.0;	30756.533333333333;	0.0;	0.26666666666666666;	0.4666666666666667;	0.4666666666666667
1378408450;	1;	2699.998316;	25.199984282666666;	0.9333333333333332;	103532.0;	29706.666666666668;	0.0;	0.13333333333333333;	0.6;	0.6
1378408751;	1;	2699.998316;	21.599986528000002;	0.8;	103532.0;	28833.866666666665;	0.0;	0.13333333333333333;	0.06666666666666667;	0.06666666666666667
1378409051;	1;	2699.998316;	25.199984282666666;	0.9333333333333332;	103532.0;	38796.0;	0.0;	0.13333333333333333;	0.06666666666666667;	0.06666666666666667
1378409351;	1;	2699.998316;	25.199984282666666;	0.9333333333333332;	103532.0;	35825.066666666666;	0.0;	0.26666666666666666;	0.06666666666666667;	0.06666666666666667
1378409651;	1;	2699.998316;	25.199984282666666;	0.9333333333333332;	103532.0;	35475.46666666667;	0.0;	0.2;	0.6;	0.5333333333333333
1378409951;	1;	2699.998316;	21.599986528000002;	0.8;	103532.0;	34950.13333333333;	0.0;	0.2;	0.06666666666666667;	0.06666666666666667
1378410251;	1;	2699.998316;	25.199984282666666;	0.9333333333333332;	103532.0;	37746.666666666664;	0.0;	0.2;	0.06666666666666667;	0.06666666666666667
1378410551;	1;	2699.998316;	28.799982037333333;	1.0666666666666667;	103532.0;	31629.333333333332;	0.0;	0.26666666666666666;	0.13333333333333333;	0.13333333333333333
1378410851;	1;	2699.998316;	21.599986528000002;	0.8;	103532.0;	33027.46666666667;	0.0;	0.13333333333333333;	0.06666666666666667;	0.06666666666666667
1378411151;	1;	2699.998316;	21.599986528000002;	0.8;	103532.0;	35474.13333333333;	0.0;	0.13333333333333333;	0.13333333333333333;	0.13333333333333333
1378411451;	1;	2699.998316;	25.199984282666666;	0.9333333333333332;	103532.0;	34077.6;	0.0;	0.13333333333333333;	0.06666666666666667;	0.06666666666666667
1378411751;	1;	2699.998316;	25.199984282666666;	0.9333333333333332;	103532.0;	29357.6;	0.0;	0.26666666666666666;	0.13333333333333333;	0.13333333333333333
1378412051;	1;	2699.998316;	25.199984282666666;	0.9333333333333332;	103532.0;	34252.0;	0.0;	0.2;	0.6;	0.6
1378412351;	1;	2699.998316;	21.599986528000002;	0.8;	103532.0;	40892.8;	0.0;	0.26666666666666666;	0.2;	0.2
1378412651;	1;	2699.998316;	25.199984282666666;	0.9333333333333332;	103532.0;	35126.4;	0.0;	0.2;	0.06666666666666667;	0.06666666666666667
1378412951;	1;	2699.998316;	28.799982037333333;	1.0666666666666667;	103532.0;	36874.4;	0.0;	0.2;	0.2;	0.13333333333333333
1378413251;	1;	2699.998316;	21.599986528000002;	0.8;	103532.0;	31105.866666666665;	0.0;	0.13333333333333333;	0.6;	0.6
1378413551;	1;	2699.998316;	21.599986528000002;	0.8;	103532.0;	30581.6;	0.0;	0.13333333333333333;	0.13333333333333333;	0.13333333333333333
1378413851;	1;	2699.998316;	28.799982037333333;	1.0666666666666667;	103532.0;	38445.066666666666;	0.0;	0.2;	0.2;	0.2
1378414151;	1;	2699.998316;	25.199984282666666;	0.9333333333333332;	103532.0;	37572.0;	0.0;	0.26666666666666666;	0.13333333333333333;	0.13333333333333333
1378414451;	1;	2699.998316;	21.599986528000002;	0.8;	103532.0;	33202.933333333334;	0.0;	0.2;	0.13333333333333333;	0.13333333333333333
1378414751;	1;	2699.998316;	26.999983160000003;	1.0;	103532.0;	35649.86666666667;	0.0;	0.26666666666666666;	0.2;	0.2
1378415051;	1;	2699.998316;	25.199984282666666;	0.9333333333333332;	103532.0;	35649.333333333336;	0.0;	0.13333333333333333;	0.13333333333333333;	0.13333333333333333
1378415351;	1;	2699.998316;	21.599986528000002;	0.8;	103532.0;	37746.4;	0.0;	0.13333333333333333;	0.2;	0.2
1378415651;	1;	2699.998316;	21.599986528000002;	0.8;	103532.0;	31454.933333333334;	0.0;	0.2;	0.6666666666666666;	0.6666666666666666
1378415951;	1;	2699.998316;	32.399979791999996;	1.2;	103532.0;	27960.8;	0.0;	0.26666666666666666;	0.13333333333333333;	0.13333333333333333
1378416251;	1;	2699.998316;	21.599986528000002;	0.8;	103532.0;	30231.733333333334;	0.0;	0.13333333333333333;	0.13333333333333333;	0.13333333333333333
1378416551;	1;	2699.998316;	21.599986528000002;	0.8;	103532.0;	33203.73333333333;	0.0;	0.2;	0.13333333333333333;	0.13333333333333333
1378416851;	1;	2699.998316;	25.199984282666666;	0.9333333333333332;	103532.0;	30930.4;	0.0;	0.2;	0.6;	0.6
1378417152;	1;	2699.998316;	28.799982037333333;	1.0666666666666667;	103532.0;	35649.066666666666;	0.0;	0.2;	0.13333333333333333;	0.13333333333333333
1378417452;	1;	2699.998316;	21.599986528000002;	0.8;	103532.0;	37746.4;	0.0;	0.13333333333333333;	0.13333333333333333;	0.13333333333333333
1378417752;	1;	2699.998316;	21.599986528000002;	0.8;	103532.0;	33726.4;	0.0;	0.3333333333333333;	0.13333333333333333;	0.13333333333333333
1378418052;	1;	2699.998316;	28.799982037333333;	1.0666666666666667;	103532.0;	31978.133333333335;	0.0;	0.26666666666666666;	0.06666666666666667;	0.06666666666666667
1378418352;	1;	2699.998316;	25.199984282666666;	0.9333333333333332;	103532.0;	43339.46666666667;	0.0;	0.13333333333333333;	0.13333333333333333;	0.13333333333333333
1378418652;	1;	2699.998316;	21.599986528000002;	0.8;	103532.0;	36000.0;	0.0;	0.13333333333333333;	0.06666666666666667;	0.06666666666666667
1378418952;	1;	2699.998316;	25.199984282666666;	0.9333333333333332;	103532.0;	34426.4;	0.0;	0.2;	0.2;	0.13333333333333333
1378419252;	1;	2699.998316;	28.799982037333333;	1.0666666666666667;	103532.0;	29882.4;	0.0;	0.13333333333333333;	0.6666666666666666;	0.6666666666666666
1378419552;	1;	2699.998316;	21.599986528000002;	0.8;	103532.0;	35999.2;	0.0;	0.3333333333333333;	0.06666666666666667;	0.06666666666666667
1378419852;	1;	2699.998316;	21.599986528000002;	0.8;	103532.0;	32852.8;	0.0;	0.2;	0.06666666666666667;	0.06666666666666667
1378420152;	1;	2699.998316;	28.799982037333333;	1.0666666666666667;	103532.0;	34425.86666666667;	0.0;	0.26666666666666666;	0.06666666666666667;	0.06666666666666667
1378420452;	1;	2699.998316;	25.199984282666666;	0.9333333333333332;	103532.0;	34250.666666666664;	0.0;	0.13333333333333333;	0.7333333333333333;	0.7333333333333333
1378420752;	1;	2699.998316;	21.599986528000002;	0.8;	103532.0;	30930.933333333334;	0.0;	0.2;	0.06666666666666667;	0.06666666666666667
1378421052;	1;	2699.998316;	25.199984282666666;	0.9333333333333332;	103532.0;	25163.2;	0.0;	0.2;	0.06666666666666667;	0.13333333333333333
1378421352;	1;	2699.998316;	28.799982037333333;	1.0666666666666667;	103532.0;	30581.6;	0.0;	0.26666666666666666;	0.06666666666666667;	0.06666666666666667
1378421652;	1;	2699.998316;	21.599986528000002;	0.8;	103532.0;	34077.066666666666;	0.0;	0.13333333333333333;	0.06666666666666667;	0.06666666666666667
1378421952;	1;	2699.998316;	23.399985405333336;	0.8666666666666667;	103532.0;	32328.266666666666;	0.0;	0.13333333333333333;	0.13333333333333333;	0.13333333333333333
1378422252;	1;	2699.998316;	30.599980914666666;	1.1333333333333333;	103532.0;	32853.6;	0.0;	0.3333333333333333;	0.13333333333333333;	0.06666666666666667
1378422552;	1;	2699.998316;	21.599986528000002;	0.8;	103532.0;	33728.0;	0.0;	0.13333333333333333;	0.3333333333333333;	0.26666666666666666
1378422852;	1;	2699.998316;	21.599986528000002;	0.8;	103532.0;	30406.4;	0.0;	0.13333333333333333;	0.6666666666666666;	0.6666666666666666
1378423152;	1;	2699.998316;	25.199984282666666;	0.9333333333333332;	103532.0;	29358.4;	0.0;	0.2;	0.13333333333333333;	0.13333333333333333
1378423452;	1;	2699.998316;	28.799982037333333;	1.0666666666666667;	103532.0;	30407.466666666667;	0.0;	0.26666666666666666;	0.06666666666666667;	0.06666666666666667
1378423752;	1;	2699.998316;	21.599986528000002;	0.8;	103532.0;	37222.666666666664;	0.0;	0.13333333333333333;	0.06666666666666667;	0.06666666666666667
1378424052;	1;	2699.998316;	21.599986528000002;	0.8;	103532.0;	38795.46666666667;	0.0;	0.13333333333333333;	0.5333333333333333;	0.5333333333333333
1378424352;	1;	2699.998316;	32.399979791999996;	1.2;	103532.0;	31105.866666666665;	0.0;	0.26666666666666666;	0.06666666666666667;	0.06666666666666667
1378424653;	1;	2699.998316;	21.599986528000002;	0.8;	103532.0;	28135.733333333334;	0.0;	0.13333333333333333;	0.06666666666666667;	0.06666666666666667
1378424953;	1;	2699.998316;	21.599986528000002;	0.8;	103532.0;	31281.066666666666;	0.0;	0.3333333333333333;	0.13333333333333333;	0.13333333333333333
1378425253;	1;	2699.998316;	28.799982037333333;	1.0666666666666667;	103532.0;	27435.733333333334;	0.0;	0.2;	0.06666666666666667;	0.06666666666666667
1378425553;	1;	2699.998316;	25.199984282666666;	0.9333333333333332;	103532.0;	33378.13333333333;	0.0;	0.13333333333333333;	0.13333333333333333;	0.13333333333333333
1378425853;	1;	2699.998316;	21.599986528000002;	0.8;	103532.0;	34600.53333333333;	0.0;	0.13333333333333333;	0.13333333333333333;	0.13333333333333333
1378426153;	1;	2699.998316;	21.599986528000002;	0.8;	103532.0;	38969.86666666667;	0.0;	0.13333333333333333;	0.13333333333333333;	0.13333333333333333
1378426453;	1;	2699.998316;	32.399979791999996;	1.2;	103532.0;	35126.666666666664;	0.0;	0.26666666666666666;	0.6;	0.6
1378426753;	1;	2699.998316;	21.599986528000002;	0.8;	103532.0;	34251.73333333333;	0.0;	0.2;	0.06666666666666667;	0.06666666666666667
1378427053;	1;	2699.998316;	23.14284270857143;	0.8571428571428571;	103532.0;	38009.142857142855;	0.0;	0.14285714285714285;	0.07142857142857142;	0.07142857142857142
1378427353;	1;	2699.998316;	26.999983160000003;	1.0;	103532.0;	39845.333333333336;	0.0;	0.26666666666666666;	0.13333333333333333;	0.13333333333333333
1378427653;	1;	2699.998316;	26.999983160000003;	1.0;	103532.0;	34777.066666666666;	0.0;	0.2;	0.6666666666666666;	0.6666666666666666
1378427953;	1;	2699.998316;	21.599986528000002;	0.8;	103532.0;	39320.8;	0.0;	0.13333333333333333;	0.13333333333333333;	0.13333333333333333
1378428253;	1;	2699.998316;	23.399985405333336;	0.8666666666666667;	103532.0;	34076.8;	0.0;	0.2;	0.7333333333333333;	0.5333333333333333
1378428553;	1;	2699.998316;	28.799982037333333;	1.0666666666666667;	103532.0;	34601.6;	0.0;	0.3333333333333333;	0.13333333333333333;	0.13333333333333333
1378428853;	1;	2699.998316;	21.599986528000002;	0.8;	103532.0;	35649.6;	0.0;	0.13333333333333333;	0.13333333333333333;	0.13333333333333333
1378429153;	1;	2699.998316;	21.599986528000002;	0.8;	103532.0;	39494.13333333333;	0.0;	0.13333333333333333;	0.2;	0.2
1378429453;	1;	2699.998316;	28.799982037333333;	1.0666666666666667;	103532.0;	38795.2;	0.0;	0.3333333333333333;	0.13333333333333333;	0.13333333333333333
1378429753;	1;	2699.998316;	25.199984282666666;	0.9333333333333332;	103532.0;	30931.2;	0.0;	0.13333333333333333;	0.2;	0.2
1378430053;	1;	2699.998316;	21.599986528000002;	0.8;	103532.0;	33377.86666666667;	0.0;	0.13333333333333333;	0.6666666666666666;	0.6666666666666666
1378430353;	1;	2699.998316;	28.799982037333333;	1.0666666666666667;	103532.0;	36173.6;	0.0;	0.2;	0.2;	0.2
1378430653;	1;	2699.998316;	25.199984282666666;	0.9333333333333332;	103532.0;	32504.0;	0.0;	0.2;	0.13333333333333333;	0.13333333333333333
1378430953;	1;	2699.998316;	21.599986528000002;	0.8;	103532.0;	37747.2;	0.0;	0.13333333333333333;	0.13333333333333333;	0.13333333333333333
1378431253;	1;	2699.998316;	26.999983160000003;	1.0;	103532.0;	35387.42857142857;	0.0;	0.21428571428571427;	0.6428571428571429;	0.6428571428571429
1378431553;	1;	2699.998316;	25.199984282666666;	0.9333333333333332;	103532.0;	28308.8;	0.0;	0.13333333333333333;	0.13333333333333333;	0.13333333333333333
1378431853;	1;	2699.998316;	25.199984282666666;	0.9333333333333332;	103532.0;	33027.2;	0.0;	0.13333333333333333;	0.13333333333333333;	0.13333333333333333
1378432153;	1;	2699.998316;	21.599986528000002;	0.8;	103532.0;	28833.6;	0.0;	0.3333333333333333;	0.2;	0.2
1378432453;	1;	2699.998316;	28.799982037333333;	1.0666666666666667;	103532.0;	32504.0;	0.0;	0.2;	0.13333333333333333;	0.13333333333333333
1378432753;	1;	2699.998316;	25.199984282666666;	0.9333333333333332;	103532.0;	34600.8;	0.0;	0.13333333333333333;	0.2;	0.2
1378433054;	1;	2699.998316;	21.599986528000002;	0.8;	103532.0;	30755.466666666667;	0.0;	0.13333333333333333;	0.06666666666666667;	0.06666666666666667
1378433354;	1;	2699.998316;	25.199984282666666;	0.9333333333333332;	103532.0;	38621.333333333336;	0.0;	0.2;	0.13333333333333333;	0.13333333333333333
1378433654;	1;	2699.998316;	25.199984282666666;	0.9333333333333332;	103532.0;	35126.4;	0.0;	0.13333333333333333;	0.6;	0.6
1378433954;	1;	2699.998316;	25.199984282666666;	0.9333333333333332;	103532.0;	31454.4;	0.0;	0.26666666666666666;	0.06666666666666667;	0.06666666666666667
1378434254;	1;	2699.998316;	21.599986528000002;	0.8;	103532.0;	31979.2;	0.0;	0.2;	0.2;	0.2
1378434554;	1;	2699.998316;	28.799982037333333;	1.0666666666666667;	103532.0;	31979.2;	0.0;	0.2;	0.06666666666666667;	0.06666666666666667
1378434854;	1;	2699.998316;	25.199984282666666;	0.9333333333333332;	103532.0;	33728.26666666667;	0.0;	0.13333333333333333;	0.6;	0.6
1378435154;	1;	2699.998316;	19.799987650666665;	0.7333333333333333;	103532.0;	35125.6;	0.0;	0.2;	0.06666666666666667;	0.06666666666666667
1378435454;	1;	2699.998316;	25.199984282666666;	0.9333333333333332;	103532.0;	33377.6;	0.0;	0.2;	0.06666666666666667;	0.06666666666666667
1378435754;	1;	2699.998316;	28.799982037333333;	1.0666666666666667;	103532.0;	37747.2;	0.0;	0.2;	0.13333333333333333;	0.13333333333333333
1378436054;	1;	2699.998316;	21.599986528000002;	0.8;	103532.0;	38271.73333333333;	0.0;	0.13333333333333333;	0.06666666666666667;	0.06666666666666667
1378436354;	1;	2699.998316;	23.399985405333336;	0.8666666666666667;	103532.0;	38794.4;	0.0;	0.2;	0.06666666666666667;	0.06666666666666667
1378436654;	1;	2699.998316;	26.999983160000003;	1.0;	103532.0;	38794.4;	0.0;	0.3333333333333333;	0.06666666666666667;	0.06666666666666667
1378436954;	1;	2699.998316;	25.199984282666666;	0.9333333333333332;	103532.0;	27085.333333333332;	0.0;	0.13333333333333333;	0.2;	0.2
1378437254;	1;	2699.998316;	21.599986528000002;	0.8;	103532.0;	32504.0;	0.0;	0.2;	0.6;	0.6
1378437554;	1;	2699.998316;	26.999983160000003;	1.0;	103532.0;	32952.857142857145;	0.0;	0.21428571428571427;	0.21428571428571427;	0.21428571428571427
1378437854;	1;	2699.998316;	25.199984282666666;	0.9333333333333332;	103532.0;	35300.26666666667;	0.0;	0.2;	0.06666666666666667;	0.06666666666666667
1378438154;	1;	2699.998316;	21.599986528000002;	0.8;	103532.0;	34601.6;	0.0;	0.2;	0.13333333333333333;	0.13333333333333333
1378438454;	1;	2699.998316;	23.399985405333336;	0.8666666666666667;	103532.0;	29357.6;	0.0;	0.2;	0.6666666666666666;	0.6666666666666666
1378438754;	1;	2699.998316;	26.999983160000003;	1.0;	103532.0;	35650.4;	0.0;	0.3333333333333333;	0.13333333333333333;	0.13333333333333333
1378439053;	1;	2699.998316;	23.399985405333336;	0.8666666666666667;	103532.0;	38271.2;	0.0;	0.13333333333333333;	0.0;	0.0
1378439354;	1;	2699.998316;	21.214272482857144;	0.7857142857142857;	103532.0;	34826.28571428572;	0.0;	0.2857142857142857;	0.07142857142857142;	0.07142857142857142
1378439654;	1;	2699.998316;	28.799982037333333;	1.0666666666666667;	103532.0;	32852.53333333333;	0.0;	0.13333333333333333;	0.06666666666666667;	0.06666666666666667
1378439954;	1;	2699.998316;	25.199984282666666;	0.9333333333333332;	103532.0;	31106.133333333335;	0.0;	0.13333333333333333;	0.26666666666666666;	0.26666666666666666
1378440254;	1;	2699.998316;	21.599986528000002;	0.8;	103532.0;	33727.2;	0.0;	0.2;	0.06666666666666667;	0.06666666666666667
1378440554;	1;	2699.998316;	26.999983160000003;	1.0;	103532.0;	34638.28571428572;	0.0;	0.21428571428571427;	0.14285714285714285;	0.14285714285714285
1378440854;	1;	2699.998316;	28.799982037333333;	1.0666666666666667;	103532.0;	40368.8;	0.0;	0.13333333333333333;	0.6;	0.6
1378441154;	1;	2699.998316;	21.599986528000002;	0.8;	103532.0;	34601.6;	0.0;	0.2;	0.13333333333333333;	0.13333333333333333
1378441454;	1;	2699.998316;	25.199984282666666;	0.9333333333333332;	103532.0;	35301.066666666666;	0.0;	0.13333333333333333;	0.06666666666666667;	0.06666666666666667
1378441754;	1;	2699.998316;	25.199984282666666;	0.9333333333333332;	103532.0;	34425.333333333336;	0.0;	0.13333333333333333;	0.2;	0.2
1378442054;	1;	2699.998316;	21.599986528000002;	0.8;	103532.0;	37222.4;	0.0;	0.13333333333333333;	0.6;	0.6
1378442354;	1;	2699.998316;	21.599986528000002;	0.8;	103532.0;	30930.4;	0.0;	0.2;	0.13333333333333333;	0.13333333333333333
1378442654;	1;	2699.998316;	28.799982037333333;	1.0666666666666667;	103532.0;	35998.933333333334;	0.0;	0.2;	0.13333333333333333;	0.13333333333333333
1378442954;	1;	2699.998316;	25.199984282666666;	0.9333333333333332;	103532.0;	34600.8;	0.0;	0.26666666666666666;	0.13333333333333333;	0.13333333333333333
1378443254;	1;	2699.998316;	21.599986528000002;	0.8;	103532.0;	31978.4;	0.0;	0.13333333333333333;	0.13333333333333333;	0.13333333333333333
1378443554;	1;	2699.998316;	25.199984282666666;	0.9333333333333332;	103532.0;	34775.2;	0.0;	0.2;	0.6;	0.6
1378443854;	1;	2699.998316;	28.799982037333333;	1.0666666666666667;	103532.0;	41417.6;	0.0;	0.13333333333333333;	0.2;	0.2
1378444154;	1;	2699.998316;	21.599986528000002;	0.8;	103532.0;	40892.8;	0.0;	0.13333333333333333;	0.26666666666666666;	0.26666666666666666
1378444454;	1;	2699.998316;	25.199984282666666;	0.9333333333333332;	103532.0;	34250.933333333334;	0.0;	0.2;	0.6666666666666666;	0.6666666666666666
1378444754;	1;	2699.998316;	28.799982037333333;	1.0666666666666667;	103532.0;	32504.0;	0.0;	0.26666666666666666;	0.2;	0.2
1378445054;	1;	2699.998316;	21.599986528000002;	0.8;	103532.0;	34601.333333333336;	0.0;	0.13333333333333333;	0.13333333333333333;	0.13333333333333333
1378445354;	1;	2699.998316;	21.599986528000002;	0.8;	103532.0;	33028.0;	0.0;	0.13333333333333333;	0.13333333333333333;	0.13333333333333333
1378445654;	1;	2699.998316;	28.799982037333333;	1.0666666666666667;	103532.0;	31979.2;	0.0;	0.2;	0.6;	0.6
1378445954;	1;	2699.998316;	25.199984282666666;	0.9333333333333332;	103532.0;	29358.4;	0.0;	0.13333333333333333;	0.2;	0.2
1378446254;	1;	2699.998316;	21.599986528000002;	0.8;	103532.0;	28832.8;	0.0;	0.2;	0.06666666666666667;	0.06666666666666667
1378446554;	1;	2699.998316;	25.199984282666666;	0.9333333333333332;	103532.0;	30930.4;	0.0;	0.26666666666666666;	0.06666666666666667;	0.06666666666666667
1378446855;	1;	2699.998316;	28.799982037333333;	1.0666666666666667;	103532.0;	29008.266666666666;	0.0;	0.13333333333333333;	0.06666666666666667;	0.06666666666666667
1378447155;	1;	2699.998316;	23.14284270857143;	0.8571428571428571;	103532.0;	35762.0;	0.0;	0.14285714285714285;	0.21428571428571427;	0.07142857142857142
1378447455;	1;	2699.998316;	23.14284270857143;	0.8571428571428571;	103532.0;	33328.0;	0.0;	0.14285714285714285;	0.14285714285714285;	0.07142857142857142
1378447755;	1;	2699.998316;	28.799982037333333;	1.0666666666666667;	103532.0;	33202.4;	0.0;	0.13333333333333333;	0.2;	0.13333333333333333
1378448055;	1;	2699.998316;	21.599986528000002;	0.8;	103532.0;	35124.8;	0.0;	0.13333333333333333;	0.6666666666666666;	0.6
1378448355;	1;	2699.998316;	25.199984282666666;	0.9333333333333332;	103532.0;	32679.2;	0.0;	0.3333333333333333;	0.13333333333333333;	0.06666666666666667
1378448655;	1;	2699.998316;	28.799982037333333;	1.0666666666666667;	103532.0;	33027.2;	0.0;	0.2;	0.13333333333333333;	0.13333333333333333
1378448955;	1;	2699.998316;	25.199984282666666;	0.9333333333333332;	103532.0;	37222.4;	0.0;	0.13333333333333333;	0.06666666666666667;	0.06666666666666667
1378449255;	1;	2699.998316;	23.14284270857143;	0.8571428571428571;	103532.0;	34638.28571428572;	0.0;	0.2857142857142857;	0.6428571428571429;	0.6428571428571429
1378449555;	1;	2699.998316;	28.799982037333333;	1.0666666666666667;	103532.0;	38445.86666666667;	0.0;	0.2;	0.13333333333333333;	0.06666666666666667
1378449855;	1;	2699.998316;	25.199984282666666;	0.9333333333333332;	103532.0;	35474.666666666664;	0.0;	0.26666666666666666;	0.06666666666666667;	0.06666666666666667
1378450155;	1;	2699.998316;	19.799987650666665;	0.7333333333333333;	103532.0;	37222.4;	0.0;	0.2;	0.26666666666666666;	0.06666666666666667
1378450455;	1;	2699.998316;	25.199984282666666;	0.9333333333333332;	103532.0;	32504.0;	0.0;	0.2;	0.13333333333333333;	0.13333333333333333
1378450755;	1;	2699.998316;	28.799982037333333;	1.0666666666666667;	103532.0;	35125.6;	0.0;	0.2;	0.06666666666666667;	0.06666666666666667
1378451055;	1;	2699.998316;	21.214272482857144;	0.7857142857142857;	103532.0;	35200.0;	0.0;	0.14285714285714285;	0.14285714285714285;	0.14285714285714285
1378451355;	1;	2699.998316;	25.199984282666666;	0.9333333333333332;	103532.0;	38271.73333333333;	0.0;	0.26666666666666666;	0.3333333333333333;	0.3333333333333333
1378451655;	1;	2699.998316;	28.799982037333333;	1.0666666666666667;	103532.0;	41941.333333333336;	0.0;	0.13333333333333333;	0.6;	0.6
1378451955;	1;	2699.998316;	21.599986528000002;	0.8;	103532.0;	32853.333333333336;	0.0;	0.2;	0.13333333333333333;	0.06666666666666667
1378452255;	1;	2699.998316;	28.799982037333333;	1.0666666666666667;	103532.0;	33378.13333333333;	0.0;	0.3333333333333333;	0.06666666666666667;	0.06666666666666667
1378452555;	1;	2699.998316;	25.071412934285718;	0.9285714285714286;	103532.0;	36136.857142857145;	0.0;	0.14285714285714285;	0.07142857142857142;	0.07142857142857142
1378452855;	1;	2699.998316;	21.599986528000002;	0.8;	103532.0;	30406.133333333335;	0.0;	0.13333333333333333;	0.7333333333333333;	0.7333333333333333
1378453155;	1;	2699.998316;	25.199984282666666;	0.9333333333333332;	103532.0;	30057.333333333332;	0.0;	0.2;	0.06666666666666667;	0.06666666666666667
1378453455;	1;	2699.998316;	25.199984282666666;	0.9333333333333332;	103532.0;	33028.0;	0.0;	0.2;	0.06666666666666667;	0.06666666666666667
1378453755;	1;	2699.998316;	25.199984282666666;	0.9333333333333332;	103532.0;	36173.86666666667;	0.0;	0.2;	0.13333333333333333;	0.13333333333333333
1378454055;	1;	2699.998316;	21.599986528000002;	0.8;	103532.0;	38096.8;	0.0;	0.13333333333333333;	0.06666666666666667;	0.06666666666666667
1378454355;	1;	2699.998316;	26.999983160000003;	1.0;	103532.0;	32578.85714285714;	0.0;	0.21428571428571427;	0.07142857142857142;	0.07142857142857142
1378454655;	1;	2699.998316;	26.999983160000003;	1.0;	103532.0;	28646.0;	0.0;	0.21428571428571427;	0.14285714285714285;	0.14285714285714285
1378454955;	1;	2699.998316;	21.599986528000002;	0.8;	103532.0;	32853.066666666666;	0.0;	0.13333333333333333;	0.13333333333333333;	0.13333333333333333
1378455255;	1;	2699.998316;	25.199984282666666;	0.9333333333333332;	103532.0;	32328.8;	0.0;	0.26666666666666666;	0.6666666666666666;	0.6666666666666666
1378455555;	1;	2699.998316;	26.999983160000003;	1.0;	103532.0;	31454.0;	0.0;	0.14285714285714285;	0.14285714285714285;	0.14285714285714285
1378455855;	1;	2699.998316;	21.599986528000002;	0.8;	103532.0;	36872.53333333333;	0.0;	0.13333333333333333;	0.13333333333333333;	0.13333333333333333
1378456155;	1;	2699.998316;	23.14284270857143;	0.8571428571428571;	103532.0;	42128.0;	0.0;	0.21428571428571427;	0.21428571428571427;	0.21428571428571427
1378456456;	1;	2699.998316;	28.799982037333333;	1.0666666666666667;	103532.0;	37572.26666666667;	0.0;	0.13333333333333333;	0.6;	0.6
1378456756;	1;	2699.998316;	23.14284270857143;	0.8571428571428571;	103532.0;	36698.28571428572;	0.0;	0.14285714285714285;	0.14285714285714285;	0.14285714285714285
1378457056;	1;	2699.998316;	21.599986528000002;	0.8;	103532.0;	32677.866666666665;	0.0;	0.3333333333333333;	0.13333333333333333;	0.13333333333333333
1378457356;	1;	2699.998316;	28.799982037333333;	1.0666666666666667;	103532.0;	31455.733333333334;	0.0;	0.26666666666666666;	0.13333333333333333;	0.13333333333333333
1378457656;	1;	2699.998316;	25.199984282666666;	0.9333333333333332;	103532.0;	31629.866666666665;	0.0;	0.2;	0.13333333333333333;	0.13333333333333333
1378457956;	1;	2699.998316;	23.14284270857143;	0.8571428571428571;	103532.0;	32204.571428571428;	0.0;	0.14285714285714285;	0.14285714285714285;	0.14285714285714285
1378458256;	1;	2699.998316;	26.999983160000003;	1.0;	103532.0;	30581.6;	0.0;	0.2;	0.13333333333333333;	0.13333333333333333
1378458556;	1;	2699.998316;	26.999983160000003;	1.0;	103532.0;	38621.6;	0.0;	0.13333333333333333;	0.2;	0.2
1378458856;	1;	2699.998316;	21.599986528000002;	0.8;	103532.0;	38620.8;	0.0;	0.2;	0.7333333333333333;	0.7333333333333333
1378459156;	1;	2699.998316;	25.199984282666666;	0.9333333333333332;	103532.0;	31805.066666666666;	0.0;	0.3333333333333333;	0.2;	0.2
1378459456;	1;	2699.998316;	28.799982037333333;	1.0666666666666667;	103532.0;	32853.86666666667;	0.0;	0.13333333333333333;	0.13333333333333333;	0.13333333333333333
1378459756;	1;	2699.998316;	21.599986528000002;	0.8;	103532.0;	31630.4;	0.0;	0.13333333333333333;	0.13333333333333333;	0.13333333333333333
1378460056;	1;	2699.998316;	25.199984282666666;	0.9333333333333332;	103532.0;	30581.6;	0.0;	0.26666666666666666;	0.6;	0.6
1378460356;	1;	2699.998316;	28.799982037333333;	1.0666666666666667;	103532.0;	35475.46666666667;	0.0;	0.2;	0.13333333333333333;	0.13333333333333333
1378460656;	1;	2699.998316;	21.599986528000002;	0.8;	103532.0;	34251.2;	0.0;	0.2;	0.13333333333333333;	0.13333333333333333
1378460956;	1;	2699.998316;	21.599986528000002;	0.8;	103532.0;	34251.46666666667;	0.0;	0.2;	0.13333333333333333;	0.13333333333333333
1378461256;	1;	2699.998316;	28.799982037333333;	1.0666666666666667;	103532.0;	30230.933333333334;	0.0;	0.2;	0.13333333333333333;	0.13333333333333333
1378461556;	1;	2699.998316;	25.199984282666666;	0.9333333333333332;	103532.0;	31978.666666666668;	0.0;	0.2;	0.06666666666666667;	0.06666666666666667
1378461856;	1;	2699.998316;	21.599986528000002;	0.8;	103532.0;	28308.8;	0.0;	0.13333333333333333;	0.13333333333333333;	0.06666666666666667
1378462156;	1;	2699.998316;	25.199984282666666;	0.9333333333333332;	103532.0;	38621.066666666666;	0.0;	0.2;	0.26666666666666666;	0.2
1378462456;	1;	2699.998316;	28.799982037333333;	1.0666666666666667;	103532.0;	33728.0;	0.0;	0.13333333333333333;	0.6666666666666666;	0.6666666666666666
1378462756;	1;	2699.998316;	21.599986528000002;	0.8;	103532.0;	32153.6;	0.0;	0.2;	0.13333333333333333;	0.06666666666666667
1378463056;	1;	2699.998316;	21.599986528000002;	0.8;	103532.0;	28834.4;	0.0;	0.2;	0.13333333333333333;	0.13333333333333333
1378463356;	1;	2699.998316;	28.799982037333333;	1.0666666666666667;	103532.0;	34076.0;	0.0;	0.2;	0.06666666666666667;	0.06666666666666667
1378463657;	1;	2699.998316;	25.199984282666666;	0.9333333333333332;	103532.0;	29882.4;	0.0;	0.2;	0.6;	0.5333333333333333
1378463957;	1;	2699.998316;	21.599986528000002;	0.8;	103532.0;	32328.8;	0.0;	0.13333333333333333;	0.13333333333333333;	0.13333333333333333
1378464257;	1;	2699.998316;	25.199984282666666;	0.9333333333333332;	103532.0;	33552.0;	0.0;	0.26666666666666666;	0.13333333333333333;	0.13333333333333333
1378464557;	1;	2699.998316;	28.799982037333333;	1.0666666666666667;	103532.0;	35126.4;	0.0;	0.13333333333333333;	0.13333333333333333;	0.13333333333333333
1378464857;	1;	2699.998316;	21.599986528000002;	0.8;	103532.0;	30406.4;	0.0;	0.13333333333333333;	0.13333333333333333;	0.13333333333333333
1378465157;	1;	2699.998316;	19.799987650666665;	0.7333333333333333;	103532.0;	33377.6;	0.0;	0.26666666666666666;	0.06666666666666667;	0.06666666666666667
1378465457;	1;	2699.998316;	28.799982037333333;	1.0666666666666667;	103532.0;	36697.6;	0.0;	0.13333333333333333;	0.5333333333333333;	0.4666666666666667
1378465757;	1;	2699.998316;	25.199984282666666;	0.9333333333333332;	103532.0;	30405.6;	0.0;	0.13333333333333333;	0.13333333333333333;	0.13333333333333333
1378466057;	1;	2699.998316;	21.599986528000002;	0.8;	103532.0;	33028.0;	0.0;	0.13333333333333333;	0.6;	0.6
1378466357;	1;	2699.998316;	26.999983160000003;	1.0;	103532.0;	36174.4;	0.0;	0.26666666666666666;	0.13333333333333333;	0.13333333333333333
1378466657;	1;	2699.998316;	30.599980914666666;	1.1333333333333333;	103532.0;	32504.0;	0.0;	0.13333333333333333;	0.13333333333333333;	0.13333333333333333
1378466957;	1;	2699.998316;	21.599986528000002;	0.8;	103532.0;	30931.2;	0.0;	0.13333333333333333;	0.06666666666666667;	0.06666666666666667
1378467257;	1;	2699.998316;	21.599986528000002;	0.8;	103532.0;	35125.86666666667;	0.0;	0.2;	0.6;	0.5333333333333333
1378467557;	1;	2699.998316;	28.799982037333333;	1.0666666666666667;	103532.0;	31978.4;	0.0;	0.2;	0.06666666666666667;	0.06666666666666667
1378467857;	1;	2699.998316;	26.999983160000003;	1.0;	103532.0;	32578.571428571428;	0.0;	0.21428571428571427;	0.07142857142857142;	0.07142857142857142
1378468157;	1;	2699.998316;	26.999983160000003;	1.0;	103532.0;	32578.571428571428;	0.0;	0.21428571428571427;	0.07142857142857142;	0.07142857142857142
1378468457;	1;	2699.998316;	26.999983160000003;	1.0;	103532.0;	32578.571428571428;	0.0;	0.21428571428571427;	0.07142857142857142;	0.07142857142857142
1378468757;	1;	2699.998316;	26.999983160000003;	1.0;	103532.0;	32578.571428571428;	0.0;	0.21428571428571427;	0.07142857142857142;	0.07142857142857142
1378469057;	1;	2699.998316;	26.999983160000003;	1.0;	103532.0;	32578.571428571428;	0.0;	0.21428571428571427;	0.07142857142857142;	0.07142857142857142
1378470257;	1;	2699.998316;	31.499980353333335;	1.1666666666666667;	103532.0;	32765.0;	0.0;	0.25;	0.08333333333333333;	0.08333333333333333
1378470557;	1;	2699.998316;	24.545439236363634;	0.9090909090909091;	103532.0;	32646.909090909092;	0.0;	0.18181818181818182;	0.09090909090909091;	0.09090909090909091
1378470857;	1;	2699.998316;	24.545439236363634;	0.9090909090909091;	103532.0;	32646.909090909092;	0.0;	0.18181818181818182;	0.09090909090909091;	0.09090909090909091
1378472057;	1;	2699.998316;	24.545439236363634;	0.9090909090909091;	103532.0;	32646.909090909092;	0.0;	0.18181818181818182;	0.09090909090909091;	0.09090909090909091
1378472657;	1;	2699.998316;	24.545439236363634;	0.9090909090909091;	103532.0;	32646.909090909092;	0.0;	0.18181818181818182;	0.09090909090909091;	0.09090909090909091
1378472957;	1;	2699.998316;	24.545439236363634;	0.9090909090909091;	103532.0;	32646.909090909092;	0.0;	0.18181818181818182;	0.09090909090909091;	0.09090909090909091
1378473257;	1;	2699.998316;	24.545439236363634;	0.9090909090909091;	103532.0;	32646.909090909092;	0.0;	0.18181818181818182;	0.09090909090909091;	0.09090909090909091
1378473557;	1;	2699.998316;	11.571421354285715;	0.42857142857142855;	103532.0;	17973.14285714286;	0.0;	0.9285714285714286;	0.15384615384615385;	0.15384615384615385
1378473857;	1;	2699.998316;	21.599986528000002;	0.8;	103532.0;	36697.6;	0.0;	0.13333333333333333;	0.13333333333333333;	0.13333333333333333
1378474157;	1;	2699.998316;	25.199984282666666;	0.9333333333333332;	103532.0;	35474.933333333334;	0.0;	0.26666666666666666;	0.2;	0.2
1378474457;	1;	2699.998316;	28.799982037333333;	1.0666666666666667;	103532.0;	39844.0;	0.0;	0.13333333333333333;	0.6666666666666666;	0.6666666666666666
1378474757;	1;	2699.998316;	21.599986528000002;	0.8;	103532.0;	35649.6;	0.0;	0.13333333333333333;	0.13333333333333333;	0.13333333333333333
1378475057;	1;	2699.998316;	19.799987650666665;	0.7333333333333333;	103532.0;	30930.133333333335;	0.0;	0.26666666666666666;	0.13333333333333333;	0.13333333333333333
1378475358;	1;	2699.998316;	28.799982037333333;	1.0666666666666667;	103532.0;	33552.0;	0.0;	0.2;	0.13333333333333333;	0.13333333333333333
1378475658;	1;	2699.998316;	25.199984282666666;	0.9333333333333332;	103532.0;	38795.73333333333;	0.0;	0.2;	0.13333333333333333;	0.13333333333333333
1378475958;	1;	2699.998316;	21.599986528000002;	0.8;	103532.0;	35649.6;	0.0;	0.13333333333333333;	0.2;	0.2
1378476258;	1;	2699.998316;	28.799982037333333;	1.0666666666666667;	103532.0;	42465.6;	0.0;	0.26666666666666666;	0.13333333333333333;	0.13333333333333333
1378476558;	1;	2699.998316;	25.199984282666666;	0.9333333333333332;	103532.0;	32504.0;	0.0;	0.13333333333333333;	0.2;	0.2
1378476858;	1;	2699.998316;	21.599986528000002;	0.8;	103532.0;	33552.0;	0.0;	0.26666666666666666;	0.6666666666666666;	0.6666666666666666
1378477158;	1;	2699.998316;	25.199984282666666;	0.9333333333333332;	103532.0;	31456.0;	0.0;	0.26666666666666666;	0.13333333333333333;	0.13333333333333333
1378477458;	1;	2699.998316;	25.199984282666666;	0.9333333333333332;	103532.0;	35125.6;	0.0;	0.13333333333333333;	0.13333333333333333;	0.13333333333333333
1378477758;	1;	2699.998316;	25.199984282666666;	0.9333333333333332;	103532.0;	42466.4;	0.0;	0.2;	0.13333333333333333;	0.13333333333333333
1378478058;	1;	2699.998316;	21.599986528000002;	0.8;	103532.0;	36698.4;	0.0;	0.13333333333333333;	0.6;	0.5333333333333333
1378478358;	1;	2699.998316;	28.799982037333333;	1.0666666666666667;	103532.0;	38796.0;	0.0;	0.2;	0.06666666666666667;	0.06666666666666667
1378478658;	1;	2699.998316;	25.199984282666666;	0.9333333333333332;	103532.0;	31979.2;	0.0;	0.2;	0.13333333333333333;	0.13333333333333333
1378478958;	1;	2699.998316;	21.599986528000002;	0.8;	103532.0;	32503.2;	0.0;	0.2;	0.06666666666666667;	0.06666666666666667
1378479258;	1;	2699.998316;	28.799982037333333;	1.0666666666666667;	103532.0;	35125.6;	0.0;	0.26666666666666666;	0.13333333333333333;	0.13333333333333333
1378479558;	1;	2699.998316;	25.199984282666666;	0.9333333333333332;	103532.0;	38270.4;	0.0;	0.13333333333333333;	0.06666666666666667;	0.06666666666666667
1378479858;	1;	2699.998316;	21.599986528000002;	0.8;	103532.0;	29357.6;	0.0;	0.13333333333333333;	0.06666666666666667;	0.06666666666666667
1378480158;	1;	2699.998316;	25.199984282666666;	0.9333333333333332;	103532.0;	31455.2;	0.0;	0.2;	0.26666666666666666;	0.26666666666666666
1378480458;	1;	2699.998316;	28.799982037333333;	1.0666666666666667;	103532.0;	35649.6;	0.0;	0.2;	0.6;	0.5333333333333333
1378480758;	1;	2699.998316;	21.599986528000002;	0.8;	103532.0;	36697.6;	0.0;	0.26666666666666666;	0.13333333333333333;	0.13333333333333333
1378481058;	1;	2699.998316;	23.399985405333336;	0.8666666666666667;	103532.0;	31455.2;	0.0;	0.2;	0.13333333333333333;	0.13333333333333333
1378481358;	1;	2699.998316;	25.199984282666666;	0.9333333333333332;	103532.0;	28832.8;	0.0;	0.26666666666666666;	0.2;	0.2
1378481658;	1;	2699.998316;	25.199984282666666;	0.9333333333333332;	103532.0;	27260.8;	0.0;	0.2;	0.6;	0.6
1378481958;	1;	2699.998316;	21.599986528000002;	0.8;	103532.0;	26212.0;	0.0;	0.13333333333333333;	0.13333333333333333;	0.13333333333333333
1378482258;	1;	2699.998316;	25.199984282666666;	0.9333333333333332;	103532.0;	37571.46666666667;	0.0;	0.26666666666666666;	0.13333333333333333;	0.13333333333333333
1378482558;	1;	2699.998316;	28.799982037333333;	1.0666666666666667;	103532.0;	38097.333333333336;	0.0;	0.13333333333333333;	0.13333333333333333;	0.13333333333333333
1378482858;	1;	2699.998316;	21.599986528000002;	0.8;	103532.0;	38271.2;	0.0;	0.13333333333333333;	0.06666666666666667;	0.06666666666666667
1378483158;	1;	2699.998316;	23.399985405333336;	0.8666666666666667;	103532.0;	33028.0;	0.0;	0.2;	0.13333333333333333;	0.13333333333333333
1378483459;	1;	2699.998316;	26.999983160000003;	1.0;	103532.0;	31979.2;	0.0;	0.2;	0.13333333333333333;	0.06666666666666667
1378483759;	1;	2699.998316;	25.199984282666666;	0.9333333333333332;	103532.0;	34600.0;	0.0;	0.13333333333333333;	0.13333333333333333;	0.13333333333333333
1378484059;	1;	2699.998316;	21.599986528000002;	0.8;	103532.0;	33028.0;	0.0;	0.26666666666666666;	1.1333333333333333;	1.1333333333333333
1378484359;	1;	2699.998316;	28.799982037333333;	1.0666666666666667;	103532.0;	35649.6;	0.0;	0.2;	0.06666666666666667;	0.06666666666666667
1378484659;	1;	2699.998316;	25.199984282666666;	0.9333333333333332;	103532.0;	35125.6;	0.0;	0.2;	0.13333333333333333;	0.06666666666666667
1378484959;	1;	2699.998316;	21.599986528000002;	0.8;	103532.0;	27784.0;	0.0;	0.13333333333333333;	0.13333333333333333;	0.13333333333333333
1378485259;	1;	2699.998316;	25.199984282666666;	0.9333333333333332;	103532.0;	37747.2;	0.0;	0.26666666666666666;	0.6666666666666666;	0.6666666666666666
1378485559;	1;	2699.998316;	25.199984282666666;	0.9333333333333332;	103532.0;	36174.4;	0.0;	0.2;	0.2;	0.2
1378485859;	1;	2699.998316;	25.199984282666666;	0.9333333333333332;	103532.0;	36699.2;	0.0;	0.26666666666666666;	0.13333333333333333;	0.13333333333333333
1378486159;	1;	2699.998316;	21.599986528000002;	0.8;	103532.0;	30407.2;	0.0;	0.13333333333333333;	0.13333333333333333;	0.13333333333333333
1378486459;	1;	2699.998316;	28.799982037333333;	1.0666666666666667;	103532.0;	27260.0;	0.0;	0.2;	0.13333333333333333;	0.13333333333333333
1378486759;	1;	2699.998316;	25.199984282666666;	0.9333333333333332;	103532.0;	34600.8;	0.0;	0.13333333333333333;	0.2;	0.2
1378487059;	1;	2699.998316;	21.599986528000002;	0.8;	103532.0;	29358.4;	0.0;	0.2;	0.13333333333333333;	0.13333333333333333
1378487359;	1;	2699.998316;	25.199984282666666;	0.9333333333333332;	103532.0;	31629.333333333332;	0.0;	0.13333333333333333;	0.26666666666666666;	0.26666666666666666
1378487659;	1;	2699.998316;	25.199984282666666;	0.9333333333333332;	103532.0;	34601.6;	0.0;	0.26666666666666666;	0.6666666666666666;	0.6666666666666666
1378487959;	1;	2699.998316;	25.199984282666666;	0.9333333333333332;	103532.0;	30929.6;	0.0;	0.2;	0.2;	0.2
1378488259;	1;	2699.998316;	21.599986528000002;	0.8;	103532.0;	29882.4;	0.0;	0.13333333333333333;	0.13333333333333333;	0.13333333333333333
1378488559;	1;	2699.998316;	28.799982037333333;	1.0666666666666667;	103532.0;	29008.533333333333;	0.0;	0.26666666666666666;	0.13333333333333333;	0.13333333333333333
1378488859;	1;	2699.998316;	25.199984282666666;	0.9333333333333332;	103532.0;	33028.8;	0.0;	0.2;	0.6666666666666666;	0.6666666666666666
1378489159;	1;	2699.998316;	21.599986528000002;	0.8;	103532.0;	30230.933333333334;	0.0;	0.13333333333333333;	0.13333333333333333;	0.13333333333333333
1378489459;	1;	2699.998316;	21.599986528000002;	0.8;	103532.0;	39144.8;	0.0;	0.26666666666666666;	0.13333333333333333;	0.13333333333333333
1378489759;	1;	2699.998316;	25.199984282666666;	0.9333333333333332;	103532.0;	34076.8;	0.0;	0.26666666666666666;	0.13333333333333333;	0.13333333333333333
1378490059;	1;	2699.998316;	28.799982037333333;	1.0666666666666667;	103532.0;	29882.4;	0.0;	0.13333333333333333;	0.13333333333333333;	0.13333333333333333
1378490359;	1;	2699.998316;	21.599986528000002;	0.8;	103532.0;	36698.4;	0.0;	0.13333333333333333;	0.2;	0.2
1378490659;	1;	2699.998316;	21.599986528000002;	0.8;	103532.0;	34076.8;	0.0;	0.13333333333333333;	0.06666666666666667;	0.06666666666666667
1378490959;	1;	2699.998316;	26.999983160000003;	1.0;	103532.0;	30407.2;	0.0;	0.2;	0.13333333333333333;	0.13333333333333333
1378491259;	1;	2699.998316;	25.199984282666666;	0.9333333333333332;	103532.0;	34600.8;	0.0;	0.2;	0.6666666666666666;	0.6666666666666666
1378491559;	1;	2699.998316;	21.599986528000002;	0.8;	103532.0;	31979.2;	0.0;	0.13333333333333333;	0.13333333333333333;	0.06666666666666667
1378491859;	1;	2699.998316;	25.199984282666666;	0.9333333333333332;	103532.0;	32853.333333333336;	0.0;	0.26666666666666666;	0.2;	0.2
1378492159;	1;	2699.998316;	28.799982037333333;	1.0666666666666667;	103532.0;	36174.4;	0.0;	0.2;	0.13333333333333333;	0.13333333333333333
1378492459;	1;	2699.998316;	21.599986528000002;	0.8;	103532.0;	34601.6;	0.0;	0.13333333333333333;	0.8;	0.7333333333333333
1378492759;	1;	2699.998316;	25.199984282666666;	0.9333333333333332;	103532.0;	39145.86666666667;	0.0;	0.26666666666666666;	0.06666666666666667;	0.06666666666666667
1378493059;	1;	2699.998316;	28.799982037333333;	1.0666666666666667;	103532.0;	34076.0;	0.0;	0.13333333333333333;	0.2;	0.2
1378493360;	1;	2699.998316;	21.599986528000002;	0.8;	103532.0;	25688.0;	0.0;	0.26666666666666666;	0.13333333333333333;	0.13333333333333333
1378493660;	1;	2699.998316;	25.199984282666666;	0.9333333333333332;	103532.0;	30581.866666666665;	0.0;	0.2;	0.13333333333333333;	0.13333333333333333
1378493960;	1;	2699.998316;	28.799982037333333;	1.0666666666666667;	103532.0;	31979.2;	0.0;	0.2;	0.2;	0.2
1378494260;	1;	2699.998316;	21.599986528000002;	0.8;	103532.0;	34251.46666666667;	0.0;	0.2;	0.13333333333333333;	0.13333333333333333
1378494560;	1;	2699.998316;	21.599986528000002;	0.8;	103532.0;	34600.0;	0.0;	0.13333333333333333;	0.2;	0.2
1378494860;	1;	2699.998316;	28.799982037333333;	1.0666666666666667;	103532.0;	34601.6;	0.0;	0.3333333333333333;	0.6666666666666666;	0.6666666666666666
1378495160;	1;	2699.998316;	25.199984282666666;	0.9333333333333332;	103532.0;	29358.4;	0.0;	0.2;	0.13333333333333333;	0.13333333333333333
1378495460;	1;	2699.998316;	21.599986528000002;	0.8;	103532.0;	27260.0;	0.0;	0.13333333333333333;	0.13333333333333333;	0.13333333333333333
1378495760;	1;	2699.998316;	28.799982037333333;	1.0666666666666667;	103532.0;	32678.4;	0.0;	0.2;	0.13333333333333333;	0.13333333333333333
1378496060;	1;	2699.998316;	25.199984282666666;	0.9333333333333332;	103532.0;	34775.46666666667;	0.0;	0.2;	0.6666666666666666;	0.6666666666666666
1378496360;	1;	2699.998316;	21.599986528000002;	0.8;	103532.0;	34076.8;	0.0;	0.13333333333333333;	0.13333333333333333;	0.13333333333333333
1378496660;	1;	2699.998316;	25.199984282666666;	0.9333333333333332;	103532.0;	33203.2;	0.0;	0.26666666666666666;	0.13333333333333333;	0.13333333333333333
1378496960;	1;	2699.998316;	28.799982037333333;	1.0666666666666667;	103532.0;	35649.6;	0.0;	0.13333333333333333;	0.06666666666666667;	0.06666666666666667
1378497260;	1;	2699.998316;	21.599986528000002;	0.8;	103532.0;	37221.86666666667;	0.0;	0.13333333333333333;	0.13333333333333333;	0.06666666666666667
1378497560;	1;	2699.998316;	25.199984282666666;	0.9333333333333332;	103532.0;	30580.8;	0.0;	0.2;	0.2;	0.2
1378497860;	1;	2699.998316;	25.199984282666666;	0.9333333333333332;	103532.0;	30756.0;	0.0;	0.13333333333333333;	0.13333333333333333;	0.13333333333333333
1378498160;	1;	2699.998316;	25.199984282666666;	0.9333333333333332;	103532.0;	39844.26666666667;	0.0;	0.2;	0.2;	0.2
1378498460;	1;	2699.998316;	21.599986528000002;	0.8;	103532.0;	33902.13333333333;	0.0;	0.2;	0.6666666666666666;	0.6666666666666666
1378498760;	1;	2699.998316;	21.599986528000002;	0.8;	103532.0;	29532.266666666666;	0.0;	0.13333333333333333;	0.26666666666666666;	0.26666666666666666
1378499060;	1;	2699.998316;	28.799982037333333;	1.0666666666666667;	103532.0;	35999.2;	0.0;	0.26666666666666666;	0.13333333333333333;	0.13333333333333333
1378499360;	1;	2699.998316;	25.199984282666666;	0.9333333333333332;	103532.0;	34076.0;	0.0;	0.2;	0.5333333333333333;	0.5333333333333333
1378499660;	1;	2699.998316;	21.599986528000002;	0.8;	103532.0;	29357.6;	0.0;	0.13333333333333333;	0.6666666666666666;	0.6666666666666666
1378499960;	1;	2699.998316;	25.199984282666666;	0.9333333333333332;	103532.0;	34600.0;	0.0;	0.3333333333333333;	0.2;	0.2
1378500260;	1;	2699.998316;	28.799982037333333;	1.0666666666666667;	103532.0;	32503.466666666667;	0.0;	0.13333333333333333;	0.13333333333333333;	0.13333333333333333
1378500560;	1;	2699.998316;	21.599986528000002;	0.8;	103532.0;	38446.4;	0.0;	0.13333333333333333;	0.13333333333333333;	0.13333333333333333
1378500860;	1;	2699.998316;	25.199984282666666;	0.9333333333333332;	103532.0;	36698.4;	0.0;	0.26666666666666666;	0.13333333333333333;	0.13333333333333333
1378501160;	1;	2699.998316;	28.799982037333333;	1.0666666666666667;	103532.0;	35125.86666666667;	0.0;	0.13333333333333333;	0.2;	0.2
1378501460;	1;	2699.998316;	21.599986528000002;	0.8;	103532.0;	36698.933333333334;	0.0;	0.2;	0.13333333333333333;	0.13333333333333333
1378501760;	1;	2699.998316;	21.599986528000002;	0.8;	103532.0;	33552.8;	0.0;	0.2;	0.13333333333333333;	0.13333333333333333
1378502060;	1;	2699.998316;	25.199984282666666;	0.9333333333333332;	103532.0;	36872.8;	0.0;	0.26666666666666666;	0.6;	0.6
1378502360;	1;	2699.998316;	25.199984282666666;	0.9333333333333332;	103532.0;	38796.0;	0.0;	0.13333333333333333;	0.06666666666666667;	0.06666666666666667
1378502660;	1;	2699.998316;	25.199984282666666;	0.9333333333333332;	103532.0;	32503.466666666667;	0.0;	0.13333333333333333;	0.13333333333333333;	0.13333333333333333
1378502960;	1;	2699.998316;	21.599986528000002;	0.8;	103532.0;	37397.6;	0.0;	0.13333333333333333;	0.13333333333333333;	0.13333333333333333
1378503260;	1;	2699.998316;	25.199984282666666;	0.9333333333333332;	103532.0;	38620.53333333333;	0.0;	0.26666666666666666;	0.6666666666666666;	0.6666666666666666
1378503560;	1;	2699.998316;	25.199984282666666;	0.9333333333333332;	103532.0;	36524.0;	0.0;	0.13333333333333333;	0.13333333333333333;	0.13333333333333333
1378503860;	1;	2699.998316;	25.199984282666666;	0.9333333333333332;	103532.0;	32503.733333333334;	0.0;	0.2;	0.13333333333333333;	0.13333333333333333
1378504160;	1;	2699.998316;	21.599986528000002;	0.8;	103532.0;	34600.8;	0.0;	0.13333333333333333;	0.13333333333333333;	0.13333333333333333
1378504460;	1;	2699.998316;	25.199984282666666;	0.9333333333333332;	103532.0;	31454.666666666668;	0.0;	0.2;	0.2;	0.2
1378504760;	1;	2699.998316;	28.799982037333333;	1.0666666666666667;	103532.0;	30406.133333333335;	0.0;	0.13333333333333333;	0.2;	0.2
1378505060;	1;	2699.998316;	10.799993264000001;	0.4;	103532.0;	32852.8;	0.0;	0.06666666666666667;	0.2;	0.2
1378505360;	1;	2699.998316;	26.999983160000003;	1.0;	103532.0;	31629.066666666666;	0.0;	0.2;	0.13333333333333333;	0.13333333333333333
1378505660;	1;	2699.998316;	25.199984282666666;	0.9333333333333332;	103532.0;	31804.533333333333;	0.0;	0.13333333333333333;	0.6;	0.6
1378505960;	1;	2699.998316;	21.599986528000002;	0.8;	103532.0;	32503.733333333334;	0.0;	0.13333333333333333;	0.13333333333333333;	0.13333333333333333
1378506260;	1;	2699.998316;	21.599986528000002;	0.8;	103532.0;	28309.6;	0.0;	0.13333333333333333;	0.06666666666666667;	0.06666666666666667
1378506560;	1;	2699.998316;	28.799982037333333;	1.0666666666666667;	103532.0;	28833.866666666665;	0.0;	0.2;	0.13333333333333333;	0.13333333333333333
1378506860;	1;	2699.998316;	25.199984282666666;	0.9333333333333332;	103532.0;	27086.933333333334;	0.0;	0.26666666666666666;	0.6666666666666666;	0.6666666666666666
1378507160;	1;	2699.998316;	21.599986528000002;	0.8;	103532.0;	33902.666666666664;	0.0;	0.13333333333333333;	0.13333333333333333;	0.13333333333333333
1378507460;	1;	2699.998316;	25.199984282666666;	0.9333333333333332;	103532.0;	35824.53333333333;	0.0;	0.26666666666666666;	0.13333333333333333;	0.13333333333333333
1378507761;	1;	2699.998316;	28.799982037333333;	1.0666666666666667;	103532.0;	35998.666666666664;	0.0;	0.13333333333333333;	0.13333333333333333;	0.13333333333333333
1378508061;	1;	2699.998316;	21.599986528000002;	0.8;	103532.0;	32329.066666666666;	0.0;	0.13333333333333333;	0.13333333333333333;	0.13333333333333333
1378508361;	1;	2699.998316;	21.599986528000002;	0.8;	103532.0;	32503.733333333334;	0.0;	0.2;	0.2;	0.2
1378508661;	1;	2699.998316;	28.799982037333333;	1.0666666666666667;	103532.0;	40368.53333333333;	0.0;	0.2;	0.13333333333333333;	0.13333333333333333
1378508961;	1;	2699.998316;	25.199984282666666;	0.9333333333333332;	103532.0;	36174.13333333333;	0.0;	0.2;	0.3333333333333333;	0.3333333333333333
1378509261;	1;	2699.998316;	21.599986528000002;	0.8;	103532.0;	33203.2;	0.0;	0.13333333333333333;	0.6666666666666666;	0.6666666666666666
1378509561;	1;	2699.998316;	26.999983160000003;	1.0;	103532.0;	37222.933333333334;	0.0;	0.26666666666666666;	0.13333333333333333;	0.13333333333333333
1378509861;	1;	2699.998316;	25.199984282666666;	0.9333333333333332;	103532.0;	37746.933333333334;	0.0;	0.2;	0.26666666666666666;	0.26666666666666666
1378510161;	1;	2699.998316;	19.799987650666665;	0.7333333333333333;	103532.0;	35126.13333333333;	0.0;	0.13333333333333333;	0.13333333333333333;	0.13333333333333333
1378510461;	1;	2699.998316;	21.599986528000002;	0.8;	103532.0;	40543.2;	0.0;	0.2;	0.6;	0.6
1378510761;	1;	2699.998316;	28.799982037333333;	1.0666666666666667;	103532.0;	34251.2;	0.0;	0.2;	0.13333333333333333;	0.13333333333333333
1378511061;	1;	2699.998316;	25.199984282666666;	0.9333333333333332;	103532.0;	35999.2;	0.0;	0.2;	0.06666666666666667;	0.06666666666666667
1378511361;	1;	2699.998316;	21.599986528000002;	0.8;	103532.0;	36348.26666666667;	0.0;	0.13333333333333333;	0.2;	0.2
1378511661;	1;	2699.998316;	25.199984282666666;	0.9333333333333332;	103532.0;	34601.6;	0.0;	0.26666666666666666;	0.13333333333333333;	0.13333333333333333
1378511961;	1;	2699.998316;	28.799982037333333;	1.0666666666666667;	103532.0;	33027.73333333333;	0.0;	0.13333333333333333;	0.2;	0.2
1378512261;	1;	2699.998316;	21.599986528000002;	0.8;	103532.0;	35124.8;	0.0;	0.13333333333333333;	0.13333333333333333;	0.13333333333333333
1378512561;	1;	2699.998316;	21.599986528000002;	0.8;	103532.0;	39669.066666666666;	0.0;	0.2;	0.2;	0.2
1378512861;	1;	2699.998316;	28.799982037333333;	1.0666666666666667;	103532.0;	38270.933333333334;	0.0;	0.26666666666666666;	0.6666666666666666;	0.6666666666666666
1378513161;	1;	2699.998316;	23.399985405333336;	0.8666666666666667;	103532.0;	35124.53333333333;	0.0;	0.26666666666666666;	0.13333333333333333;	0.13333333333333333
1378513461;	1;	2699.998316;	21.599986528000002;	0.8;	103532.0;	38096.53333333333;	0.0;	0.2;	0.13333333333333333;	0.13333333333333333
1378513761;	1;	2699.998316;	25.199984282666666;	0.9333333333333332;	103532.0;	38971.2;	0.0;	0.26666666666666666;	0.13333333333333333;	0.13333333333333333
1378514061;	1;	2699.998316;	28.799982037333333;	1.0666666666666667;	103532.0;	37397.6;	0.0;	0.2;	0.7333333333333333;	0.7333333333333333
1378514361;	1;	2699.998316;	21.599986528000002;	0.8;	103532.0;	38271.73333333333;	0.0;	0.13333333333333333;	0.06666666666666667;	0.06666666666666667
1378514661;	1;	2699.998316;	21.599986528000002;	0.8;	103532.0;	32503.733333333334;	0.0;	0.3333333333333333;	0.13333333333333333;	0.06666666666666667
1378514961;	1;	2699.998316;	28.799982037333333;	1.0666666666666667;	103532.0;	30755.733333333334;	0.0;	0.2;	0.2;	0.13333333333333333
1378515261;	1;	2699.998316;	25.199984282666666;	0.9333333333333332;	103532.0;	33553.066666666666;	0.0;	0.2;	0.13333333333333333;	0.06666666666666667
1378515561;	1;	2699.998316;	21.599986528000002;	0.8;	103532.0;	37222.4;	0.0;	0.13333333333333333;	0.2;	0.13333333333333333
1378515861;	1;	2699.998316;	28.799982037333333;	1.0666666666666667;	103532.0;	35125.333333333336;	0.0;	0.2;	0.2;	0.2
1378516161;	1;	2699.998316;	25.199984282666666;	0.9333333333333332;	103532.0;	30231.2;	0.0;	0.13333333333333333;	0.2;	0.2
1378516461;	1;	2699.998316;	25.199984282666666;	0.9333333333333332;	103532.0;	35999.2;	0.0;	0.2;	0.6666666666666666;	0.6666666666666666
1378516761;	1;	2699.998316;	25.199984282666666;	0.9333333333333332;	103532.0;	35649.333333333336;	0.0;	0.26666666666666666;	0.2;	0.2
1378517061;	1;	2699.998316;	25.199984282666666;	0.9333333333333332;	103532.0;	33202.933333333334;	0.0;	0.2;	0.13333333333333333;	0.13333333333333333
1378517361;	1;	2699.998316;	25.199984282666666;	0.9333333333333332;	103532.0;	33552.0;	0.0;	0.2;	0.2;	0.2
1378517661;	1;	2699.998316;	21.599986528000002;	0.8;	103532.0;	32503.2;	0.0;	0.13333333333333333;	0.6666666666666666;	0.6666666666666666
1378517961;	1;	2699.998316;	28.799982037333333;	1.0666666666666667;	103532.0;	28484.266666666666;	0.0;	0.26666666666666666;	0.13333333333333333;	0.13333333333333333
1378518261;	1;	2699.998316;	25.199984282666666;	0.9333333333333332;	103532.0;	31456.0;	0.0;	0.13333333333333333;	0.13333333333333333;	0.13333333333333333
1378518561;	1;	2699.998316;	21.599986528000002;	0.8;	103532.0;	39319.46666666667;	0.0;	0.13333333333333333;	0.13333333333333333;	0.13333333333333333
1378518861;	1;	2699.998316;	25.199984282666666;	0.9333333333333332;	103532.0;	37921.86666666667;	0.0;	0.3333333333333333;	0.13333333333333333;	0.13333333333333333
1378519161;	1;	2699.998316;	28.799982037333333;	1.0666666666666667;	103532.0;	29182.4;	0.0;	0.13333333333333333;	0.13333333333333333;	0.13333333333333333
1378519461;	1;	2699.998316;	21.599986528000002;	0.8;	103532.0;	32678.4;	0.0;	0.13333333333333333;	0.13333333333333333;	0.13333333333333333
1378519761;	1;	2699.998316;	21.599986528000002;	0.8;	103532.0;	28134.666666666668;	0.0;	0.2;	0.13333333333333333;	0.2
1378520061;	1;	2699.998316;	28.799982037333333;	1.0666666666666667;	103532.0;	34600.53333333333;	0.0;	0.26666666666666666;	0.6666666666666666;	0.6666666666666666
1378520361;	1;	2699.998316;	25.199984282666666;	0.9333333333333332;	103532.0;	37572.0;	0.0;	0.2;	0.13333333333333333;	0.13333333333333333
1378520662;	1;	2699.998316;	21.599986528000002;	0.8;	103532.0;	33728.0;	0.0;	0.13333333333333333;	0.13333333333333333;	0.13333333333333333
1378520962;	1;	2699.998316;	25.199984282666666;	0.9333333333333332;	103532.0;	39319.2;	0.0;	0.2;	0.13333333333333333;	0.13333333333333333
1378521262;	1;	2699.998316;	25.199984282666666;	0.9333333333333332;	103532.0;	35998.933333333334;	0.0;	0.13333333333333333;	0.6;	0.6
1378521562;	1;	2699.998316;	25.199984282666666;	0.9333333333333332;	103532.0;	37748.0;	0.0;	0.13333333333333333;	0.13333333333333333;	0.13333333333333333
1378521862;	1;	2699.998316;	21.599986528000002;	0.8;	103532.0;	35825.066666666666;	0.0;	0.2;	0.13333333333333333;	0.13333333333333333
1378522162;	1;	2699.998316;	28.799982037333333;	1.0666666666666667;	103532.0;	35999.73333333333;	0.0;	0.26666666666666666;	0.2;	0.2
1378522462;	1;	2699.998316;	25.199984282666666;	0.9333333333333332;	103532.0;	37747.2;	0.0;	0.26666666666666666;	0.06666666666666667;	0.06666666666666667
1378522762;	1;	2699.998316;	21.599986528000002;	0.8;	103532.0;	36523.2;	0.0;	0.13333333333333333;	0.4666666666666667;	0.4666666666666667
1378523062;	1;	2699.998316;	23.399985405333336;	0.8666666666666667;	103532.0;	34776.0;	0.0;	0.26666666666666666;	0.13333333333333333;	0.13333333333333333
1378523362;	1;	2699.998316;	28.799982037333333;	1.0666666666666667;	103532.0;	36348.53333333333;	0.0;	0.13333333333333333;	0.13333333333333333;	0.13333333333333333
1378523662;	1;	2699.998316;	21.599986528000002;	0.8;	103532.0;	40019.2;	0.0;	0.13333333333333333;	0.6;	0.6
1378523962;	1;	2699.998316;	21.599986528000002;	0.8;	103532.0;	42641.333333333336;	0.0;	0.13333333333333333;	0.13333333333333333;	0.13333333333333333
1378524262;	1;	2699.998316;	28.799982037333333;	1.0666666666666667;	103532.0;	36698.4;	0.0;	0.2;	0.06666666666666667;	0.06666666666666667
1378524562;	1;	2699.998316;	25.199984282666666;	0.9333333333333332;	103532.0;	36173.86666666667;	0.0;	0.26666666666666666;	0.06666666666666667;	0.06666666666666667
1378524862;	1;	2699.998316;	21.599986528000002;	0.8;	103532.0;	37572.0;	0.0;	0.13333333333333333;	0.6;	0.6666666666666666
1378525162;	1;	2699.998316;	25.199984282666666;	0.9333333333333332;	103532.0;	37921.066666666666;	0.0;	0.2;	0.06666666666666667;	0.06666666666666667
1378525462;	1;	2699.998316;	28.799982037333333;	1.0666666666666667;	103532.0;	38445.333333333336;	0.0;	0.2;	0.13333333333333333;	0.13333333333333333
1378525762;	1;	2699.998316;	21.599986528000002;	0.8;	103532.0;	31454.4;	0.0;	0.13333333333333333;	0.13333333333333333;	0.13333333333333333
1378526062;	1;	2699.998316;	21.599986528000002;	0.8;	103532.0;	31804.533333333333;	0.0;	0.2;	0.13333333333333333;	0.13333333333333333
1378526362;	1;	2699.998316;	28.799982037333333;	1.0666666666666667;	103532.0;	31280.266666666666;	0.0;	0.2;	0.2;	0.2
1378526662;	1;	2699.998316;	25.199984282666666;	0.9333333333333332;	103532.0;	36523.73333333333;	0.0;	0.13333333333333333;	0.06666666666666667;	0.06666666666666667
1378527862;	1;	2699.998316;	0.0;	0.0;	103532.0;	7864.0;	0.0;	0.0;	0.15384615384615385;	0.15384615384615385
1378528762;	1;	2699.997987;	0.0;	0.0;	103532.0;	10309.333333333334;	0.0;	0.0;	0.06666666666666667;	0.06666666666666667
1378529062;	1;	2699.997987;	21.599983896000005;	0.8;	103532.0;	33552.0;	0.0;	0.2;	0.06666666666666667;	0.06666666666666667
1378529362;	1;	2699.997987;	28.799978528;	1.0666666666666667;	103532.0;	36872.8;	0.0;	0.26666666666666666;	0.06666666666666667;	0.06666666666666667
1378529662;	1;	2699.997987;	25.199981211999997;	0.9333333333333332;	103532.0;	36872.8;	0.0;	0.2;	0.06666666666666667;	0.06666666666666667
1378529963;	1;	2699.997987;	21.599983896000005;	0.8;	103532.0;	35475.2;	0.0;	0.13333333333333333;	0.2;	0.2
1378530263;	1;	2699.997987;	25.199981211999997;	0.9333333333333332;	103532.0;	30405.866666666665;	0.0;	0.2;	0.13333333333333333;	0.13333333333333333
1378530563;	1;	2699.997987;	28.799978528;	1.0666666666666667;	103532.0;	31804.0;	0.0;	0.2;	0.2;	0.2
1378530863;	1;	2699.997987;	21.599983896000005;	0.8;	103532.0;	44038.933333333334;	0.0;	0.13333333333333333;	0.6666666666666666;	0.6666666666666666
1378531163;	1;	2699.997987;	25.199981211999997;	0.9333333333333332;	103532.0;	37572.8;	0.0;	0.26666666666666666;	0.13333333333333333;	0.13333333333333333
1378531463;	1;	2699.997987;	25.199981211999997;	0.9333333333333332;	103532.0;	40369.333333333336;	0.0;	0.13333333333333333;	0.13333333333333333;	0.13333333333333333
1378531763;	1;	2699.997987;	25.199981211999997;	0.9333333333333332;	103532.0;	39145.86666666667;	0.0;	0.2;	0.13333333333333333;	0.13333333333333333
1378532063;	1;	2699.997987;	21.599983896000005;	0.8;	103532.0;	34951.2;	0.0;	0.2;	0.6;	0.6666666666666666
1378532363;	1;	2699.997987;	25.199981211999997;	0.9333333333333332;	103532.0;	35300.8;	0.0;	0.26666666666666666;	0.13333333333333333;	0.13333333333333333
1378532663;	1;	2699.997987;	28.799978528;	1.0666666666666667;	103532.0;	40893.066666666666;	0.0;	0.2;	0.13333333333333333;	0.13333333333333333
1378532963;	1;	2699.997987;	21.599983896000005;	0.8;	103532.0;	35475.46666666667;	0.0;	0.13333333333333333;	0.13333333333333333;	0.13333333333333333
1378533263;	1;	2699.997987;	21.599983896000005;	0.8;	103532.0;	35999.73333333333;	0.0;	0.2;	0.13333333333333333;	0.13333333333333333
1378533563;	1;	2699.997987;	28.799978528;	1.0666666666666667;	103532.0;	38096.0;	0.0;	0.26666666666666666;	0.26666666666666666;	0.26666666666666666
1378533863;	1;	2699.997987;	25.199981211999997;	0.9333333333333332;	103532.0;	30931.2;	0.0;	0.2;	0.13333333333333333;	0.13333333333333333
1378534163;	1;	2699.997987;	21.599983896000005;	0.8;	103532.0;	33202.933333333334;	0.0;	0.13333333333333333;	0.2;	0.2
1378534463;	1;	2699.997987;	28.799978528;	1.0666666666666667;	103532.0;	34950.4;	0.0;	0.2;	0.6666666666666666;	0.6666666666666666
1378534763;	1;	2699.997987;	28.799978528;	1.0666666666666667;	103532.0;	34077.066666666666;	0.0;	0.2;	0.13333333333333333;	0.13333333333333333
1378535063;	1;	2699.997987;	21.599983896000005;	0.8;	103532.0;	33726.666666666664;	0.0;	0.13333333333333333;	0.13333333333333333;	0.13333333333333333
1378535363;	1;	2699.997987;	21.599983896000005;	0.8;	103532.0;	38271.73333333333;	0.0;	0.26666666666666666;	0.06666666666666667;	0.06666666666666667
1378535663;	1;	2699.997987;	28.799978528;	1.0666666666666667;	103532.0;	33553.333333333336;	0.0;	0.2;	1.0;	1.0
1378535963;	1;	2699.997987;	25.199981211999997;	0.9333333333333332;	103532.0;	35824.0;	0.0;	0.26666666666666666;	0.13333333333333333;	0.13333333333333333
1378536263;	1;	2699.997987;	21.599983896000005;	0.8;	103532.0;	32153.866666666665;	0.0;	0.13333333333333333;	0.06666666666666667;	0.06666666666666667
1378536563;	1;	2699.997987;	25.199981211999997;	0.9333333333333332;	103532.0;	37570.933333333334;	0.0;	0.26666666666666666;	0.06666666666666667;	0.06666666666666667
1378536863;	1;	2699.997987;	28.799978528;	1.0666666666666667;	103532.0;	41765.86666666667;	0.0;	0.13333333333333333;	0.06666666666666667;	0.06666666666666667
1378537163;	1;	2699.997987;	21.599983896000005;	0.8;	103532.0;	34601.6;	0.0;	0.2;	0.13333333333333333;	0.13333333333333333
1378537463;	1;	2699.997987;	21.599983896000005;	0.8;	103532.0;	31280.8;	0.0;	0.13333333333333333;	0.06666666666666667;	0.06666666666666667
1378537763;	1;	2699.997987;	25.199981211999997;	0.9333333333333332;	103532.0;	35824.26666666667;	0.0;	0.2;	0.26666666666666666;	0.26666666666666666
1378538063;	1;	2699.997987;	28.799978528;	1.0666666666666667;	103532.0;	34426.4;	0.0;	0.13333333333333333;	0.6;	0.6
1378538363;	1;	2699.997987;	21.599983896000005;	0.8;	103532.0;	35650.13333333333;	0.0;	0.13333333333333333;	0.13333333333333333;	0.13333333333333333
1378538663;	1;	2699.997987;	21.599983896000005;	0.8;	103532.0;	37398.13333333333;	0.0;	0.2;	0.13333333333333333;	0.13333333333333333
1378538963;	1;	2699.997987;	28.799978528;	1.0666666666666667;	103532.0;	32329.333333333332;	0.0;	0.26666666666666666;	0.13333333333333333;	0.13333333333333333
1378539263;	1;	2699.997987;	25.199981211999997;	0.9333333333333332;	103532.0;	30232.0;	0.0;	0.2;	0.6666666666666666;	0.6666666666666666
1378539563;	1;	2699.997987;	21.599983896000005;	0.8;	103532.0;	34425.6;	0.0;	0.13333333333333333;	0.06666666666666667;	0.06666666666666667
1378539863;	1;	2699.997987;	25.199981211999997;	0.9333333333333332;	103532.0;	29007.2;	0.0;	0.26666666666666666;	0.06666666666666667;	0.06666666666666667
1378540163;	1;	2699.997987;	28.799978528;	1.0666666666666667;	103532.0;	33901.066666666666;	0.0;	0.13333333333333333;	0.06666666666666667;	0.06666666666666667
1378540463;	1;	2699.997987;	21.599983896000005;	0.8;	103532.0;	32853.86666666667;	0.0;	0.13333333333333333;	0.13333333333333333;	0.13333333333333333
1378540763;	1;	2699.997987;	25.199981211999997;	0.9333333333333332;	103532.0;	36173.6;	0.0;	0.13333333333333333;	0.2;	0.2
1378541063;	1;	2699.997987;	25.199981211999997;	0.9333333333333332;	103532.0;	33902.666666666664;	0.0;	0.2;	0.13333333333333333;	0.13333333333333333
1378541363;	1;	2699.997987;	25.199981211999997;	0.9333333333333332;	103532.0;	34076.53333333333;	0.0;	0.2;	0.13333333333333333;	0.13333333333333333
1378541663;	1;	2699.997987;	21.599983896000005;	0.8;	103532.0;	32503.466666666667;	0.0;	0.13333333333333333;	0.6;	0.6
1378541963;	1;	2699.997987;	28.799978528;	1.0666666666666667;	103532.0;	28133.866666666665;	0.0;	0.2;	0.06666666666666667;	0.06666666666666667
1378542263;	1;	2699.997987;	25.199981211999997;	0.9333333333333332;	103532.0;	31280.266666666666;	0.0;	0.26666666666666666;	0.13333333333333333;	0.13333333333333333
1378542563;	1;	2699.997987;	21.599983896000005;	0.8;	103532.0;	33378.13333333333;	0.0;	0.13333333333333333;	0.13333333333333333;	0.13333333333333333
1378542863;	1;	2699.997987;	21.599983896000005;	0.8;	103532.0;	34426.4;	0.0;	0.2;	0.6666666666666666;	0.6666666666666666
1378543163;	1;	2699.997987;	25.199981211999997;	0.9333333333333332;	103532.0;	34425.6;	0.0;	0.26666666666666666;	0.13333333333333333;	0.13333333333333333
1378543463;	1;	2699.997987;	28.799978528;	1.0666666666666667;	103532.0;	37221.86666666667;	0.0;	0.26666666666666666;	0.13333333333333333;	0.13333333333333333
1378543763;	1;	2699.997987;	21.599983896000005;	0.8;	103532.0;	39843.73333333333;	0.0;	0.13333333333333333;	0.13333333333333333;	0.13333333333333333
1378544063;	1;	2699.997987;	25.199981211999997;	0.9333333333333332;	103532.0;	37396.8;	0.0;	0.26666666666666666;	0.13333333333333333;	0.13333333333333333
1378544364;	1;	2699.997987;	28.799978528;	1.0666666666666667;	103532.0;	38970.666666666664;	0.0;	0.13333333333333333;	0.2;	0.2
1378544664;	1;	2699.997987;	21.599983896000005;	0.8;	103532.0;	35999.73333333333;	0.0;	0.13333333333333333;	0.13333333333333333;	0.13333333333333333
1378544964;	1;	2699.997987;	21.599983896000005;	0.8;	103532.0;	37921.066666666666;	0.0;	0.2;	0.2;	0.2
1378545264;	1;	2699.997987;	28.799978528;	1.0666666666666667;	103532.0;	32853.333333333336;	0.0;	0.26666666666666666;	0.6666666666666666;	0.6666666666666666
1378545564;	1;	2699.997987;	25.199981211999997;	0.9333333333333332;	103532.0;	36173.066666666666;	0.0;	0.2;	0.2;	0.2
1378545864;	1;	2699.997987;	21.599983896000005;	0.8;	103532.0;	33901.6;	0.0;	0.13333333333333333;	0.2;	0.2
1378546164;	1;	2699.997987;	28.799978528;	1.0666666666666667;	103532.0;	33202.666666666664;	0.0;	0.2;	0.13333333333333333;	0.13333333333333333
1378546464;	1;	2699.997987;	25.199981211999997;	0.9333333333333332;	103532.0;	32329.066666666666;	0.0;	0.2;	0.6666666666666666;	0.6666666666666666
1378546764;	1;	2699.997987;	21.599983896000005;	0.8;	103532.0;	34776.0;	0.0;	0.13333333333333333;	0.13333333333333333;	0.13333333333333333
1378547064;	1;	2699.997987;	23.399982554000005;	0.8666666666666667;	103532.0;	33726.933333333334;	0.0;	0.3333333333333333;	0.2;	0.2
1378547364;	1;	2699.997987;	28.799978528;	1.0666666666666667;	103532.0;	34949.86666666667;	0.0;	0.13333333333333333;	0.13333333333333333;	0.13333333333333333
1378547664;	1;	2699.997987;	21.599983896000005;	0.8;	103532.0;	33727.2;	0.0;	0.13333333333333333;	0.06666666666666667;	0.06666666666666667
1378547964;	1;	2699.997987;	21.599983896000005;	0.8;	103532.0;	36872.53333333333;	0.0;	0.26666666666666666;	0.13333333333333333;	0.13333333333333333
1378548264;	1;	2699.997987;	28.799978528;	1.0666666666666667;	103532.0;	35474.933333333334;	0.0;	0.2;	0.06666666666666667;	0.06666666666666667
1378548564;	1;	2699.997987;	25.199981211999997;	0.9333333333333332;	103532.0;	33552.8;	0.0;	0.13333333333333333;	0.13333333333333333;	0.13333333333333333
1378548864;	1;	2699.997987;	21.599983896000005;	0.8;	103532.0;	31454.933333333334;	0.0;	0.13333333333333333;	0.6;	0.6
1378549164;	1;	2699.997987;	28.799978528;	1.0666666666666667;	103532.0;	26561.6;	0.0;	0.2;	0.06666666666666667;	0.06666666666666667
1378549464;	1;	2699.997987;	25.199981211999997;	0.9333333333333332;	103532.0;	29532.8;	0.0;	0.13333333333333333;	0.06666666666666667;	0.06666666666666667
1378549764;	1;	2699.997987;	21.599983896000005;	0.8;	103532.0;	30232.0;	0.0;	0.13333333333333333;	0.06666666666666667;	0.06666666666666667
1378550064;	1;	2699.997987;	23.399982554000005;	0.8666666666666667;	103532.0;	32329.6;	0.0;	0.3333333333333333;	0.6;	0.6
1378550364;	1;	2699.997987;	30.599977186;	1.1333333333333333;	103532.0;	33553.066666666666;	0.0;	0.13333333333333333;	0.06666666666666667;	0.06666666666666667
1378550664;	1;	2699.997987;	21.599983896000005;	0.8;	103532.0;	32328.8;	0.0;	0.13333333333333333;	0.06666666666666667;	0.06666666666666667
1378550964;	1;	2699.997987;	21.599983896000005;	0.8;	103532.0;	36173.6;	0.0;	0.13333333333333333;	0.4666666666666667;	0.4666666666666667
1378551264;	1;	2699.997987;	28.799978528;	1.0666666666666667;	103532.0;	41067.46666666667;	0.0;	0.2;	0.06666666666666667;	0.06666666666666667
1378551564;	1;	2699.997987;	25.199981211999997;	0.9333333333333332;	103532.0;	39319.73333333333;	0.0;	0.2;	0.13333333333333333;	0.13333333333333333
1378551864;	1;	2699.997987;	21.599983896000005;	0.8;	103532.0;	28658.666666666668;	0.0;	0.13333333333333333;	0.2;	0.06666666666666667
1378552164;	1;	2699.997987;	21.599983896000005;	0.8;	103532.0;	31455.733333333334;	0.0;	0.13333333333333333;	0.26666666666666666;	0.26666666666666666
1378552464;	1;	2699.997987;	28.799978528;	1.0666666666666667;	103532.0;	40892.53333333333;	0.0;	0.2;	0.6;	0.6
1378552764;	1;	2699.997987;	25.199981211999997;	0.9333333333333332;	103532.0;	42640.26666666667;	0.0;	0.26666666666666666;	0.13333333333333333;	0.13333333333333333
1378553064;	1;	2699.997987;	21.599983896000005;	0.8;	103532.0;	39319.46666666667;	0.0;	0.13333333333333333;	0.13333333333333333;	0.06666666666666667
1378553364;	1;	2699.997987;	23.399982554000005;	0.8666666666666667;	103532.0;	39494.666666666664;	0.0;	0.3333333333333333;	0.13333333333333333;	0.13333333333333333
1378553664;	1;	2699.997987;	28.799978528;	1.0666666666666667;	103532.0;	31804.533333333333;	0.0;	0.2;	0.6;	0.6
1378553964;	1;	2699.997987;	21.599983896000005;	0.8;	103532.0;	29707.733333333334;	0.0;	0.13333333333333333;	0.13333333333333333;	0.13333333333333333
1378554264;	1;	2699.997987;	21.599983896000005;	0.8;	103532.0;	31280.266666666666;	0.0;	0.2;	0.06666666666666667;	0.06666666666666667
1378554564;	1;	2699.997987;	28.799978528;	1.0666666666666667;	103532.0;	33378.4;	0.0;	0.2;	0.06666666666666667;	0.06666666666666667
1378554865;	1;	2699.997987;	25.199981211999997;	0.9333333333333332;	103532.0;	30405.6;	0.0;	0.2;	0.06666666666666667;	0.06666666666666667
1378555165;	1;	2699.997987;	21.599983896000005;	0.8;	103532.0;	37222.13333333333;	0.0;	0.13333333333333333;	0.2;	0.13333333333333333
1378555465;	1;	2699.997987;	25.199981211999997;	0.9333333333333332;	103532.0;	38621.066666666666;	0.0;	0.26666666666666666;	0.06666666666666667;	0.06666666666666667
1378555765;	1;	2699.997987;	28.799978528;	1.0666666666666667;	103532.0;	34425.6;	0.0;	0.2;	0.2;	0.2
1378556065;	1;	2699.997987;	21.599983896000005;	0.8;	103532.0;	41417.86666666667;	0.0;	0.13333333333333333;	0.6;	0.6
1378556365;	1;	2699.997987;	21.599983896000005;	0.8;	103532.0;	35299.73333333333;	0.0;	0.2;	0.06666666666666667;	0.06666666666666667
1378556665;	1;	2699.997987;	28.799978528;	1.0666666666666667;	103532.0;	29532.8;	0.0;	0.2;	0.06666666666666667;	0.06666666666666667
1378556965;	1;	2699.997987;	25.199981211999997;	0.9333333333333332;	103532.0;	30931.466666666667;	0.0;	0.2;	0.13333333333333333;	0.13333333333333333
1378557265;	1;	2699.997987;	21.599983896000005;	0.8;	103532.0;	33377.333333333336;	0.0;	0.13333333333333333;	0.6;	0.5333333333333333
1378557565;	1;	2699.997987;	21.599983896000005;	0.8;	103532.0;	35125.86666666667;	0.0;	0.2;	0.06666666666666667;	0.06666666666666667
1378557865;	1;	2699.997987;	28.799978528;	1.0666666666666667;	103532.0;	35300.0;	0.0;	0.4;	0.06666666666666667;	0.06666666666666667
1378558165;	1;	2699.997987;	25.199981211999997;	0.9333333333333332;	103532.0;	33377.6;	0.0;	0.26666666666666666;	0.2;	0.2
1378558465;	1;	2699.997987;	21.599983896000005;	0.8;	103532.0;	32154.133333333335;	0.0;	0.13333333333333333;	0.13333333333333333;	0.13333333333333333
1378558765;	1;	2699.997987;	25.199981211999997;	0.9333333333333332;	103532.0;	35998.13333333333;	0.0;	0.3333333333333333;	0.2;	0.2
1378559065;	1;	2699.997987;	28.799978528;	1.0666666666666667;	103532.0;	39144.53333333333;	0.0;	0.13333333333333333;	0.13333333333333333;	0.13333333333333333
1378559365;	1;	2699.997987;	19.799985237999998;	0.7333333333333333;	103532.0;	39320.0;	0.0;	0.13333333333333333;	0.26666666666666666;	0.26666666666666666
1378559665;	1;	2699.997987;	21.599983896000005;	0.8;	103532.0;	31454.4;	0.0;	0.2;	0.6666666666666666;	0.6
1378559965;	1;	2699.997987;	28.799978528;	1.0666666666666667;	103532.0;	30755.733333333334;	0.0;	0.9333333333333333;	0.13333333333333333;	0.13333333333333333
1378560265;	1;	2699.997987;	25.199981211999997;	0.9333333333333332;	103532.0;	32154.666666666668;	0.0;	0.2;	0.13333333333333333;	0.13333333333333333
1378560565;	1;	2699.997987;	21.599983896000005;	0.8;	103532.0;	32328.8;	0.0;	0.2;	0.13333333333333333;	0.13333333333333333
1378560865;	1;	2699.997987;	21.599983896000005;	0.8;	103532.0;	34252.0;	0.0;	0.13333333333333333;	0.6;	0.6
1378561165;	1;	2699.997987;	25.199981211999997;	0.9333333333333332;	103532.0;	33552.53333333333;	0.0;	0.26666666666666666;	0.13333333333333333;	0.13333333333333333
1378561465;	1;	2699.997987;	28.799978528;	1.0666666666666667;	103532.0;	33728.0;	0.0;	0.13333333333333333;	0.13333333333333333;	0.13333333333333333
1378561765;	1;	2699.997987;	21.599983896000005;	0.8;	103532.0;	32678.666666666668;	0.0;	0.13333333333333333;	0.06666666666666667;	0.06666666666666667
1378562065;	1;	2699.997987;	21.599983896000005;	0.8;	103532.0;	33203.2;	0.0;	0.13333333333333333;	0.06666666666666667;	0.06666666666666667
1378562366;	1;	2699.997987;	28.799978528;	1.0666666666666667;	103532.0;	33202.4;	0.0;	0.2;	0.2;	0.2
1378562666;	1;	2699.997987;	25.199981211999997;	0.9333333333333332;	103532.0;	36873.6;	0.0;	0.13333333333333333;	0.06666666666666667;	0.06666666666666667
1378562966;	1;	2699.997987;	21.599983896000005;	0.8;	103532.0;	37222.13333333333;	0.0;	0.13333333333333333;	0.13333333333333333;	0.13333333333333333
1378563266;	1;	2699.997987;	21.599983896000005;	0.8;	103532.0;	33203.46666666667;	0.0;	0.2;	0.6666666666666666;	0.6666666666666666
1378563566;	1;	2699.997987;	28.799978528;	1.0666666666666667;	103532.0;	31280.8;	0.0;	0.2;	0.06666666666666667;	0.06666666666666667
1378563866;	1;	2699.997987;	25.199981211999997;	0.9333333333333332;	103532.0;	32153.866666666665;	0.0;	0.2;	0.06666666666666667;	0.06666666666666667
1378564166;	1;	2699.997987;	21.599983896000005;	0.8;	103532.0;	30930.666666666668;	0.0;	0.13333333333333333;	0.26666666666666666;	0.26666666666666666
1378564466;	1;	2699.997987;	25.199981211999997;	0.9333333333333332;	103532.0;	30756.533333333333;	0.0;	0.26666666666666666;	0.6666666666666666;	0.6
1378564766;	1;	2699.997987;	28.799978528;	1.0666666666666667;	103532.0;	28309.6;	0.0;	0.2;	0.06666666666666667;	0.06666666666666667
1378565066;	1;	2699.997987;	21.599983896000005;	0.8;	103532.0;	30756.0;	0.0;	0.13333333333333333;	0.26666666666666666;	0.26666666666666666
1378565366;	1;	2699.997987;	25.199981211999997;	0.9333333333333332;	103532.0;	35823.73333333333;	0.0;	0.26666666666666666;	0.06666666666666667;	0.06666666666666667
1378565666;	1;	2699.997987;	25.199981211999997;	0.9333333333333332;	103532.0;	34601.066666666666;	0.0;	0.13333333333333333;	0.06666666666666667;	0.06666666666666667
1378565966;	1;	2699.997987;	25.199981211999997;	0.9333333333333332;	103532.0;	33028.0;	0.0;	0.2;	0.26666666666666666;	0.26666666666666666
1378566266;	1;	2699.997987;	21.599983896000005;	0.8;	103532.0;	31280.266666666666;	0.0;	0.2;	0.06666666666666667;	0.06666666666666667
1378566566;	1;	2699.997987;	25.199981211999997;	0.9333333333333332;	103532.0;	31979.2;	0.0;	0.26666666666666666;	0.26666666666666666;	0.26666666666666666
1378566866;	1;	2699.997987;	28.799978528;	1.0666666666666667;	103532.0;	29882.4;	0.0;	0.2;	0.6;	0.6
1378567166;	1;	2699.997987;	21.599983896000005;	0.8;	103532.0;	28484.533333333333;	0.0;	0.13333333333333333;	0.06666666666666667;	0.06666666666666667
1378567466;	1;	2699.997987;	25.199981211999997;	0.9333333333333332;	103532.0;	25688.266666666666;	0.0;	0.26666666666666666;	0.06666666666666667;	0.06666666666666667
1378567766;	1;	2699.997987;	25.199981211999997;	0.9333333333333332;	103532.0;	34425.86666666667;	0.0;	0.13333333333333333;	0.13333333333333333;	0.13333333333333333
1378568066;	1;	2699.997987;	25.199981211999997;	0.9333333333333332;	103532.0;	35125.6;	0.0;	0.2;	0.5333333333333333;	0.4666666666666667
1378568366;	1;	2699.997987;	21.599983896000005;	0.8;	103532.0;	35475.46666666667;	0.0;	0.2;	0.06666666666666667;	0.06666666666666667
1378568666;	1;	2699.997987;	28.799978528;	1.0666666666666667;	103532.0;	34774.933333333334;	0.0;	0.26666666666666666;	0.06666666666666667;	0.06666666666666667
1378568966;	1;	2699.997987;	25.199981211999997;	0.9333333333333332;	103532.0;	27959.466666666667;	0.0;	0.13333333333333333;	0.06666666666666667;	0.06666666666666667
1378569266;	1;	2699.997987;	21.599983896000005;	0.8;	103532.0;	30756.266666666666;	0.0;	0.13333333333333333;	0.06666666666666667;	0.06666666666666667
1378569566;	1;	2699.997987;	25.199981211999997;	0.9333333333333332;	103532.0;	33202.666666666664;	0.0;	0.3333333333333333;	0.13333333333333333;	0.13333333333333333
1378569866;	1;	2699.997987;	28.799978528;	1.0666666666666667;	103532.0;	37222.4;	0.0;	0.13333333333333333;	0.13333333333333333;	0.13333333333333333
1378570166;	1;	2699.997987;	21.599983896000005;	0.8;	103532.0;	31978.933333333334;	0.0;	0.2;	0.13333333333333333;	0.13333333333333333
1378570466;	1;	2699.997987;	21.599983896000005;	0.8;	103532.0;	32329.066666666666;	0.0;	0.2;	0.6;	0.6
1378570766;	1;	2699.997987;	26.99997987;	1.0;	103532.0;	33203.2;	0.0;	0.2;	0.2;	0.2
1378571066;	1;	2699.997987;	25.199981211999997;	0.9333333333333332;	103532.0;	29531.733333333334;	0.0;	0.3333333333333333;	0.06666666666666667;	0.06666666666666667
1378571366;	1;	2699.997987;	21.599983896000005;	0.8;	103532.0;	33378.666666666664;	0.0;	0.13333333333333333;	0.06666666666666667;	0.06666666666666667
1378571666;	1;	2699.997987;	21.599983896000005;	0.8;	103532.0;	33378.4;	0.0;	0.13333333333333333;	0.9333333333333333;	0.9333333333333333
1378571966;	1;	2699.997987;	28.799978528;	1.0666666666666667;	103532.0;	37047.73333333333;	0.0;	0.2;	0.13333333333333333;	0.13333333333333333
1378572266;	1;	2699.997987;	25.199981211999997;	0.9333333333333332;	103532.0;	30755.466666666667;	0.0;	0.2;	0.13333333333333333;	0.13333333333333333
1378572566;	1;	2699.997987;	21.599983896000005;	0.8;	103532.0;	30756.0;	0.0;	0.13333333333333333;	0.13333333333333333;	0.13333333333333333
1378572866;	1;	2699.997987;	28.799978528;	1.0666666666666667;	103532.0;	34425.333333333336;	0.0;	0.2;	0.13333333333333333;	0.13333333333333333
1378573166;	1;	2699.997987;	25.199981211999997;	0.9333333333333332;	103532.0;	40541.86666666667;	0.0;	0.2;	0.2;	0.2
1378573466;	1;	2699.997987;	21.599983896000005;	0.8;	103532.0;	39145.066666666666;	0.0;	0.13333333333333333;	0.13333333333333333;	0.13333333333333333
1378573766;	1;	2699.997987;	25.199981211999997;	0.9333333333333332;	103532.0;	37572.0;	0.0;	0.3333333333333333;	0.2;	0.2
1378574066;	1;	2699.997987;	25.199981211999997;	0.9333333333333332;	103532.0;	42116.8;	0.0;	0.26666666666666666;	0.6666666666666666;	0.6666666666666666
1378574367;	1;	2699.997987;	25.199981211999997;	0.9333333333333332;	103532.0;	33726.933333333334;	0.0;	0.2;	0.2;	0.2
1378574667;	1;	2699.997987;	21.599983896000005;	0.8;	103532.0;	28659.2;	0.0;	0.13333333333333333;	0.13333333333333333;	0.13333333333333333
1378574967;	1;	2699.997987;	28.799978528;	1.0666666666666667;	103532.0;	34252.26666666667;	0.0;	0.26666666666666666;	0.13333333333333333;	0.13333333333333333
1378575267;	1;	2699.997987;	25.199981211999997;	0.9333333333333332;	103532.0;	35475.2;	0.0;	0.26666666666666666;	0.6666666666666666;	0.6666666666666666
1378575567;	1;	2699.997987;	21.599983896000005;	0.8;	103532.0;	31455.2;	0.0;	0.13333333333333333;	0.2;	0.2
1378575867;	1;	2699.997987;	28.799978528;	1.0666666666666667;	103532.0;	34077.066666666666;	0.0;	0.26666666666666666;	0.06666666666666667;	0.06666666666666667
1378576167;	1;	2699.997987;	25.199981211999997;	0.9333333333333332;	103532.0;	30231.2;	0.0;	0.2;	0.13333333333333333;	0.13333333333333333
1378576467;	1;	2699.997987;	21.599983896000005;	0.8;	103532.0;	33727.73333333333;	0.0;	0.13333333333333333;	0.06666666666666667;	0.06666666666666667
1378576767;	1;	2699.997987;	25.199981211999997;	0.9333333333333332;	103532.0;	35475.2;	0.0;	0.2;	0.26666666666666666;	0.26666666666666666
1378577067;	1;	2699.997987;	26.99997987;	1.0;	103532.0;	33027.46666666667;	0.0;	0.13333333333333333;	0.13333333333333333;	0.13333333333333333
1378577367;	1;	2699.997987;	23.14283988857143;	0.8571428571428571;	103532.0;	36510.857142857145;	0.0;	0.21428571428571427;	0.14285714285714285;	0.14285714285714285
1378577667;	1;	2699.997987;	21.599983896000005;	0.8;	103532.0;	30056.8;	0.0;	0.13333333333333333;	0.6;	0.6
1378577967;	1;	2699.997987;	28.799978528;	1.0666666666666667;	103532.0;	37397.6;	0.0;	0.26666666666666666;	0.2;	0.13333333333333333
1378578267;	1;	2699.997987;	25.199981211999997;	0.9333333333333332;	103532.0;	32678.666666666668;	0.0;	0.26666666666666666;	0.2;	0.2
1378578567;	1;	2699.997987;	21.599983896000005;	0.8;	103532.0;	39668.8;	0.0;	0.26666666666666666;	0.13333333333333333;	0.13333333333333333
1378578867;	1;	2699.997987;	25.199981211999997;	0.9333333333333332;	103532.0;	40718.666666666664;	0.0;	0.26666666666666666;	0.6666666666666666;	0.6
1378579167;	1;	2699.997987;	26.99997987;	1.0;	103532.0;	34776.0;	0.0;	0.26666666666666666;	0.3333333333333333;	0.3333333333333333
1378579467;	1;	2699.997987;	26.99997987;	1.0;	103532.0;	38969.86666666667;	0.0;	0.2;	0.06666666666666667;	0.06666666666666667
1378579767;	1;	2699.997987;	21.599983896000005;	0.8;	103532.0;	33902.4;	0.0;	0.3333333333333333;	0.13333333333333333;	0.13333333333333333
1378580067;	1;	2699.997987;	28.799978528;	1.0666666666666667;	103532.0;	37746.4;	0.0;	0.2;	0.06666666666666667;	0.06666666666666667
1378580367;	1;	2699.997987;	25.199981211999997;	0.9333333333333332;	103532.0;	37921.066666666666;	0.0;	0.2;	0.2;	0.2
1378580667;	1;	2699.997987;	21.599983896000005;	0.8;	103532.0;	33027.2;	0.0;	0.13333333333333333;	0.13333333333333333;	0.13333333333333333
1378580967;	1;	2699.997987;	25.199981211999997;	0.9333333333333332;	103532.0;	33028.0;	0.0;	0.3333333333333333;	0.13333333333333333;	0.13333333333333333
1378581267;	1;	2699.997987;	25.199981211999997;	0.9333333333333332;	103532.0;	32153.866666666665;	0.0;	0.26666666666666666;	0.6666666666666666;	0.6666666666666666
1378581567;	1;	2699.997987;	21.599983896000005;	0.8;	103532.0;	36174.13333333333;	0.0;	0.13333333333333333;	0.06666666666666667;	0.06666666666666667
1378581867;	1;	2699.997987;	21.599983896000005;	0.8;	103532.0;	37746.4;	0.0;	0.26666666666666666;	0.06666666666666667;	0.06666666666666667
1378582167;	1;	2699.997987;	28.799978528;	1.0666666666666667;	103532.0;	34077.6;	0.0;	0.26666666666666666;	0.06666666666666667;	0.06666666666666667
1378582467;	1;	2699.997987;	25.199981211999997;	0.9333333333333332;	103532.0;	35650.4;	0.0;	0.26666666666666666;	0.6;	0.6
1378582767;	1;	2699.997987;	21.599983896000005;	0.8;	103532.0;	31979.2;	0.0;	0.2;	0.06666666666666667;	0.06666666666666667
1378583067;	1;	2699.997987;	25.199981211999997;	0.9333333333333332;	103532.0;	34600.8;	0.0;	0.3333333333333333;	0.06666666666666667;	0.06666666666666667
1378583368;	1;	2699.997987;	28.799978528;	1.0666666666666667;	103532.0;	32503.2;	0.0;	0.2;	0.13333333333333333;	0.13333333333333333
1378583668;	1;	2699.997987;	21.599983896000005;	0.8;	103532.0;	35650.4;	0.0;	0.13333333333333333;	0.4666666666666667;	0.4666666666666667
1378583968;	1;	2699.997987;	21.599983896000005;	0.8;	103532.0;	34425.6;	0.0;	0.26666666666666666;	0.2;	0.2
1378584268;	1;	2699.997987;	25.199981211999997;	0.9333333333333332;	103532.0;	35475.2;	0.0;	0.26666666666666666;	0.06666666666666667;	0.06666666666666667
1378584568;	1;	2699.997987;	28.799978528;	1.0666666666666667;	103532.0;	34951.2;	0.0;	0.26666666666666666;	0.13333333333333333;	0.13333333333333333
1378584868;	1;	2699.997987;	21.599983896000005;	0.8;	103532.0;	34601.066666666666;	0.0;	0.2;	0.6666666666666666;	0.6666666666666666
1378585168;	1;	2699.997987;	25.199981211999997;	0.9333333333333332;	103532.0;	31454.4;	0.0;	0.3333333333333333;	0.13333333333333333;	0.13333333333333333
1378585468;	1;	2699.997987;	28.799978528;	1.0666666666666667;	103532.0;	37223.2;	0.0;	0.26666666666666666;	0.13333333333333333;	0.13333333333333333
1378585768;	1;	2699.997987;	21.599983896000005;	0.8;	103532.0;	31979.2;	0.0;	0.2;	0.13333333333333333;	0.13333333333333333
1378586068;	1;	2699.997987;	21.599983896000005;	0.8;	103532.0;	31454.4;	0.0;	0.3333333333333333;	0.7333333333333333;	0.6666666666666666
1378586368;	1;	2699.997987;	25.199981211999997;	0.9333333333333332;	103532.0;	34775.73333333333;	0.0;	0.2;	0.13333333333333333;	0.13333333333333333
1378586668;	1;	2699.997987;	26.99997987;	1.0;	103532.0;	34826.0;	0.0;	0.35714285714285715;	0.21428571428571427;	0.21428571428571427
1378586968;	1;	2699.997987;	21.599983896000005;	0.8;	103532.0;	36173.6;	0.0;	0.2;	0.13333333333333333;	0.13333333333333333
1378587268;	1;	2699.997987;	25.199981211999997;	0.9333333333333332;	103532.0;	33727.73333333333;	0.0;	0.3333333333333333;	0.13333333333333333;	0.13333333333333333
1378587568;	1;	2699.997987;	28.799978528;	1.0666666666666667;	103532.0;	31805.333333333332;	0.0;	0.2;	0.2;	0.2
1378587868;	1;	2699.997987;	21.599983896000005;	0.8;	103532.0;	32504.0;	0.0;	0.2;	0.2;	0.2
1378588168;	1;	2699.997987;	21.599983896000005;	0.8;	103532.0;	33552.0;	0.0;	0.26666666666666666;	0.2;	0.2
1378588468;	1;	2699.997987;	28.799978528;	1.0666666666666667;	103532.0;	36174.4;	0.0;	0.26666666666666666;	0.6;	0.6
1378588768;	1;	2699.997987;	25.199981211999997;	0.9333333333333332;	103532.0;	30930.4;	0.0;	0.26666666666666666;	0.06666666666666667;	0.06666666666666667
1378589068;	1;	2699.997987;	21.599983896000005;	0.8;	103532.0;	37746.4;	0.0;	0.2;	0.13333333333333333;	0.13333333333333333
1378589368;	1;	2699.997987;	25.199981211999997;	0.9333333333333332;	103532.0;	34076.8;	0.0;	0.4;	0.13333333333333333;	0.06666666666666667
1378589668;	1;	2699.997987;	21.599983896000005;	0.8;	103532.0;	35125.6;	0.0;	0.26666666666666666;	0.6666666666666666;	0.6666666666666666
1378589968;	1;	2699.997987;	25.199981211999997;	0.9333333333333332;	103532.0;	30405.6;	0.0;	0.13333333333333333;	0.06666666666666667;	0.06666666666666667
1378590268;	1;	2699.997987;	25.199981211999997;	0.9333333333333332;	103532.0;	33552.8;	0.0;	0.26666666666666666;	0.06666666666666667;	0.06666666666666667
1378590568;	1;	2699.997987;	21.599983896000005;	0.8;	103532.0;	29881.6;	0.0;	0.26666666666666666;	0.06666666666666667;	0.06666666666666667
1378590868;	1;	2699.997987;	21.599983896000005;	0.8;	103532.0;	35649.333333333336;	0.0;	0.2;	0.06666666666666667;	0.06666666666666667
1378591168;	1;	2699.997987;	28.799978528;	1.0666666666666667;	103532.0;	37746.4;	0.0;	0.26666666666666666;	0.13333333333333333;	0.13333333333333333
1378591468;	1;	2699.997987;	25.199981211999997;	0.9333333333333332;	103532.0;	33027.2;	0.0;	0.26666666666666666;	0.13333333333333333;	0.13333333333333333
1378591768;	1;	2699.997987;	19.799985237999998;	0.7333333333333333;	103532.0;	34076.0;	0.0;	0.26666666666666666;	0.13333333333333333;	0.13333333333333333
1378592068;	1;	2699.997987;	25.199981211999997;	0.9333333333333332;	103532.0;	33552.53333333333;	0.0;	0.26666666666666666;	0.6666666666666666;	0.6666666666666666
1378592368;	1;	2699.997987;	28.799978528;	1.0666666666666667;	103532.0;	36173.6;	0.0;	0.2;	0.06666666666666667;	0.06666666666666667
1378592668;	1;	2699.997987;	21.599983896000005;	0.8;	103532.0;	35649.6;	0.0;	0.2;	0.06666666666666667;	0.06666666666666667
1378592968;	1;	2699.997987;	21.599983896000005;	0.8;	103532.0;	39668.0;	0.0;	0.3333333333333333;	0.13333333333333333;	0.13333333333333333
1378593269;	1;	2699.997987;	26.99997987;	1.0;	103532.0;	34076.0;	0.0;	0.3333333333333333;	0.7333333333333333;	0.7333333333333333
1378593569;	1;	2699.997987;	23.399982554000005;	0.8666666666666667;	103532.0;	34426.4;	0.0;	0.26666666666666666;	0.06666666666666667;	0.06666666666666667
1378593869;	1;	2699.997987;	23.14283988857143;	0.8571428571428571;	103532.0;	35012.0;	0.0;	0.21428571428571427;	0.07142857142857142;	0.07142857142857142
1378594169;	1;	2699.997987;	25.199981211999997;	0.9333333333333332;	103532.0;	28483.466666666667;	0.0;	0.4;	0.13333333333333333;	0.13333333333333333
1378594469;	1;	2699.997987;	28.799978528;	1.0666666666666667;	103532.0;	28832.8;	0.0;	0.26666666666666666;	0.06666666666666667;	0.06666666666666667
1378594769;	1;	2699.997987;	21.599983896000005;	0.8;	103532.0;	31106.133333333335;	0.0;	0.13333333333333333;	0.13333333333333333;	0.06666666666666667
1378595069;	1;	2699.997987;	23.14283988857143;	0.8571428571428571;	103532.0;	38196.57142857143;	0.0;	0.2857142857142857;	0.14285714285714285;	0.14285714285714285
1378595369;	1;	2699.997987;	23.14283988857143;	0.8571428571428571;	103532.0;	29769.14285714286;	0.0;	0.35714285714285715;	0.2857142857142857;	0.2857142857142857
1378595669;	1;	2699.997987;	26.99997987;	1.0;	103532.0;	29582.285714285714;	0.0;	0.2857142857142857;	0.7142857142857143;	0.6428571428571429
1378595969;	1;	2699.997987;	21.599983896000005;	0.8;	103532.0;	33377.86666666667;	0.0;	0.2;	0.2;	0.2
1378596269;	1;	2699.997987;	21.599983896000005;	0.8;	103532.0;	34774.933333333334;	0.0;	0.26666666666666666;	0.06666666666666667;	0.06666666666666667
1378596569;	1;	2699.997987;	25.071409879285717;	0.9285714285714286;	103532.0;	33327.71428571428;	0.0;	0.35714285714285715;	0.07142857142857142;	0.07142857142857142
1378596869;	1;	2699.997987;	28.799978528;	1.0666666666666667;	103532.0;	34077.6;	0.0;	0.2;	0.6666666666666666;	0.6666666666666666
1378597169;	1;	2699.997987;	21.599983896000005;	0.8;	103532.0;	33552.8;	0.0;	0.2;	0.06666666666666667;	0.06666666666666667
1378597469;	1;	2699.997987;	21.599983896000005;	0.8;	103532.0;	28309.6;	0.0;	0.26666666666666666;	0.13333333333333333;	0.13333333333333333
1378597769;	1;	2699.997987;	25.199981211999997;	0.9333333333333332;	103532.0;	30231.2;	0.0;	0.4;	0.13333333333333333;	0.13333333333333333
1378598069;	1;	2699.997987;	25.199981211999997;	0.9333333333333332;	103532.0;	34251.46666666667;	0.0;	0.2;	0.13333333333333333;	0.13333333333333333
1378598369;	1;	2699.997987;	21.599983896000005;	0.8;	103532.0;	32852.8;	0.0;	0.13333333333333333;	0.2;	0.2
1378598669;	1;	2699.997987;	21.599983896000005;	0.8;	103532.0;	35824.53333333333;	0.0;	0.3333333333333333;	0.13333333333333333;	0.13333333333333333
1378598969;	1;	2699.997987;	25.199981211999997;	0.9333333333333332;	103532.0;	34601.6;	0.0;	0.26666666666666666;	0.2;	0.2
1378599269;	1;	2699.997987;	25.199981211999997;	0.9333333333333332;	103532.0;	33553.066666666666;	0.0;	0.26666666666666666;	0.6666666666666666;	0.6666666666666666
1378599569;	1;	2699.997987;	21.599983896000005;	0.8;	103532.0;	37222.4;	0.0;	0.2;	0.13333333333333333;	0.13333333333333333
1378599869;	1;	2699.997987;	21.599983896000005;	0.8;	103532.0;	33028.0;	0.0;	0.2;	0.2;	0.2
1378600169;	1;	2699.997987;	28.799978528;	1.0666666666666667;	103532.0;	35824.53333333333;	0.0;	0.4;	0.13333333333333333;	0.13333333333333333
1378600469;	1;	2699.997987;	28.799978528;	1.0666666666666667;	103532.0;	34950.666666666664;	0.0;	0.2;	0.6666666666666666;	0.6666666666666666
1378600769;	1;	2699.997987;	21.599983896000005;	0.8;	103532.0;	41766.4;	0.0;	0.2;	0.13333333333333333;	0.13333333333333333
1378601069;	1;	2699.997987;	25.199981211999997;	0.9333333333333332;	103532.0;	37572.53333333333;	0.0;	0.3333333333333333;	0.13333333333333333;	0.13333333333333333
1378601369;	1;	2699.997987;	25.199981211999997;	0.9333333333333332;	103532.0;	34776.26666666667;	0.0;	0.26666666666666666;	0.2;	0.06666666666666667
1378601669;	1;	2699.997987;	28.799978528;	1.0666666666666667;	103532.0;	32328.8;	0.0;	0.26666666666666666;	0.13333333333333333;	0.13333333333333333
1378601970;	1;	2699.997987;	21.599983896000005;	0.8;	103532.0;	39320.8;	0.0;	0.13333333333333333;	0.13333333333333333;	0.13333333333333333
1378602269;	1;	2699.997987;	21.214269897857143;	0.7857142857142857;	103532.0;	31267.14285714286;	0.0;	0.21428571428571427;	0.14285714285714285;	0.14285714285714285
1378602569;	1;	2699.997987;	28.799978528;	1.0666666666666667;	103532.0;	29706.933333333334;	0.0;	0.2;	0.13333333333333333;	0.13333333333333333
1378602869;	1;	2699.997987;	21.599983896000005;	0.8;	103532.0;	30231.733333333334;	0.0;	0.3333333333333333;	0.6;	0.6
1378603169;	1;	2699.997987;	21.599983896000005;	0.8;	103532.0;	36349.86666666667;	0.0;	0.13333333333333333;	0.13333333333333333;	0.13333333333333333
1378603469;	1;	2699.997987;	25.199981211999997;	0.9333333333333332;	103532.0;	33377.86666666667;	0.0;	0.26666666666666666;	0.06666666666666667;	0.06666666666666667
1378603769;	1;	2699.997987;	26.99997987;	1.0;	103532.0;	34077.142857142855;	0.0;	0.21428571428571427;	0.07142857142857142;	0.07142857142857142
1378604069;	1;	2699.997987;	21.599983896000005;	0.8;	103532.0;	33901.86666666667;	0.0;	0.2;	0.6666666666666666;	0.6666666666666666
1378604369;	1;	2699.997987;	25.199981211999997;	0.9333333333333332;	103532.0;	37572.53333333333;	0.0;	0.2;	0.4666666666666667;	0.4666666666666667
1378604669;	1;	2699.997987;	25.199981211999997;	0.9333333333333332;	103532.0;	37746.666666666664;	0.0;	0.3333333333333333;	0.06666666666666667;	0.06666666666666667
1378604969;	1;	2699.997987;	28.799978528;	1.0666666666666667;	103532.0;	36699.2;	0.0;	0.2;	0.06666666666666667;	0.06666666666666667
1378605269;	1;	2699.997987;	21.599983896000005;	0.8;	103532.0;	36872.8;	0.0;	0.13333333333333333;	0.06666666666666667;	0.06666666666666667
1378605569;	1;	2699.997987;	21.599983896000005;	0.8;	103532.0;	34076.8;	0.0;	0.26666666666666666;	0.13333333333333333;	0.13333333333333333
1378605869;	1;	2699.997987;	26.99997987;	1.0;	103532.0;	30518.85714285714;	0.0;	0.14285714285714285;	0.14285714285714285;	0.14285714285714285
1378606169;	1;	2699.997987;	21.599983896000005;	0.8;	103532.0;	37571.73333333333;	0.0;	0.4;	0.13333333333333333;	0.13333333333333333
1378606469;	1;	2699.997987;	21.599983896000005;	0.8;	103532.0;	35649.6;	0.0;	0.2;	0.6;	0.6
1378606769;	1;	2699.997987;	25.071409879285717;	0.9285714285714286;	103532.0;	41379.42857142857;	0.0;	0.2857142857142857;	0.07142857142857142;	0.07142857142857142
1378607069;	1;	2699.997987;	26.99997987;	1.0;	103532.0;	38621.066666666666;	0.0;	0.2;	0.13333333333333333;	0.13333333333333333
1378607369;	1;	2699.997987;	21.599983896000005;	0.8;	103532.0;	40893.333333333336;	0.0;	0.26666666666666666;	0.06666666666666667;	0.06666666666666667
1378607669;	1;	2699.997987;	21.599983896000005;	0.8;	103532.0;	42117.066666666666;	0.0;	0.2;	0.7333333333333333;	0.7333333333333333
1378607970;	1;	2699.997987;	28.799978528;	1.0666666666666667;	103532.0;	32504.0;	0.0;	0.26666666666666666;	0.06666666666666667;	0.06666666666666667
1378608270;	1;	2699.997987;	23.14283988857143;	0.8571428571428571;	103532.0;	33141.142857142855;	0.0;	0.35714285714285715;	0.07142857142857142;	0.07142857142857142
1378608570;	1;	2699.997987;	21.599983896000005;	0.8;	103532.0;	34950.13333333333;	0.0;	0.26666666666666666;	0.06666666666666667;	0.06666666666666667
1378608870;	1;	2699.997987;	21.599983896000005;	0.8;	103532.0;	35300.0;	0.0;	0.13333333333333333;	0.06666666666666667;	0.06666666666666667
1378609170;	1;	2699.997987;	25.199981211999997;	0.9333333333333332;	103532.0;	31105.066666666666;	0.0;	0.3333333333333333;	0.13333333333333333;	0.13333333333333333
1378609470;	1;	2699.997987;	28.799978528;	1.0666666666666667;	103532.0;	36173.86666666667;	0.0;	0.2;	0.13333333333333333;	0.13333333333333333
1378609770;	1;	2699.997987;	21.599983896000005;	0.8;	103532.0;	37048.26666666667;	0.0;	0.26666666666666666;	0.13333333333333333;	0.13333333333333333
1378610070;	1;	2699.997987;	21.599983896000005;	0.8;	103532.0;	36698.666666666664;	0.0;	0.2;	0.6666666666666666;	0.6666666666666666
1378610370;	1;	2699.997987;	25.199981211999997;	0.9333333333333332;	103532.0;	31805.333333333332;	0.0;	0.26666666666666666;	0.13333333333333333;	0.13333333333333333
1378610670;	1;	2699.997987;	26.99997987;	1.0;	103532.0;	35649.6;	0.0;	0.2;	0.13333333333333333;	0.13333333333333333
1378610970;	1;	2699.997987;	21.599983896000005;	0.8;	103532.0;	30930.4;	0.0;	0.2;	0.13333333333333333;	0.13333333333333333
1378611270;	1;	2699.997987;	21.599983896000005;	0.8;	103532.0;	34601.6;	0.0;	0.26666666666666666;	0.6666666666666666;	0.6666666666666666
1378611570;	1;	2699.997987;	28.799978528;	1.0666666666666667;	103532.0;	36524.53333333333;	0.0;	0.13333333333333333;	0.13333333333333333;	0.13333333333333333
1378611870;	1;	2699.997987;	21.599983896000005;	0.8;	103532.0;	32853.86666666667;	0.0;	0.26666666666666666;	0.13333333333333333;	0.13333333333333333
1378612170;	1;	2699.997987;	21.599983896000005;	0.8;	103532.0;	30056.8;	0.0;	0.13333333333333333;	0.13333333333333333;	0.13333333333333333
1378612470;	1;	2699.997987;	28.799978528;	1.0666666666666667;	103532.0;	31279.466666666667;	0.0;	0.2;	0.13333333333333333;	0.13333333333333333
1378612770;	1;	2699.997987;	25.199981211999997;	0.9333333333333332;	103532.0;	35824.0;	0.0;	0.26666666666666666;	0.2;	0.2
1378613070;	1;	2699.997987;	21.599983896000005;	0.8;	103532.0;	38270.4;	0.0;	0.2;	0.13333333333333333;	0.13333333333333333
1378613370;	1;	2699.997987;	25.199981211999997;	0.9333333333333332;	103532.0;	32678.4;	0.0;	0.3333333333333333;	0.2;	0.2
1378613670;	1;	2699.997987;	28.799978528;	1.0666666666666667;	103532.0;	36173.6;	0.0;	0.3333333333333333;	0.8;	0.8
1378613970;	1;	2699.997987;	21.599983896000005;	0.8;	103532.0;	34776.26666666667;	0.0;	0.3333333333333333;	0.06666666666666667;	0.06666666666666667
1378614270;	1;	2699.997987;	21.599983896000005;	0.8;	103532.0;	35474.666666666664;	0.0;	0.13333333333333333;	0.06666666666666667;	0.06666666666666667
1378614570;	1;	2699.997987;	25.199981211999997;	0.9333333333333332;	103532.0;	34776.53333333333;	0.0;	0.3333333333333333;	0.13333333333333333;	0.13333333333333333
1378614870;	1;	2699.997987;	25.199981211999997;	0.9333333333333332;	103532.0;	33377.6;	0.0;	0.26666666666666666;	0.6666666666666666;	0.6666666666666666
1378615170;	1;	2699.997987;	21.599983896000005;	0.8;	103532.0;	35474.933333333334;	0.0;	0.2;	0.06666666666666667;	0.06666666666666667
1378615470;	1;	2699.997987;	25.199981211999997;	0.9333333333333332;	103532.0;	36873.066666666666;	0.0;	0.4;	0.06666666666666667;	0.06666666666666667
1378615770;	1;	2699.997987;	26.99997987;	1.0;	103532.0;	38385.142857142855;	0.0;	0.21428571428571427;	0.07142857142857142;	0.07142857142857142
1378616070;	1;	2699.997987;	21.599983896000005;	0.8;	103532.0;	40891.73333333333;	0.0;	0.2;	0.06666666666666667;	0.06666666666666667
1378616370;	1;	2699.997987;	21.599983896000005;	0.8;	103532.0;	33728.0;	0.0;	0.26666666666666666;	0.13333333333333333;	0.13333333333333333
1378616670;	1;	2699.997987;	30.599977186;	1.1333333333333333;	103532.0;	39320.0;	0.0;	0.26666666666666666;	0.13333333333333333;	0.13333333333333333
1378616970;	1;	2699.997987;	23.399982554000005;	0.8666666666666667;	103532.0;	39319.73333333333;	0.0;	0.26666666666666666;	0.2;	0.2
1378617270;	1;	2699.997987;	21.599983896000005;	0.8;	103532.0;	39669.333333333336;	0.0;	0.2;	0.6;	0.6
1378617570;	1;	2699.997987;	28.799978528;	1.0666666666666667;	103532.0;	38620.26666666667;	0.0;	0.3333333333333333;	0.06666666666666667;	0.06666666666666667
1378617871;	1;	2699.997987;	25.199981211999997;	0.9333333333333332;	103532.0;	31980.0;	0.0;	0.2;	0.06666666666666667;	0.06666666666666667
1378618171;	1;	2699.997987;	21.599983896000005;	0.8;	103532.0;	30056.8;	0.0;	0.26666666666666666;	0.13333333333333333;	0.13333333333333333
1378618471;	1;	2699.997987;	25.199981211999997;	0.9333333333333332;	103532.0;	30930.666666666668;	0.0;	0.3333333333333333;	0.6;	0.6
1378618771;	1;	2699.997987;	28.799978528;	1.0666666666666667;	103532.0;	31630.4;	0.0;	0.13333333333333333;	0.06666666666666667;	0.06666666666666667
1378619071;	1;	2699.997987;	21.599983896000005;	0.8;	103532.0;	39844.26666666667;	0.0;	0.3333333333333333;	0.06666666666666667;	0.06666666666666667
1378619371;	1;	2699.997987;	21.599983896000005;	0.8;	103532.0;	29532.8;	0.0;	0.2;	0.13333333333333333;	0.13333333333333333
1378619671;	1;	2699.997987;	28.799978528;	1.0666666666666667;	103532.0;	34426.4;	0.0;	0.3333333333333333;	0.06666666666666667;	0.06666666666666667
1378619971;	1;	2699.997987;	25.199981211999997;	0.9333333333333332;	103532.0;	32503.733333333334;	0.0;	0.2;	0.13333333333333333;	0.13333333333333333
1378620271;	1;	2699.997987;	19.799985237999998;	0.7333333333333333;	103532.0;	31456.0;	0.0;	0.13333333333333333;	0.13333333333333333;	0.13333333333333333
1378620571;	1;	2699.997987;	26.99997987;	1.0;	103532.0;	33202.4;	0.0;	0.3333333333333333;	0.13333333333333333;	0.13333333333333333
1378620871;	1;	2699.997987;	26.99997987;	1.0;	103532.0;	34600.53333333333;	0.0;	0.3333333333333333;	0.6;	0.6
1378621171;	1;	2699.997987;	21.599983896000005;	0.8;	103532.0;	38271.46666666667;	0.0;	0.2;	0.06666666666666667;	0.06666666666666667
1378621471;	1;	2699.997987;	21.599983896000005;	0.8;	103532.0;	31455.466666666667;	0.0;	0.2;	0.06666666666666667;	0.06666666666666667
1378621771;	1;	2699.997987;	28.799978528;	1.0666666666666667;	103532.0;	38969.86666666667;	0.0;	0.4;	0.06666666666666667;	0.06666666666666667
1378622071;	1;	2699.997987;	25.199981211999997;	0.9333333333333332;	103532.0;	45086.13333333333;	0.0;	0.2;	0.6;	0.6
1378622371;	1;	2699.997987;	21.599983896000005;	0.8;	103532.0;	35300.26666666667;	0.0;	0.2;	0.06666666666666667;	0.06666666666666667
1378622671;	1;	2699.997987;	25.199981211999997;	0.9333333333333332;	103532.0;	36349.333333333336;	0.0;	0.4;	0.06666666666666667;	0.06666666666666667
1378622971;	1;	2699.997987;	28.799978528;	1.0666666666666667;	103532.0;	44562.933333333334;	0.0;	0.2;	0.06666666666666667;	0.06666666666666667
1378623271;	1;	2699.997987;	21.599983896000005;	0.8;	103532.0;	34601.6;	0.0;	0.26666666666666666;	0.06666666666666667;	0.06666666666666667
1378623571;	1;	2699.997987;	21.599983896000005;	0.8;	103532.0;	35999.73333333333;	0.0;	0.2;	0.13333333333333333;	0.13333333333333333
1378623871;	1;	2699.997987;	28.799978528;	1.0666666666666667;	103532.0;	42816.0;	0.0;	0.3333333333333333;	0.13333333333333333;	0.13333333333333333
1378624171;	1;	2699.997987;	25.199981211999997;	0.9333333333333332;	103532.0;	36698.13333333333;	0.0;	0.26666666666666666;	0.3333333333333333;	0.3333333333333333
1378624472;	1;	2699.997987;	21.599983896000005;	0.8;	103532.0;	36524.0;	0.0;	0.26666666666666666;	0.6666666666666666;	0.6666666666666666
1378624772;	1;	2699.997987;	25.199981211999997;	0.9333333333333332;	103532.0;	34077.6;	0.0;	0.3333333333333333;	0.13333333333333333;	0.13333333333333333
1378625072;	1;	2699.997987;	28.799978528;	1.0666666666666667;	103532.0;	34426.666666666664;	0.0;	0.26666666666666666;	0.2;	0.2
1378625372;	1;	2699.997987;	21.599983896000005;	0.8;	103532.0;	35124.8;	0.0;	0.26666666666666666;	0.13333333333333333;	0.13333333333333333
1378625672;	1;	2699.997987;	25.199981211999997;	0.9333333333333332;	103532.0;	36699.2;	0.0;	0.3333333333333333;	0.6666666666666666;	0.6666666666666666
1378625972;	1;	2699.997987;	25.199981211999997;	0.9333333333333332;	103532.0;	35825.066666666666;	0.0;	0.2;	0.13333333333333333;	0.13333333333333333
1378626272;	1;	2699.997987;	25.199981211999997;	0.9333333333333332;	103532.0;	34951.2;	0.0;	0.26666666666666666;	0.2;	0.2
1378626572;	1;	2699.997987;	21.599983896000005;	0.8;	103532.0;	36173.6;	0.0;	0.13333333333333333;	0.13333333333333333;	0.13333333333333333
1378626872;	1;	2699.997987;	28.799978528;	1.0666666666666667;	103532.0;	36172.8;	0.0;	0.26666666666666666;	0.13333333333333333;	0.13333333333333333
1378627172;	1;	2699.997987;	25.199981211999997;	0.9333333333333332;	103532.0;	37747.2;	0.0;	0.26666666666666666;	0.26666666666666666;	0.2
1378627472;	1;	2699.997987;	21.599983896000005;	0.8;	103532.0;	31979.2;	0.0;	0.13333333333333333;	0.5333333333333333;	0.5333333333333333
1378627772;	1;	2699.997987;	25.199981211999997;	0.9333333333333332;	103532.0;	31979.733333333334;	0.0;	0.3333333333333333;	0.3333333333333333;	0.2
1378628072;	1;	2699.997987;	28.799978528;	1.0666666666666667;	103532.0;	35649.6;	0.0;	0.2;	0.6666666666666666;	0.6666666666666666
1378628372;	1;	2699.997987;	21.599983896000005;	0.8;	103532.0;	30930.4;	0.0;	0.26666666666666666;	0.06666666666666667;	0.06666666666666667
1378628672;	1;	2699.997987;	21.599983896000005;	0.8;	103532.0;	31978.4;	0.0;	0.13333333333333333;	0.06666666666666667;	0.06666666666666667
1378628972;	1;	2699.997987;	25.199981211999997;	0.9333333333333332;	103532.0;	30405.6;	0.0;	0.3333333333333333;	0.13333333333333333;	0.13333333333333333
1378629272;	1;	2699.997987;	26.99997987;	1.0;	103532.0;	31454.4;	0.0;	0.2;	0.6666666666666666;	0.6666666666666666
1378629572;	1;	2699.997987;	21.599983896000005;	0.8;	103532.0;	37221.6;	0.0;	0.2;	0.06666666666666667;	0.06666666666666667
1378629872;	1;	2699.997987;	21.599983896000005;	0.8;	103532.0;	37747.2;	0.0;	0.26666666666666666;	0.13333333333333333;	0.13333333333333333
1378630172;	1;	2699.997987;	28.799978528;	1.0666666666666667;	103532.0;	31980.0;	0.0;	0.3333333333333333;	0.06666666666666667;	0.06666666666666667
1378630472;	1;	2699.997987;	25.199981211999997;	0.9333333333333332;	103532.0;	30581.333333333332;	0.0;	0.26666666666666666;	0.13333333333333333;	0.13333333333333333
1378630772;	1;	2699.997987;	21.599983896000005;	0.8;	103532.0;	33552.0;	0.0;	0.13333333333333333;	0.2;	0.2
1378631073;	1;	2699.997987;	28.799978528;	1.0666666666666667;	103532.0;	32503.2;	0.0;	0.26666666666666666;	0.06666666666666667;	0.06666666666666667
1378631373;	1;	2699.997987;	25.199981211999997;	0.9333333333333332;	103532.0;	34600.8;	0.0;	0.26666666666666666;	0.06666666666666667;	0.06666666666666667
1378631673;	1;	2699.997987;	21.599983896000005;	0.8;	103532.0;	37222.4;	0.0;	0.2;	0.6666666666666666;	0.6666666666666666
1378631973;	1;	2699.997987;	25.199981211999997;	0.9333333333333332;	103532.0;	36174.4;	0.0;	0.3333333333333333;	0.13333333333333333;	0.13333333333333333
1378632273;	1;	2699.997987;	28.799978528;	1.0666666666666667;	103532.0;	29357.6;	0.0;	0.2;	0.13333333333333333;	0.13333333333333333
1378632573;	1;	2699.997987;	21.599983896000005;	0.8;	103532.0;	33552.8;	0.0;	0.2;	0.13333333333333333;	0.13333333333333333
1378632873;	1;	2699.997987;	25.199981211999997;	0.9333333333333332;	103532.0;	34601.6;	0.0;	0.3333333333333333;	0.6666666666666666;	0.6
1378633173;	1;	2699.997987;	25.199981211999997;	0.9333333333333332;	103532.0;	39844.8;	0.0;	0.2;	0.06666666666666667;	0.06666666666666667
1378633473;	1;	2699.997987;	25.199981211999997;	0.9333333333333332;	103532.0;	31105.066666666666;	0.0;	0.3333333333333333;	0.06666666666666667;	0.06666666666666667
1378633773;	1;	2699.997987;	21.599983896000005;	0.8;	103532.0;	34076.8;	0.0;	0.26666666666666666;	0.06666666666666667;	0.06666666666666667
1378634073;	1;	2699.997987;	28.799978528;	1.0666666666666667;	103532.0;	36174.4;	0.0;	0.26666666666666666;	0.06666666666666667;	0.06666666666666667
1378634373;	1;	2699.997987;	25.199981211999997;	0.9333333333333332;	103532.0;	33727.2;	0.0;	0.2;	0.13333333333333333;	0.13333333333333333
1378634673;	1;	2699.997987;	21.599983896000005;	0.8;	103532.0;	38796.0;	0.0;	0.13333333333333333;	0.13333333333333333;	0.06666666666666667
1378634973;	1;	2699.997987;	25.199981211999997;	0.9333333333333332;	103532.0;	34076.8;	0.0;	0.3333333333333333;	0.13333333333333333;	0.13333333333333333
1378635273;	1;	2699.997987;	28.799978528;	1.0666666666666667;	103532.0;	30930.4;	0.0;	0.2;	1.0666666666666667;	1.0666666666666667
1378635573;	1;	2699.997987;	21.599983896000005;	0.8;	103532.0;	41417.6;	0.0;	0.26666666666666666;	0.06666666666666667;	0.06666666666666667
1378635873;	1;	2699.997987;	21.599983896000005;	0.8;	103532.0;	33203.46666666667;	0.0;	0.13333333333333333;	0.06666666666666667;	0.06666666666666667
1378636173;	1;	2699.997987;	28.799978528;	1.0666666666666667;	103532.0;	41941.6;	0.0;	0.3333333333333333;	0.06666666666666667;	0.06666666666666667
1378636473;	1;	2699.997987;	25.199981211999997;	0.9333333333333332;	103532.0;	38272.0;	0.0;	0.2;	0.5333333333333333;	0.6
1378636773;	1;	2699.997987;	21.599983896000005;	0.8;	103532.0;	35649.86666666667;	0.0;	0.2;	0.06666666666666667;	0.06666666666666667
1378637073;	1;	2699.997987;	23.399982554000005;	0.8666666666666667;	103532.0;	34076.8;	0.0;	0.4;	0.06666666666666667;	0.06666666666666667
1378637373;	1;	2699.997987;	25.199981211999997;	0.9333333333333332;	103532.0;	38272.0;	0.0;	0.2;	0.2;	0.2
1378637673;	1;	2699.997987;	25.199981211999997;	0.9333333333333332;	103532.0;	36698.4;	0.0;	0.26666666666666666;	0.13333333333333333;	0.13333333333333333
1378637973;	1;	2699.997987;	21.599983896000005;	0.8;	103532.0;	31979.2;	0.0;	0.13333333333333333;	0.13333333333333333;	0.2
1378638273;	1;	2699.997987;	28.799978528;	1.0666666666666667;	103532.0;	31630.4;	0.0;	0.26666666666666666;	0.13333333333333333;	0.13333333333333333
1378638573;	1;	2699.997987;	25.199981211999997;	0.9333333333333332;	103532.0;	36175.2;	0.0;	0.26666666666666666;	0.26666666666666666;	0.26666666666666666
1378638873;	1;	2699.997987;	21.599983896000005;	0.8;	103532.0;	33552.8;	0.0;	0.2;	0.6666666666666666;	0.6666666666666666
1378639173;	1;	2699.997987;	25.199981211999997;	0.9333333333333332;	103532.0;	34600.8;	0.0;	0.26666666666666666;	0.13333333333333333;	0.13333333333333333
1378639473;	1;	2699.997987;	26.99997987;	1.0;	103532.0;	34950.666666666664;	0.0;	0.2;	0.13333333333333333;	0.13333333333333333
1378639773;	1;	2699.997987;	23.399982554000005;	0.8666666666666667;	103532.0;	37222.4;	0.0;	0.4;	0.13333333333333333;	0.13333333333333333
1378640073;	1;	2699.997987;	21.599983896000005;	0.8;	103532.0;	36698.4;	0.0;	0.13333333333333333;	0.6666666666666666;	0.6666666666666666
1378640373;	1;	2699.997987;	26.99997987;	1.0;	103532.0;	33552.53333333333;	0.0;	0.3333333333333333;	0.2;	0.2
1378640673;	1;	2699.997987;	25.199981211999997;	0.9333333333333332;	103532.0;	39320.0;	0.0;	0.26666666666666666;	0.2;	0.13333333333333333
1378640973;	1;	2699.997987;	21.599983896000005;	0.8;	103532.0;	37746.4;	0.0;	0.2;	0.13333333333333333;	0.06666666666666667
1378641273;	1;	2699.997987;	25.199981211999997;	0.9333333333333332;	103532.0;	41416.0;	0.0;	0.3333333333333333;	0.13333333333333333;	0.13333333333333333
1378641573;	1;	2699.997987;	28.799978528;	1.0666666666666667;	103532.0;	34601.6;	0.0;	0.2;	0.13333333333333333;	0.13333333333333333
1378641873;	1;	2699.997987;	23.399982554000005;	0.8666666666666667;	103532.0;	35125.6;	0.0;	0.26666666666666666;	0.13333333333333333;	0.13333333333333333
1378642173;	1;	2699.997987;	21.599983896000005;	0.8;	103532.0;	40892.0;	0.0;	0.26666666666666666;	0.2;	0.2
1378642473;	1;	2699.997987;	28.799978528;	1.0666666666666667;	103532.0;	37746.4;	0.0;	0.3333333333333333;	0.6666666666666666;	0.6666666666666666
1378642774;	1;	2699.997987;	25.199981211999997;	0.9333333333333332;	103532.0;	35649.86666666667;	0.0;	0.26666666666666666;	0.06666666666666667;	0.06666666666666667
1378643074;	1;	2699.997987;	21.599983896000005;	0.8;	103532.0;	35125.6;	0.0;	0.2;	0.2;	0.2
1378643374;	1;	2699.997987;	28.799978528;	1.0666666666666667;	103532.0;	39844.0;	0.0;	0.26666666666666666;	0.13333333333333333;	0.13333333333333333
1378643674;	1;	2699.997987;	25.199981211999997;	0.9333333333333332;	103532.0;	34601.066666666666;	0.0;	0.2;	0.6666666666666666;	0.6666666666666666
1378643974;	1;	2699.997987;	21.599983896000005;	0.8;	103532.0;	38445.86666666667;	0.0;	0.2;	0.06666666666666667;	0.06666666666666667
1378644274;	1;	2699.997987;	25.199981211999997;	0.9333333333333332;	103532.0;	37572.53333333333;	0.0;	0.4666666666666667;	0.06666666666666667;	0.06666666666666667
1378644574;	1;	2699.997987;	28.799978528;	1.0666666666666667;	103532.0;	34076.8;	0.0;	0.2;	0.06666666666666667;	0.06666666666666667
1378644874;	1;	2699.997987;	21.599983896000005;	0.8;	103532.0;	32677.6;	0.0;	0.26666666666666666;	0.13333333333333333;	0.13333333333333333
1378645174;	1;	2699.997987;	21.599983896000005;	0.8;	103532.0;	36174.4;	0.0;	0.2;	0.13333333333333333;	0.13333333333333333
1378645474;	1;	2699.997987;	28.799978528;	1.0666666666666667;	103532.0;	27260.8;	0.0;	0.26666666666666666;	0.06666666666666667;	0.06666666666666667
1378645774;	1;	2699.997987;	25.199981211999997;	0.9333333333333332;	103532.0;	25164.0;	0.0;	0.26666666666666666;	0.13333333333333333;	0.13333333333333333
1378646074;	1;	2699.997987;	21.599983896000005;	0.8;	103532.0;	25337.333333333332;	0.0;	0.2;	0.6;	0.6
1378646374;	1;	2699.997987;	28.799978528;	1.0666666666666667;	103532.0;	38271.2;	0.0;	0.6666666666666666;	0.13333333333333333;	0.13333333333333333
1378646674;	1;	2699.997987;	25.199981211999997;	0.9333333333333332;	103532.0;	36173.6;	0.0;	0.6666666666666666;	0.06666666666666667;	0.06666666666666667
1378646974;	1;	2699.997987;	21.599983896000005;	0.8;	103532.0;	31980.0;	0.0;	0.2;	0.13333333333333333;	0.13333333333333333
1378647274;	1;	2699.997987;	25.199981211999997;	0.9333333333333332;	103532.0;	34250.933333333334;	0.0;	0.3333333333333333;	0.6;	0.6
1378647574;	1;	2699.997987;	28.799978528;	1.0666666666666667;	103532.0;	32328.8;	0.0;	0.2;	0.13333333333333333;	0.13333333333333333
1378647874;	1;	2699.997987;	21.599983896000005;	0.8;	103532.0;	35125.6;	0.0;	0.2;	0.06666666666666667;	0.06666666666666667
1378648174;	1;	2699.997987;	25.199981211999997;	0.9333333333333332;	103532.0;	35649.6;	0.0;	0.4;	0.13333333333333333;	0.13333333333333333
1378648474;	1;	2699.997987;	28.799978528;	1.0666666666666667;	103532.0;	35124.8;	0.0;	0.13333333333333333;	0.06666666666666667;	0.06666666666666667
1378648774;	1;	2699.997987;	21.599983896000005;	0.8;	103532.0;	27260.8;	0.0;	0.26666666666666666;	0.2;	0.2
1378649074;	1;	2699.997987;	21.599983896000005;	0.8;	103532.0;	28484.266666666666;	0.0;	0.13333333333333333;	0.06666666666666667;	0.06666666666666667
1378649374;	1;	2699.997987;	28.799978528;	1.0666666666666667;	103532.0;	37223.2;	0.0;	0.3333333333333333;	0.2;	0.2
1378649674;	1;	2699.997987;	25.199981211999997;	0.9333333333333332;	103532.0;	42465.6;	0.0;	0.26666666666666666;	0.6;	0.6
1378649974;	1;	2699.997987;	21.599983896000005;	0.8;	103532.0;	38095.73333333333;	0.0;	0.2;	0.2;	0.2
1378650274;	1;	2699.997987;	25.199981211999997;	0.9333333333333332;	103532.0;	36698.4;	0.0;	0.3333333333333333;	0.06666666666666667;	0.06666666666666667
1378650574;	1;	2699.997987;	28.799978528;	1.0666666666666667;	103532.0;	34601.6;	0.0;	0.2;	0.13333333333333333;	0.13333333333333333
1378650874;	1;	2699.997987;	21.599983896000005;	0.8;	103532.0;	35649.6;	0.0;	0.26666666666666666;	0.6;	0.6
1378651174;	1;	2699.997987;	21.599983896000005;	0.8;	103532.0;	30931.2;	0.0;	0.2;	0.2;	0.2
1378651474;	1;	2699.997987;	28.799978528;	1.0666666666666667;	103532.0;	29357.6;	0.0;	0.3333333333333333;	0.13333333333333333;	0.13333333333333333
1378651775;	1;	2699.997987;	25.199981211999997;	0.9333333333333332;	103532.0;	35648.8;	0.0;	0.26666666666666666;	0.06666666666666667;	0.06666666666666667
1378652075;	1;	2699.997987;	21.599983896000005;	0.8;	103532.0;	37222.4;	0.0;	0.13333333333333333;	0.13333333333333333;	0.13333333333333333
1378652375;	1;	2699.997987;	25.199981211999997;	0.9333333333333332;	103532.0;	32504.0;	0.0;	0.2;	0.2;	0.2
1378652675;	1;	2699.997987;	28.799978528;	1.0666666666666667;	103532.0;	36174.4;	0.0;	0.2;	0.2;	0.13333333333333333
1378652975;	1;	2699.997987;	21.599983896000005;	0.8;	103532.0;	38271.2;	0.0;	0.26666666666666666;	0.4;	0.4
1378653275;	1;	2699.997987;	25.199981211999997;	0.9333333333333332;	103532.0;	38272.0;	0.0;	0.4;	0.7333333333333333;	0.7333333333333333
1378653575;	1;	2699.997987;	28.799978528;	1.0666666666666667;	103532.0;	31980.0;	0.0;	0.13333333333333333;	0.13333333333333333;	0.13333333333333333
1378653875;	1;	2699.997987;	21.599983896000005;	0.8;	103532.0;	37747.2;	0.0;	0.3333333333333333;	0.13333333333333333;	0.13333333333333333
1378654175;	1;	2699.997987;	21.599983896000005;	0.8;	103532.0;	39320.26666666667;	0.0;	0.26666666666666666;	0.13333333333333333;	0.13333333333333333
1378654475;	1;	2699.997987;	28.799978528;	1.0666666666666667;	103532.0;	36174.4;	0.0;	0.26666666666666666;	0.6666666666666666;	0.6666666666666666
1378654775;	1;	2699.997987;	25.199981211999997;	0.9333333333333332;	103532.0;	33028.0;	0.0;	0.2;	0.2;	0.2
1378655075;	1;	2699.997987;	21.599983896000005;	0.8;	103532.0;	27784.8;	0.0;	0.2;	0.13333333333333333;	0.13333333333333333
1378655375;	1;	2699.997987;	25.199981211999997;	0.9333333333333332;	103532.0;	31980.0;	0.0;	0.3333333333333333;	0.13333333333333333;	0.13333333333333333
1378655675;	1;	2699.997987;	28.799978528;	1.0666666666666667;	103532.0;	37746.666666666664;	0.0;	0.26666666666666666;	0.06666666666666667;	0.06666666666666667
1378655975;	1;	2699.997987;	21.599983896000005;	0.8;	103532.0;	37745.6;	0.0;	0.2;	0.13333333333333333;	0.13333333333333333
1378656275;	1;	2699.997987;	25.199981211999997;	0.9333333333333332;	103532.0;	30581.866666666665;	0.0;	0.3333333333333333;	0.06666666666666667;	0.06666666666666667
1378656575;	1;	2699.997987;	28.799978528;	1.0666666666666667;	103532.0;	33028.0;	0.0;	0.26666666666666666;	0.2;	0.2
1378656875;	1;	2699.997987;	21.599983896000005;	0.8;	103532.0;	35650.4;	0.0;	0.4;	0.6;	0.6
1378657175;	1;	2699.997987;	21.599983896000005;	0.8;	103532.0;	50504.26666666667;	0.0;	0.13333333333333333;	0.06666666666666667;	0.06666666666666667
1378657475;	1;	2699.997987;	28.799978528;	1.0666666666666667;	103532.0;	37746.4;	0.0;	0.3333333333333333;	0.06666666666666667;	0.06666666666666667
1378657775;	1;	2699.997987;	25.199981211999997;	0.9333333333333332;	103532.0;	35125.6;	0.0;	0.26666666666666666;	0.5333333333333333;	0.5333333333333333
1378658076;	1;	2699.997987;	21.599983896000005;	0.8;	103532.0;	33028.0;	0.0;	0.2;	0.6;	0.6
1378658376;	1;	2699.997987;	21.599983896000005;	0.8;	103532.0;	33552.0;	0.0;	0.2;	0.06666666666666667;	0.06666666666666667
1378658676;	1;	2699.997987;	28.799978528;	1.0666666666666667;	103532.0;	37746.666666666664;	0.0;	0.3333333333333333;	0.13333333333333333;	0.13333333333333333
1378658976;	1;	2699.997987;	25.199981211999997;	0.9333333333333332;	103532.0;	36697.6;	0.0;	0.26666666666666666;	0.06666666666666667;	0.06666666666666667
1378659276;	1;	2699.997987;	21.599983896000005;	0.8;	103532.0;	36174.4;	0.0;	0.13333333333333333;	0.06666666666666667;	0.06666666666666667
1378659576;	1;	2699.997987;	25.199981211999997;	0.9333333333333332;	103532.0;	35125.6;	0.0;	0.26666666666666666;	0.13333333333333333;	0.13333333333333333
1378659876;	1;	2699.997987;	28.799978528;	1.0666666666666667;	103532.0;	36697.6;	0.0;	0.2;	0.06666666666666667;	0.06666666666666667
1378660176;	1;	2699.997987;	21.599983896000005;	0.8;	103532.0;	36173.6;	0.0;	0.3333333333333333;	0.13333333333333333;	0.13333333333333333
1378660476;	1;	2699.997987;	21.599983896000005;	0.8;	103532.0;	35650.4;	0.0;	0.2;	0.6;	0.6
1378660776;	1;	2699.997987;	28.799978528;	1.0666666666666667;	103532.0;	37747.2;	0.0;	0.3333333333333333;	0.2;	0.2
1378661076;	1;	2699.997987;	25.199981211999997;	0.9333333333333332;	103532.0;	34076.8;	0.0;	0.26666666666666666;	0.06666666666666667;	0.06666666666666667
1378661376;	1;	2699.997987;	21.599983896000005;	0.8;	103532.0;	33552.0;	0.0;	0.2;	0.06666666666666667;	0.06666666666666667
1378661676;	1;	2699.997987;	25.199981211999997;	0.9333333333333332;	103532.0;	31279.733333333334;	0.0;	0.3333333333333333;	0.6666666666666666;	0.6666666666666666
1378661976;	1;	2699.997987;	28.799978528;	1.0666666666666667;	103532.0;	42990.4;	0.0;	0.2;	0.2;	0.2
1378662276;	1;	2699.997987;	21.599983896000005;	0.8;	103532.0;	37223.2;	0.0;	0.3333333333333333;	0.06666666666666667;	0.06666666666666667
1378662576;	1;	2699.997987;	21.599983896000005;	0.8;	103532.0;	39145.066666666666;	0.0;	0.26666666666666666;	0.13333333333333333;	0.13333333333333333
1378662876;	1;	2699.997987;	28.799978528;	1.0666666666666667;	103532.0;	33028.0;	0.0;	0.26666666666666666;	0.06666666666666667;	0.06666666666666667
1378663176;	1;	2699.997987;	25.199981211999997;	0.9333333333333332;	103532.0;	34076.8;	0.0;	0.26666666666666666;	0.13333333333333333;	0.13333333333333333
1378663476;	1;	2699.997987;	21.599983896000005;	0.8;	103532.0;	34076.8;	0.0;	0.2;	0.2;	0.2
1378663776;	1;	2699.997987;	25.199981211999997;	0.9333333333333332;	103532.0;	37396.8;	0.0;	0.3333333333333333;	0.13333333333333333;	0.13333333333333333
1378664076;	1;	2699.997987;	28.799978528;	1.0666666666666667;	103532.0;	34076.8;	0.0;	0.26666666666666666;	0.6;	0.6
1378664376;	1;	2699.997987;	21.599983896000005;	0.8;	103532.0;	34076.0;	0.0;	0.26666666666666666;	0.13333333333333333;	0.13333333333333333
1378664676;	1;	2699.997987;	21.599983896000005;	0.8;	103532.0;	33552.8;	0.0;	0.2;	0.06666666666666667;	0.06666666666666667
1378664976;	1;	2699.997987;	28.799978528;	1.0666666666666667;	103532.0;	33028.53333333333;	0.0;	0.3333333333333333;	0.13333333333333333;	0.13333333333333333
1378665276;	1;	2699.997987;	25.199981211999997;	0.9333333333333332;	103532.0;	37572.53333333333;	0.0;	0.2;	0.6666666666666666;	0.6666666666666666
1378665576;	1;	2699.997987;	21.599983896000005;	0.8;	103532.0;	40018.4;	0.0;	0.2;	0.3333333333333333;	0.3333333333333333
1378665876;	1;	2699.997987;	23.399982554000005;	0.8666666666666667;	103532.0;	37222.666666666664;	0.0;	0.3333333333333333;	0.13333333333333333;	0.13333333333333333
1378666176;	1;	2699.997987;	30.599977186;	1.1333333333333333;	103532.0;	35824.53333333333;	0.0;	0.3333333333333333;	0.13333333333333333;	0.13333333333333333
1378666476;	1;	2699.997987;	21.599983896000005;	0.8;	103532.0;	37922.4;	0.0;	0.26666666666666666;	0.13333333333333333;	0.13333333333333333
1378666776;	1;	2699.997987;	21.599983896000005;	0.8;	103532.0;	32678.4;	0.0;	0.2;	0.2;	0.2
1378667076;	1;	2699.997987;	28.799978528;	1.0666666666666667;	103532.0;	35475.46666666667;	0.0;	0.26666666666666666;	0.13333333333333333;	0.13333333333333333
1378667377;	1;	2699.997987;	25.199981211999997;	0.9333333333333332;	103532.0;	35300.53333333333;	0.0;	0.26666666666666666;	0.26666666666666666;	0.26666666666666666
1378667677;	1;	2699.997987;	21.599983896000005;	0.8;	103532.0;	38970.666666666664;	0.0;	0.26666666666666666;	0.6666666666666666;	0.6666666666666666
1378667976;	1;	2699.997987;	25.199981211999997;	0.9333333333333332;	103532.0;	36698.666666666664;	0.0;	0.3333333333333333;	0.13333333333333333;	0.13333333333333333
1378668276;	1;	2699.997987;	28.799978528;	1.0666666666666667;	103532.0;	30230.4;	0.0;	0.2;	0.13333333333333333;	0.13333333333333333
1378668576;	1;	2699.997987;	21.599983896000005;	0.8;	103532.0;	33725.86666666667;	0.0;	0.3333333333333333;	0.13333333333333333;	0.13333333333333333
1378668876;	1;	2699.997987;	21.599983896000005;	0.8;	103532.0;	37221.6;	0.0;	0.13333333333333333;	0.8;	0.8
1378669176;	1;	2699.997987;	28.799978528;	1.0666666666666667;	103532.0;	33376.8;	0.0;	0.3333333333333333;	0.13333333333333333;	0.13333333333333333
1378669476;	1;	2699.997987;	25.199981211999997;	0.9333333333333332;	103532.0;	33551.2;	0.0;	0.3333333333333333;	0.06666666666666667;	0.06666666666666667
1378669776;	1;	2699.997987;	21.599983896000005;	0.8;	103532.0;	33378.4;	0.0;	0.26666666666666666;	0.06666666666666667;	0.06666666666666667
1378670076;	1;	2699.997987;	25.199981211999997;	0.9333333333333332;	103532.0;	39145.6;	0.0;	0.3333333333333333;	0.06666666666666667;	0.06666666666666667
1378670376;	1;	2699.997987;	28.799978528;	1.0666666666666667;	103532.0;	39145.333333333336;	0.0;	0.2;	0.13333333333333333;	0.13333333333333333
1378670676;	1;	2699.997987;	19.799985237999998;	0.7333333333333333;	103532.0;	44912.53333333333;	0.0;	0.26666666666666666;	0.06666666666666667;	0.06666666666666667
1378670976;	1;	2699.997987;	21.599983896000005;	0.8;	103532.0;	43864.26666666667;	0.0;	0.2;	0.13333333333333333;	0.13333333333333333
1378671276;	1;	2699.997987;	28.799978528;	1.0666666666666667;	103532.0;	42290.666666666664;	0.0;	0.3333333333333333;	0.6;	0.6
1378671576;	1;	2699.997987;	25.199981211999997;	0.9333333333333332;	103532.0;	36174.666666666664;	0.0;	0.2;	0.06666666666666667;	0.06666666666666667
1378671876;	1;	2699.997987;	21.599983896000005;	0.8;	103532.0;	33728.0;	0.0;	0.26666666666666666;	0.06666666666666667;	0.06666666666666667
1378672176;	1;	2699.997987;	21.599983896000005;	0.8;	103532.0;	37222.13333333333;	0.0;	0.26666666666666666;	0.13333333333333333;	0.13333333333333333
1378672477;	1;	2699.997987;	28.799978528;	1.0666666666666667;	103532.0;	36699.46666666667;	0.0;	0.26666666666666666;	0.6;	0.6
1378672777;	1;	2699.997987;	25.199981211999997;	0.9333333333333332;	103532.0;	29532.8;	0.0;	0.2;	0.06666666666666667;	0.06666666666666667
1378673077;	1;	2699.997987;	21.599983896000005;	0.8;	103532.0;	31630.133333333335;	0.0;	0.2;	0.06666666666666667;	0.06666666666666667
1378673377;	1;	2699.997987;	25.199981211999997;	0.9333333333333332;	103532.0;	31979.466666666667;	0.0;	0.3333333333333333;	0.06666666666666667;	0.06666666666666667
1378673677;	1;	2699.997987;	28.799978528;	1.0666666666666667;	103532.0;	42989.6;	0.0;	0.2;	0.06666666666666667;	0.06666666666666667
1378673977;	1;	2699.997987;	21.599983896000005;	0.8;	103532.0;	39145.066666666666;	0.0;	0.13333333333333333;	0.13333333333333333;	0.13333333333333333
1378674277;	1;	2699.997987;	21.599983896000005;	0.8;	103532.0;	36524.8;	0.0;	0.2;	0.06666666666666667;	0.06666666666666667
1378674577;	1;	2699.997987;	28.799978528;	1.0666666666666667;	103532.0;	34252.0;	0.0;	0.3333333333333333;	0.13333333333333333;	0.13333333333333333
1378674877;	1;	2699.997987;	25.199981211999997;	0.9333333333333332;	103532.0;	39845.6;	0.0;	0.26666666666666666;	0.6666666666666666;	0.6666666666666666
1378675177;	1;	2699.997987;	21.599983896000005;	0.8;	103532.0;	30581.6;	0.0;	0.2;	0.06666666666666667;	0.06666666666666667
1378675477;	1;	2699.997987;	21.599983896000005;	0.8;	103532.0;	28484.0;	0.0;	0.2;	0.13333333333333333;	0.13333333333333333
1378675777;	1;	2699.997987;	28.799978528;	1.0666666666666667;	103532.0;	35124.53333333333;	0.0;	0.3333333333333333;	0.06666666666666667;	0.06666666666666667
1378676077;	1;	2699.997987;	25.199981211999997;	0.9333333333333332;	103532.0;	40018.4;	0.0;	0.26666666666666666;	0.6;	0.6
1378676377;	1;	2699.997987;	21.599983896000005;	0.8;	103532.0;	36348.26666666667;	0.0;	0.2;	0.06666666666666667;	0.06666666666666667
1378676677;	1;	2699.997987;	25.199981211999997;	0.9333333333333332;	103532.0;	44037.86666666667;	0.0;	0.4;	0.06666666666666667;	0.06666666666666667
1378676977;	1;	2699.997987;	25.199981211999997;	0.9333333333333332;	103532.0;	31105.866666666665;	0.0;	0.26666666666666666;	0.06666666666666667;	0.06666666666666667
1378677277;	1;	2699.997987;	23.399982554000005;	0.8666666666666667;	103532.0;	34951.2;	0.0;	0.2;	0.06666666666666667;	0.06666666666666667
1378677577;	1;	2699.997987;	21.599983896000005;	0.8;	103532.0;	34775.2;	0.0;	0.13333333333333333;	0.13333333333333333;	0.13333333333333333
1378677877;	1;	2699.997987;	28.799978528;	1.0666666666666667;	103532.0;	41942.4;	0.0;	0.26666666666666666;	0.5333333333333333;	0.5333333333333333
1378678177;	1;	2699.997987;	25.199981211999997;	0.9333333333333332;	103532.0;	40018.933333333334;	0.0;	0.2;	0.3333333333333333;	0.26666666666666666
1378678477;	1;	2699.997987;	21.599983896000005;	0.8;	103532.0;	30231.2;	0.0;	0.26666666666666666;	0.7333333333333333;	0.6666666666666666
1378678777;	1;	2699.997987;	25.199981211999997;	0.9333333333333332;	103532.0;	33552.0;	0.0;	0.3333333333333333;	0.2;	0.13333333333333333
1378679077;	1;	2699.997987;	25.199981211999997;	0.9333333333333332;	103532.0;	41592.0;	0.0;	0.2;	0.13333333333333333;	0.13333333333333333
1378679377;	1;	2699.997987;	25.199981211999997;	0.9333333333333332;	103532.0;	33028.0;	0.0;	0.3333333333333333;	0.13333333333333333;	0.13333333333333333
1378679677;	1;	2699.997987;	21.599983896000005;	0.8;	103532.0;	32329.066666666666;	0.0;	0.13333333333333333;	0.6666666666666666;	0.6666666666666666
1378679977;	1;	2699.997987;	28.799978528;	1.0666666666666667;	103532.0;	35300.0;	0.0;	0.3333333333333333;	0.2;	0.2
1378680277;	1;	2699.997987;	25.199981211999997;	0.9333333333333332;	103532.0;	35649.333333333336;	0.0;	0.2;	0.13333333333333333;	0.13333333333333333
1378680577;	1;	2699.997987;	21.599983896000005;	0.8;	103532.0;	37221.86666666667;	0.0;	0.26666666666666666;	0.13333333333333333;	0.13333333333333333
1378680877;	1;	2699.997987;	25.199981211999997;	0.9333333333333332;	103532.0;	35474.13333333333;	0.0;	0.4;	0.13333333333333333;	0.13333333333333333
1378681178;	1;	2699.997987;	28.799978528;	1.0666666666666667;	103532.0;	34775.46666666667;	0.0;	0.13333333333333333;	0.2;	0.2
1378681478;	1;	2699.997987;	21.599983896000005;	0.8;	103532.0;	32677.333333333332;	0.0;	0.26666666666666666;	0.13333333333333333;	0.13333333333333333
1378681778;	1;	2699.997987;	19.799985237999998;	0.7333333333333333;	103532.0;	35824.0;	0.0;	0.26666666666666666;	0.3333333333333333;	0.3333333333333333
1378682078;	1;	2699.997987;	28.799978528;	1.0666666666666667;	103532.0;	39669.066666666666;	0.0;	0.4;	0.6666666666666666;	0.6666666666666666
1378682378;	1;	2699.997987;	25.199981211999997;	0.9333333333333332;	103532.0;	32852.8;	0.0;	0.2;	0.06666666666666667;	0.06666666666666667
1378682678;	1;	2699.997987;	21.599983896000005;	0.8;	103532.0;	33027.46666666667;	0.0;	0.2;	0.06666666666666667;	0.06666666666666667
1378682978;	1;	2699.997987;	25.199981211999997;	0.9333333333333332;	103532.0;	30930.4;	0.0;	0.4;	0.06666666666666667;	0.06666666666666667
1378683278;	1;	2699.997987;	25.199981211999997;	0.9333333333333332;	103532.0;	33378.4;	0.0;	0.26666666666666666;	0.5333333333333333;	0.5333333333333333
1378683578;	1;	2699.997987;	25.199981211999997;	0.9333333333333332;	103532.0;	31980.0;	0.0;	0.2;	0.06666666666666667;	0.06666666666666667
1378683878;	1;	2699.997987;	21.599983896000005;	0.8;	103532.0;	40893.333333333336;	0.0;	0.2;	0.06666666666666667;	0.06666666666666667
1378684178;	1;	2699.997987;	28.799978528;	1.0666666666666667;	103532.0;	37048.0;	0.0;	0.2;	0.06666666666666667;	0.06666666666666667
1378684478;	1;	2699.997987;	25.199981211999997;	0.9333333333333332;	103532.0;	34951.2;	0.0;	0.2;	0.06666666666666667;	0.06666666666666667
1378684778;	1;	2699.997987;	21.599983896000005;	0.8;	103532.0;	32678.666666666668;	0.0;	0.2;	0.13333333333333333;	0.13333333333333333
1378685078;	1;	2699.997987;	25.199981211999997;	0.9333333333333332;	103532.0;	33203.2;	0.0;	0.26666666666666666;	0.06666666666666667;	0.06666666666666667
1378685378;	1;	2699.997987;	25.199981211999997;	0.9333333333333332;	103532.0;	33378.13333333333;	0.0;	0.2;	0.13333333333333333;	0.13333333333333333
1378685678;	1;	2699.997987;	25.199981211999997;	0.9333333333333332;	103532.0;	32329.066666666666;	0.0;	0.26666666666666666;	0.6;	0.6
1378685978;	1;	2699.997987;	21.599983896000005;	0.8;	103532.0;	34426.666666666664;	0.0;	0.13333333333333333;	0.06666666666666667;	0.06666666666666667
1378686278;	1;	2699.997987;	25.199981211999997;	0.9333333333333332;	103532.0;	30405.866666666665;	0.0;	0.26666666666666666;	0.06666666666666667;	0.06666666666666667
1378686578;	1;	2699.997987;	28.799978528;	1.0666666666666667;	103532.0;	37572.26666666667;	0.0;	0.2;	0.06666666666666667;	0.06666666666666667
1378686878;	1;	2699.997987;	21.599983896000005;	0.8;	103532.0;	32678.933333333334;	0.0;	0.2;	0.6666666666666666;	0.6666666666666666
1378687178;	1;	2699.997987;	21.599983896000005;	0.8;	103532.0;	36348.8;	0.0;	0.2;	0.06666666666666667;	0.06666666666666667
1378687478;	1;	2699.997987;	26.99997987;	1.0;	103532.0;	30930.666666666668;	0.0;	0.3333333333333333;	0.06666666666666667;	0.06666666666666667
1378687778;	1;	2699.997987;	25.199981211999997;	0.9333333333333332;	103532.0;	29708.0;	0.0;	0.3333333333333333;	0.13333333333333333;	0.06666666666666667
1378688078;	1;	2699.997987;	21.599983896000005;	0.8;	103532.0;	36698.13333333333;	0.0;	0.13333333333333333;	0.06666666666666667;	0.06666666666666667
1378688378;	1;	2699.997987;	25.199981211999997;	0.9333333333333332;	103532.0;	37221.86666666667;	0.0;	0.26666666666666666;	0.26666666666666666;	0.26666666666666666
1378688678;	1;	2699.997987;	26.99997987;	1.0;	103532.0;	28308.8;	0.0;	0.2;	0.5333333333333333;	0.5333333333333333
1378688978;	1;	2699.997987;	21.599983896000005;	0.8;	103532.0;	28133.6;	0.0;	0.26666666666666666;	0.13333333333333333;	0.13333333333333333
1378689278;	1;	2699.997987;	23.399982554000005;	0.8666666666666667;	103532.0;	33202.933333333334;	0.0;	0.26666666666666666;	0.6;	0.6
1378689578;	1;	2699.997987;	26.99997987;	1.0;	103532.0;	37747.2;	0.0;	0.26666666666666666;	0.13333333333333333;	0.13333333333333333
1378689878;	1;	2699.997987;	25.199981211999997;	0.9333333333333332;	103532.0;	38620.53333333333;	0.0;	0.2;	0.13333333333333333;	0.06666666666666667
1378690178;	1;	2699.997987;	21.599983896000005;	0.8;	103532.0;	32853.6;	0.0;	0.2;	0.13333333333333333;	0.13333333333333333
1378690478;	1;	2699.997987;	25.199981211999997;	0.9333333333333332;	103532.0;	37223.73333333333;	0.0;	0.3333333333333333;	0.6666666666666666;	0.6666666666666666
1378690778;	1;	2699.997987;	28.799978528;	1.0666666666666667;	103532.0;	32328.8;	0.0;	0.13333333333333333;	0.2;	0.2
1378691079;	1;	2699.997987;	21.599983896000005;	0.8;	103532.0;	31279.466666666667;	0.0;	0.26666666666666666;	0.13333333333333333;	0.13333333333333333
1378691379;	1;	2699.997987;	21.599983896000005;	0.8;	103532.0;	33202.4;	0.0;	0.13333333333333333;	0.13333333333333333;	0.13333333333333333
1378691679;	1;	2699.997987;	25.199981211999997;	0.9333333333333332;	103532.0;	32153.866666666665;	0.0;	0.26666666666666666;	0.13333333333333333;	0.13333333333333333
1378691979;	1;	2699.997987;	28.799978528;	1.0666666666666667;	103532.0;	30580.8;	0.0;	0.26666666666666666;	0.13333333333333333;	0.13333333333333333
1378692279;	1;	2699.997987;	21.599983896000005;	0.8;	103532.0;	35999.46666666667;	0.0;	0.2;	0.13333333333333333;	0.13333333333333333
1378692579;	1;	2699.997987;	25.199981211999997;	0.9333333333333332;	103532.0;	36697.6;	0.0;	0.3333333333333333;	0.26666666666666666;	0.26666666666666666
1378692879;	1;	2699.997987;	25.199981211999997;	0.9333333333333332;	103532.0;	38970.4;	0.0;	0.26666666666666666;	0.6666666666666666;	0.6666666666666666
1378693179;	1;	2699.997987;	25.199981211999997;	0.9333333333333332;	103532.0;	33552.0;	0.0;	0.2;	0.13333333333333333;	0.13333333333333333
1378693479;	1;	2699.997987;	21.599983896000005;	0.8;	103532.0;	30930.666666666668;	0.0;	0.13333333333333333;	0.13333333333333333;	0.13333333333333333
1378693779;	1;	2699.997987;	25.199981211999997;	0.9333333333333332;	103532.0;	28484.8;	0.0;	0.3333333333333333;	0.13333333333333333;	0.13333333333333333
1378694079;	1;	2699.997987;	28.799978528;	1.0666666666666667;	103532.0;	35301.066666666666;	0.0;	0.13333333333333333;	0.7333333333333333;	0.7333333333333333
1378694379;	1;	2699.997987;	21.599983896000005;	0.8;	103532.0;	36698.13333333333;	0.0;	0.26666666666666666;	0.13333333333333333;	0.13333333333333333
1378694679;	1;	2699.997987;	21.599983896000005;	0.8;	103532.0;	35998.933333333334;	0.0;	0.2;	0.2;	0.2
1378694979;	1;	2699.997987;	28.799978528;	1.0666666666666667;	103532.0;	37747.2;	0.0;	0.3333333333333333;	0.06666666666666667;	0.06666666666666667
1378695279;	1;	2699.997987;	25.199981211999997;	0.9333333333333332;	103532.0;	37048.53333333333;	0.0;	0.2;	0.06666666666666667;	0.06666666666666667
1378695579;	1;	2699.997987;	21.599983896000005;	0.8;	103532.0;	36524.53333333333;	0.0;	0.13333333333333333;	0.2;	0.2
1378695879;	1;	2699.997987;	25.199981211999997;	0.9333333333333332;	103532.0;	39320.0;	0.0;	0.3333333333333333;	0.06666666666666667;	0.06666666666666667
1378696179;	1;	2699.997987;	28.799978528;	1.0666666666666667;	103532.0;	33553.333333333336;	0.0;	0.2;	0.13333333333333333;	0.13333333333333333
1378696479;	1;	2699.997987;	21.599983896000005;	0.8;	103532.0;	34951.2;	0.0;	0.3333333333333333;	0.6666666666666666;	0.6666666666666666
1378696779;	1;	2699.997987;	21.599983896000005;	0.8;	103532.0;	33902.4;	0.0;	0.2;	0.06666666666666667;	0.06666666666666667
1378697079;	1;	2699.997987;	28.799978528;	1.0666666666666667;	103532.0;	32328.266666666666;	0.0;	0.26666666666666666;	0.06666666666666667;	0.06666666666666667
1378697379;	1;	2699.997987;	25.199981211999997;	0.9333333333333332;	103532.0;	35475.73333333333;	0.0;	0.26666666666666666;	0.13333333333333333;	0.13333333333333333
1378697679;	1;	2699.997987;	21.599983896000005;	0.8;	103532.0;	32853.066666666666;	0.0;	0.13333333333333333;	0.6;	0.6
1378697979;	1;	2699.997987;	26.99997987;	1.0;	103532.0;	31804.8;	0.0;	0.3333333333333333;	0.06666666666666667;	0.06666666666666667
1378698279;	1;	2699.997987;	26.99997987;	1.0;	103532.0;	38446.4;	0.0;	0.26666666666666666;	0.06666666666666667;	0.06666666666666667
1378698579;	1;	2699.997987;	21.599983896000005;	0.8;	103532.0;	39144.8;	0.0;	0.26666666666666666;	0.06666666666666667;	0.06666666666666667
1378698879;	1;	2699.997987;	25.199981211999997;	0.9333333333333332;	103532.0;	38795.2;	0.0;	0.3333333333333333;	0.06666666666666667;	0.06666666666666667
1378699180;	1;	2699.997987;	28.799978528;	1.0666666666666667;	103532.0;	28483.2;	0.0;	0.13333333333333333;	0.26666666666666666;	0.2
1378699480;	1;	2699.997987;	21.599983896000005;	0.8;	103532.0;	34776.0;	0.0;	0.26666666666666666;	0.06666666666666667;	0.06666666666666667
1378699780;	1;	2699.997987;	21.599983896000005;	0.8;	103532.0;	40543.46666666667;	0.0;	0.2;	0.2;	0.2
1378700080;	1;	2699.997987;	28.799978528;	1.0666666666666667;	103532.0;	33028.53333333333;	0.0;	0.4;	0.6;	0.6
1378700380;	1;	2699.997987;	25.199981211999997;	0.9333333333333332;	103532.0;	28657.6;	0.0;	0.2;	0.06666666666666667;	0.06666666666666667
1378700679;	1;	2699.997987;	21.599983896000005;	0.8;	103532.0;	31280.266666666666;	0.0;	0.13333333333333333;	0.06666666666666667;	0.06666666666666667
1378700979;	1;	2699.997987;	28.799978528;	1.0666666666666667;	103532.0;	37747.2;	0.0;	0.3333333333333333;	0.06666666666666667;	0.13333333333333333
1378701279;	1;	2699.997987;	25.199981211999997;	0.9333333333333332;	103532.0;	29881.333333333332;	0.0;	0.2;	0.6;	0.6
1378701579;	1;	2699.997987;	21.599983896000005;	0.8;	103532.0;	32329.333333333332;	0.0;	0.2;	0.06666666666666667;	0.06666666666666667
1378701879;	1;	2699.997987;	21.599983896000005;	0.8;	103532.0;	33552.8;	0.0;	0.26666666666666666;	0.06666666666666667;	0.06666666666666667
1378702179;	1;	2699.997987;	28.799978528;	1.0666666666666667;	103532.0;	35475.46666666667;	0.0;	0.3333333333333333;	0.06666666666666667;	0.06666666666666667
1378702479;	1;	2699.997987;	25.199981211999997;	0.9333333333333332;	103532.0;	35299.73333333333;	0.0;	0.2;	0.06666666666666667;	0.06666666666666667
1378702779;	1;	2699.997987;	21.599983896000005;	0.8;	103532.0;	35126.4;	0.0;	0.13333333333333333;	0.13333333333333333;	0.13333333333333333
1378703079;	1;	2699.997987;	25.199981211999997;	0.9333333333333332;	103532.0;	39145.066666666666;	0.0;	0.2;	0.06666666666666667;	0.06666666666666667
1378703379;	1;	2699.997987;	28.799978528;	1.0666666666666667;	103532.0;	34426.933333333334;	0.0;	0.26666666666666666;	0.13333333333333333;	0.13333333333333333
1378703680;	1;	2699.997987;	21.599983896000005;	0.8;	103532.0;	33552.0;	0.0;	0.26666666666666666;	0.6666666666666666;	0.6666666666666666
1378703980;	1;	2699.997987;	21.599983896000005;	0.8;	103532.0;	31804.8;	0.0;	0.2;	0.13333333333333333;	0.13333333333333333
1378704280;	1;	2699.997987;	32.399975844000004;	1.2;	103532.0;	32678.133333333335;	0.0;	0.26666666666666666;	0.5333333333333333;	0.4666666666666667
1378704580;	1;	2699.997987;	21.599983896000005;	0.8;	103532.0;	33378.13333333333;	0.0;	0.26666666666666666;	0.13333333333333333;	0.13333333333333333
1378704880;	1;	2699.997987;	21.599983896000005;	0.8;	103532.0;	35999.2;	0.0;	0.13333333333333333;	0.6666666666666666;	0.6666666666666666
1378705180;	1;	2699.997987;	28.799978528;	1.0666666666666667;	103532.0;	37398.13333333333;	0.0;	0.3333333333333333;	0.26666666666666666;	0.26666666666666666
1378705480;	1;	2699.997987;	25.199981211999997;	0.9333333333333332;	103532.0;	37921.86666666667;	0.0;	0.26666666666666666;	0.2;	0.2
1378705780;	1;	2699.997987;	21.599983896000005;	0.8;	103532.0;	41417.333333333336;	0.0;	0.26666666666666666;	0.13333333333333333;	0.13333333333333333
1378706080;	1;	2699.997987;	25.199981211999997;	0.9333333333333332;	103532.0;	35824.26666666667;	0.0;	0.3333333333333333;	0.13333333333333333;	0.13333333333333333
1378706380;	1;	2699.997987;	28.799978528;	1.0666666666666667;	103532.0;	40892.8;	0.0;	0.13333333333333333;	0.26666666666666666;	0.26666666666666666
1378706680;	1;	2699.997987;	19.799985237999998;	0.7333333333333333;	103532.0;	38796.0;	0.0;	0.26666666666666666;	0.13333333333333333;	0.13333333333333333
1378706980;	1;	2699.997987;	21.599983896000005;	0.8;	103532.0;	36348.8;	0.0;	0.26666666666666666;	0.2;	0.2
1378707280;	1;	2699.997987;	28.799978528;	1.0666666666666667;	103532.0;	33901.333333333336;	0.0;	0.4666666666666667;	0.6666666666666666;	0.6666666666666666
1378707580;	1;	2699.997987;	25.199981211999997;	0.9333333333333332;	103532.0;	40018.666666666664;	0.0;	0.2;	0.13333333333333333;	0.13333333333333333
1378707880;	1;	2699.997987;	21.599983896000005;	0.8;	103532.0;	35299.73333333333;	0.0;	0.13333333333333333;	0.13333333333333333;	0.13333333333333333
1378708180;	1;	2699.997987;	28.799978528;	1.0666666666666667;	103532.0;	39844.8;	0.0;	0.3333333333333333;	0.06666666666666667;	0.06666666666666667
1378708480;	1;	2699.997987;	25.199981211999997;	0.9333333333333332;	103532.0;	36174.4;	0.0;	0.2;	0.6;	0.6
1378708780;	1;	2699.997987;	21.599983896000005;	0.8;	103532.0;	38621.333333333336;	0.0;	0.2;	0.06666666666666667;	0.06666666666666667
1378709080;	1;	2699.997987;	25.199981211999997;	0.9333333333333332;	103532.0;	37397.066666666666;	0.0;	0.4;	0.06666666666666667;	0.06666666666666667
1378709380;	1;	2699.997987;	28.799978528;	1.0666666666666667;	103532.0;	34777.066666666666;	0.0;	0.2;	0.06666666666666667;	0.06666666666666667
1378709680;	1;	2699.997987;	21.599983896000005;	0.8;	103532.0;	37921.86666666667;	0.0;	0.26666666666666666;	0.06666666666666667;	0.06666666666666667
1378709980;	1;	2699.997987;	21.599983896000005;	0.8;	103532.0;	38096.53333333333;	0.0;	0.13333333333333333;	0.13333333333333333;	0.13333333333333333
1378710280;	1;	2699.997987;	28.799978528;	1.0666666666666667;	103532.0;	43688.8;	0.0;	0.26666666666666666;	0.06666666666666667;	0.06666666666666667
1378710580;	1;	2699.997987;	25.199981211999997;	0.9333333333333332;	103532.0;	31105.6;	0.0;	0.26666666666666666;	0.26666666666666666;	0.26666666666666666
1378710880;	1;	2699.997987;	21.599983896000005;	0.8;	103532.0;	31280.8;	0.0;	0.2;	0.6;	0.6
1378711180;	1;	2699.997987;	28.799978528;	1.0666666666666667;	103532.0;	37397.066666666666;	0.0;	0.26666666666666666;	0.06666666666666667;	0.06666666666666667
1378711481;	1;	2699.997987;	25.199981211999997;	0.9333333333333332;	103532.0;	33552.0;	0.0;	0.2;	0.06666666666666667;	0.06666666666666667
1378711781;	1;	2699.997987;	21.599983896000005;	0.8;	103532.0;	31804.266666666666;	0.0;	0.2;	0.06666666666666667;	0.06666666666666667
1378712081;	1;	2699.997987;	25.199981211999997;	0.9333333333333332;	103532.0;	33727.73333333333;	0.0;	0.3333333333333333;	0.6;	0.6
1378712381;	1;	2699.997987;	28.799978528;	1.0666666666666667;	103532.0;	34776.53333333333;	0.0;	0.13333333333333333;	0.06666666666666667;	0.06666666666666667
1378712681;	1;	2699.997987;	21.599983896000005;	0.8;	103532.0;	37748.0;	0.0;	0.3333333333333333;	0.06666666666666667;	0.06666666666666667
1378712981;	1;	2699.997987;	23.399982554000005;	0.8666666666666667;	103532.0;	34951.46666666667;	0.0;	0.2;	0.2;	0.2
1378713281;	1;	2699.997987;	30.599977186;	1.1333333333333333;	103532.0;	36523.2;	0.0;	0.26666666666666666;	0.06666666666666667;	0.06666666666666667
1378713581;	1;	2699.997987;	21.599983896000005;	0.8;	103532.0;	38097.066666666666;	0.0;	0.26666666666666666;	0.2;	0.2
1378713881;	1;	2699.997987;	21.599983896000005;	0.8;	103532.0;	41068.0;	0.0;	0.13333333333333333;	0.06666666666666667;	0.06666666666666667
1378714181;	1;	2699.997987;	28.799978528;	1.0666666666666667;	103532.0;	36524.0;	0.0;	0.26666666666666666;	0.26666666666666666;	0.26666666666666666
1378714481;	1;	2699.997987;	25.199981211999997;	0.9333333333333332;	103532.0;	30056.533333333333;	0.0;	0.26666666666666666;	0.6;	0.6
1378714781;	1;	2699.997987;	21.599983896000005;	0.8;	103532.0;	38270.666666666664;	0.0;	0.2;	0.13333333333333333;	0.13333333333333333
1378715081;	1;	2699.997987;	25.199981211999997;	0.9333333333333332;	103532.0;	38096.26666666667;	0.0;	0.26666666666666666;	0.06666666666666667;	0.06666666666666667
1378715381;	1;	2699.997987;	28.799978528;	1.0666666666666667;	103532.0;	38794.933333333334;	0.0;	0.13333333333333333;	0.2;	0.13333333333333333
1378715681;	1;	2699.997987;	21.599983896000005;	0.8;	103532.0;	35998.13333333333;	0.0;	0.26666666666666666;	0.6;	0.6
1378715981;	1;	2699.997987;	21.599983896000005;	0.8;	103532.0;	36697.6;	0.0;	0.2;	0.13333333333333333;	0.13333333333333333
1378716281;	1;	2699.997987;	28.799978528;	1.0666666666666667;	103532.0;	33203.46666666667;	0.0;	0.3333333333333333;	0.13333333333333333;	0.13333333333333333
1378716581;	1;	2699.997987;	25.199981211999997;	0.9333333333333332;	103532.0;	33902.13333333333;	0.0;	0.2;	0.13333333333333333;	0.13333333333333333
1378716881;	1;	2699.997987;	21.599983896000005;	0.8;	103532.0;	33552.8;	0.0;	0.2;	0.06666666666666667;	0.06666666666666667
1378717181;	1;	2699.997987;	10.799991948000002;	0.4;	103532.0;	33204.0;	0.0;	0.06666666666666667;	0.2;	0.2
1378717481;	1;	2699.997987;	28.799978528;	1.0666666666666667;	103532.0;	36872.26666666667;	0.0;	0.3333333333333333;	0.06666666666666667;	0.06666666666666667
1378717782;	1;	2699.997987;	25.199981211999997;	0.9333333333333332;	103532.0;	31805.066666666666;	0.0;	0.13333333333333333;	0.2;	0.2
1378718082;	1;	2699.997987;	21.599983896000005;	0.8;	103532.0;	36522.4;	0.0;	0.2;	0.6666666666666666;	0.6
1378718382;	1;	2699.997987;	25.199981211999997;	0.9333333333333332;	103532.0;	36348.8;	0.0;	0.3333333333333333;	0.2;	0.2
1378718682;	1;	2699.997987;	28.799978528;	1.0666666666666667;	103532.0;	37397.333333333336;	0.0;	0.13333333333333333;	0.13333333333333333;	0.13333333333333333
1378718982;	1;	2699.997987;	21.599983896000005;	0.8;	103532.0;	40891.73333333333;	0.0;	0.2;	0.13333333333333333;	0.13333333333333333
1378719282;	1;	2699.997987;	21.599983896000005;	0.8;	103532.0;	35824.0;	0.0;	0.2;	0.6;	0.6
1378719582;	1;	2699.997987;	28.799978528;	1.0666666666666667;	103532.0;	34600.53333333333;	0.0;	0.26666666666666666;	0.26666666666666666;	0.26666666666666666
1378719882;	1;	2699.997987;	25.199981211999997;	0.9333333333333332;	103532.0;	32852.53333333333;	0.0;	0.26666666666666666;	0.2;	0.2
1378720182;	1;	2699.997987;	21.599983896000005;	0.8;	103532.0;	31628.8;	0.0;	0.13333333333333333;	0.13333333333333333;	0.13333333333333333
1378720482;	1;	2699.997987;	28.799978528;	1.0666666666666667;	103532.0;	29707.733333333334;	0.0;	0.26666666666666666;	0.13333333333333333;	0.13333333333333333
1378720782;	1;	2699.997987;	25.199981211999997;	0.9333333333333332;	103532.0;	34951.46666666667;	0.0;	0.2;	0.13333333333333333;	0.13333333333333333
1378721082;	1;	2699.997987;	21.599983896000005;	0.8;	103532.0;	32154.133333333335;	0.0;	0.2;	0.13333333333333333;	0.13333333333333333
1378721382;	1;	2699.997987;	25.199981211999997;	0.9333333333333332;	103532.0;	36698.4;	0.0;	0.3333333333333333;	0.2;	0.2
1378721682;	1;	2699.997987;	28.799978528;	1.0666666666666667;	103532.0;	31629.866666666665;	0.0;	0.26666666666666666;	0.6666666666666666;	0.6666666666666666
1378721982;	1;	2699.997987;	21.599983896000005;	0.8;	103532.0;	30580.266666666666;	0.0;	0.26666666666666666;	0.06666666666666667;	0.06666666666666667
1378722282;	1;	2699.997987;	21.599983896000005;	0.8;	103532.0;	35474.666666666664;	0.0;	0.2;	0.06666666666666667;	0.06666666666666667
1378722582;	1;	2699.997987;	28.799978528;	1.0666666666666667;	103532.0;	38270.933333333334;	0.0;	0.3333333333333333;	0.06666666666666667;	0.06666666666666667
1378722882;	1;	2699.997987;	25.199981211999997;	0.9333333333333332;	103532.0;	34077.333333333336;	0.0;	0.26666666666666666;	0.6;	0.6
1378723182;	1;	2699.997987;	21.599983896000005;	0.8;	103532.0;	34251.2;	0.0;	0.13333333333333333;	0.06666666666666667;	0.06666666666666667
1378723482;	1;	2699.997987;	28.799978528;	1.0666666666666667;	103532.0;	35475.46666666667;	0.0;	0.4;	0.06666666666666667;	0.06666666666666667
1378723782;	1;	2699.997987;	25.199981211999997;	0.9333333333333332;	103532.0;	41242.13333333333;	0.0;	0.2;	0.06666666666666667;	0.06666666666666667
1378724082;	1;	2699.997987;	21.599983896000005;	0.8;	103532.0;	36873.6;	0.0;	0.2;	0.06666666666666667;	0.06666666666666667
1378724382;	1;	2699.997987;	21.599983896000005;	0.8;	103532.0;	32679.2;	0.0;	0.2;	0.13333333333333333;	0.13333333333333333
1378724682;	1;	2699.997987;	28.799978528;	1.0666666666666667;	103532.0;	30405.6;	0.0;	0.26666666666666666;	0.06666666666666667;	0.06666666666666667
1378724982;	1;	2699.997987;	25.199981211999997;	0.9333333333333332;	103532.0;	36173.066666666666;	0.0;	0.2;	0.13333333333333333;	0.13333333333333333
1378725282;	1;	2699.997987;	21.599983896000005;	0.8;	103532.0;	37746.4;	0.0;	0.2;	0.6666666666666666;	0.6666666666666666
1378725582;	1;	2699.997987;	28.799978528;	1.0666666666666667;	103532.0;	34251.73333333333;	0.0;	0.3333333333333333;	0.13333333333333333;	0.13333333333333333
1378725882;	1;	2699.997987;	25.199981211999997;	0.9333333333333332;	103532.0;	31455.2;	0.0;	0.2;	0.06666666666666667;	0.06666666666666667
1378726182;	1;	2699.997987;	21.599983896000005;	0.8;	103532.0;	39669.333333333336;	0.0;	0.2;	0.06666666666666667;	0.06666666666666667
1378726482;	1;	2699.997987;	21.599983896000005;	0.8;	103532.0;	30056.533333333333;	0.0;	0.2;	0.6666666666666666;	0.6
1378726782;	1;	2699.997987;	28.799978528;	1.0666666666666667;	103532.0;	27435.466666666667;	0.0;	0.26666666666666666;	0.06666666666666667;	0.06666666666666667
1378727082;	1;	2699.997987;	25.199981211999997;	0.9333333333333332;	103532.0;	29532.8;	0.0;	0.3333333333333333;	0.06666666666666667;	0.06666666666666667
1378727382;	1;	2699.997987;	21.599983896000005;	0.8;	103532.0;	35650.666666666664;	0.0;	0.13333333333333333;	0.13333333333333333;	0.06666666666666667
1378727682;	1;	2699.997987;	28.799978528;	1.0666666666666667;	103532.0;	32678.933333333334;	0.0;	0.26666666666666666;	0.06666666666666667;	0.06666666666666667
1378727983;	1;	2699.997987;	25.199981211999997;	0.9333333333333332;	103532.0;	37049.066666666666;	0.0;	0.2;	0.13333333333333333;	0.13333333333333333
1378728283;	1;	2699.997987;	21.599983896000005;	0.8;	103532.0;	34076.26666666667;	0.0;	0.2;	0.06666666666666667;	0.06666666666666667
1378728583;	1;	2699.997987;	21.599983896000005;	0.8;	103532.0;	31104.533333333333;	0.0;	0.2;	0.13333333333333333;	0.13333333333333333
1378728883;	1;	2699.997987;	21.599983896000005;	0.8;	103532.0;	31455.2;	0.0;	0.2;	0.6666666666666666;	0.6666666666666666
1378729183;	1;	2699.997987;	28.799978528;	1.0666666666666667;	103532.0;	38971.2;	0.0;	0.3333333333333333;	0.13333333333333333;	0.13333333333333333
1378729483;	1;	2699.997987;	25.199981211999997;	0.9333333333333332;	103532.0;	40193.333333333336;	0.0;	0.13333333333333333;	0.06666666666666667;	0.06666666666666667
1378729783;	1;	2699.997987;	21.599983896000005;	0.8;	103532.0;	34601.6;	0.0;	0.13333333333333333;	0.13333333333333333;	0.13333333333333333
1378730083;	1;	2699.997987;	25.199981211999997;	0.9333333333333332;	103532.0;	30930.666666666668;	0.0;	0.3333333333333333;	0.6666666666666666;	0.6666666666666666
1378730383;	1;	2699.997987;	28.799978528;	1.0666666666666667;	103532.0;	32503.733333333334;	0.0;	0.13333333333333333;	0.06666666666666667;	0.06666666666666667
1378730683;	1;	2699.997987;	21.599983896000005;	0.8;	103532.0;	29532.533333333333;	0.0;	0.4;	0.2;	0.2
1378730983;	1;	2699.997987;	21.599983896000005;	0.8;	103532.0;	36873.333333333336;	0.0;	0.2;	0.13333333333333333;	0.13333333333333333
1378731283;	1;	2699.997987;	28.799978528;	1.0666666666666667;	103532.0;	32153.866666666665;	0.0;	0.26666666666666666;	0.2;	0.2
1378731583;	1;	2699.997987;	25.199981211999997;	0.9333333333333332;	103532.0;	34426.13333333333;	0.0;	0.2;	0.2;	0.2
1378731883;	1;	2699.997987;	21.599983896000005;	0.8;	103532.0;	35299.73333333333;	0.0;	0.13333333333333333;	0.26666666666666666;	0.2
1378732183;	1;	2699.997987;	25.199981211999997;	0.9333333333333332;	103532.0;	35825.066666666666;	0.0;	0.3333333333333333;	0.2;	0.2
1378732483;	1;	2699.997987;	28.799978528;	1.0666666666666667;	103532.0;	34600.8;	0.0;	0.2;	0.6666666666666666;	0.6666666666666666
1378732783;	1;	2699.997987;	21.599983896000005;	0.8;	103532.0;	42291.73333333333;	0.0;	0.2;	0.13333333333333333;	0.13333333333333333
1378733083;	1;	2699.997987;	25.199981211999997;	0.9333333333333332;	103532.0;	36873.333333333336;	0.0;	1.0666666666666667;	0.13333333333333333;	0.13333333333333333
1378733383;	1;	2699.997987;	28.799978528;	1.0666666666666667;	103532.0;	35300.53333333333;	0.0;	0.2;	0.4666666666666667;	0.4666666666666667
1378733683;	1;	2699.997987;	21.599983896000005;	0.8;	103532.0;	37048.53333333333;	0.0;	0.26666666666666666;	0.6666666666666666;	0.6666666666666666
1378733983;	1;	2699.997987;	21.599983896000005;	0.8;	103532.0;	32679.2;	0.0;	0.2;	0.13333333333333333;	0.13333333333333333
1378734283;	1;	2699.997987;	26.99997987;	1.0;	103532.0;	36524.0;	0.0;	0.3333333333333333;	0.13333333333333333;	0.13333333333333333
1378734583;	1;	2699.997987;	25.199981211999997;	0.9333333333333332;	103532.0;	37222.13333333333;	0.0;	0.3333333333333333;	0.06666666666666667;	0.06666666666666667
1378734883;	1;	2699.997987;	21.599983896000005;	0.8;	103532.0;	30057.066666666666;	0.0;	0.13333333333333333;	0.06666666666666667;	0.06666666666666667
1378735183;	1;	2699.997987;	28.799978528;	1.0666666666666667;	103532.0;	37921.6;	0.0;	0.26666666666666666;	0.13333333333333333;	0.13333333333333333
1378735483;	1;	2699.997987;	25.199981211999997;	0.9333333333333332;	103532.0;	32678.666666666668;	0.0;	0.2;	0.06666666666666667;	0.06666666666666667
1378735783;	1;	2699.997987;	21.599983896000005;	0.8;	103532.0;	36174.13333333333;	0.0;	0.2;	0.13333333333333333;	0.13333333333333333
1378736083;	1;	2699.997987;	25.199981211999997;	0.9333333333333332;	103532.0;	42465.86666666667;	0.0;	0.4;	0.6;	0.6
1378736383;	1;	2699.997987;	28.799978528;	1.0666666666666667;	103532.0;	41766.933333333334;	0.0;	0.2;	0.06666666666666667;	0.06666666666666667
1378736683;	1;	2699.997987;	21.599983896000005;	0.8;	103532.0;	36000.26666666667;	0.0;	0.2;	0.2;	0.2
1378736983;	1;	2699.997987;	25.199981211999997;	0.9333333333333332;	103532.0;	40892.53333333333;	0.0;	0.3333333333333333;	0.13333333333333333;	0.13333333333333333
1378737283;	1;	2699.997987;	28.799978528;	1.0666666666666667;	103532.0;	37397.6;	0.0;	0.13333333333333333;	0.6;	0.6
1378737583;	1;	2699.997987;	21.599983896000005;	0.8;	103532.0;	31978.933333333334;	0.0;	0.26666666666666666;	0.2;	0.2
1378737883;	1;	2699.997987;	21.599983896000005;	0.8;	103532.0;	34601.333333333336;	0.0;	0.2;	0.06666666666666667;	0.06666666666666667
1378738183;	1;	2699.997987;	28.799978528;	1.0666666666666667;	103532.0;	35301.333333333336;	0.0;	0.3333333333333333;	0.06666666666666667;	0.06666666666666667
1378738483;	1;	2699.997987;	25.199981211999997;	0.9333333333333332;	103532.0;	33377.6;	0.0;	0.26666666666666666;	0.06666666666666667;	0.06666666666666667
1378738783;	1;	2699.997987;	21.599983896000005;	0.8;	103532.0;	35125.6;	0.0;	0.13333333333333333;	0.13333333333333333;	0.13333333333333333
1378739083;	1;	2699.997987;	25.199981211999997;	0.9333333333333332;	103532.0;	39669.333333333336;	0.0;	0.3333333333333333;	0.06666666666666667;	0.06666666666666667
1378739383;	1;	2699.997987;	28.799978528;	1.0666666666666667;	103532.0;	34426.933333333334;	0.0;	0.26666666666666666;	0.26666666666666666;	0.26666666666666666
1378739683;	1;	2699.997987;	21.599983896000005;	0.8;	103532.0;	34951.2;	0.0;	0.3333333333333333;	0.6;	0.6
1378739983;	1;	2699.997987;	21.599983896000005;	0.8;	103532.0;	34600.53333333333;	0.0;	0.2;	0.5333333333333333;	0.5333333333333333
1378740283;	1;	2699.997987;	25.199981211999997;	0.9333333333333332;	103532.0;	32853.6;	0.0;	0.2;	0.13333333333333333;	0.06666666666666667
1378740583;	1;	2699.997987;	25.199981211999997;	0.9333333333333332;	103532.0;	37049.333333333336;	0.0;	0.3333333333333333;	0.13333333333333333;	0.06666666666666667
1378740883;	1;	2699.997987;	25.199981211999997;	0.9333333333333332;	103532.0;	34951.2;	0.0;	0.26666666666666666;	0.6;	0.6
1378741183;	1;	2699.997987;	21.599983896000005;	0.8;	103532.0;	27260.533333333333;	0.0;	0.2;	0.06666666666666667;	0.06666666666666667
1378741483;	1;	2699.997987;	25.199981211999997;	0.9333333333333332;	103532.0;	34949.86666666667;	0.0;	0.4666666666666667;	0.13333333333333333;	0.13333333333333333
1378741783;	1;	2699.997987;	26.99997987;	1.0;	103532.0;	31980.0;	0.0;	0.2;	0.06666666666666667;	0.06666666666666667
1378742084;	1;	2699.997987;	21.599983896000005;	0.8;	103532.0;	37222.4;	0.0;	0.2;	0.06666666666666667;	0.06666666666666667
1378742384;	1;	2699.997987;	25.199981211999997;	0.9333333333333332;	103532.0;	35125.6;	0.0;	0.26666666666666666;	0.13333333333333333;	0.13333333333333333
1378742684;	1;	2699.997987;	28.799978528;	1.0666666666666667;	103532.0;	32153.866666666665;	0.0;	0.2;	0.06666666666666667;	0.06666666666666667
1378742984;	1;	2699.997987;	21.599983896000005;	0.8;	103532.0;	39319.2;	0.0;	0.2;	0.2;	0.2
1378743284;	1;	2699.997987;	25.199981211999997;	0.9333333333333332;	103532.0;	31454.4;	0.0;	0.26666666666666666;	0.7333333333333333;	0.7333333333333333
1378743584;	1;	2699.997987;	25.199981211999997;	0.9333333333333332;	103532.0;	33552.8;	0.0;	0.26666666666666666;	0.06666666666666667;	0.06666666666666667
1378743884;	1;	2699.997987;	25.199981211999997;	0.9333333333333332;	103532.0;	36698.13333333333;	0.0;	0.2;	0.13333333333333333;	0.06666666666666667
1378744184;	1;	2699.997987;	21.599983896000005;	0.8;	103532.0;	39320.0;	0.0;	0.2;	0.06666666666666667;	0.06666666666666667
1378744484;	1;	2699.997987;	28.799978528;	1.0666666666666667;	103532.0;	40017.86666666667;	0.0;	0.26666666666666666;	0.6666666666666666;	0.6666666666666666
1378744784;	1;	2699.997987;	25.199981211999997;	0.9333333333333332;	103532.0;	34076.8;	0.0;	0.2;	0.13333333333333333;	0.13333333333333333
1378745084;	1;	2699.997987;	21.599983896000005;	0.8;	103532.0;	28833.6;	0.0;	0.26666666666666666;	0.13333333333333333;	0.13333333333333333
1378745384;	1;	2699.997987;	25.199981211999997;	0.9333333333333332;	103532.0;	32328.8;	0.0;	0.4;	0.13333333333333333;	0.13333333333333333
1378745684;	1;	2699.997987;	28.799978528;	1.0666666666666667;	103532.0;	35475.73333333333;	0.0;	0.13333333333333333;	0.13333333333333333;	0.13333333333333333
1378745984;	1;	2699.997987;	21.599983896000005;	0.8;	103532.0;	34600.8;	0.0;	0.2;	0.2;	0.2
1378746284;	1;	2699.997987;	21.599983896000005;	0.8;	103532.0;	33028.0;	0.0;	0.13333333333333333;	0.2;	0.2
1378746584;	1;	2699.997987;	28.799978528;	1.0666666666666667;	103532.0;	30405.6;	0.0;	0.3333333333333333;	0.2;	0.2
1378746884;	1;	2699.997987;	25.199981211999997;	0.9333333333333332;	103532.0;	30756.533333333333;	0.0;	0.26666666666666666;	0.6666666666666666;	0.6666666666666666
1378747184;	1;	2699.997987;	21.599983896000005;	0.8;	103532.0;	37747.2;	0.0;	0.13333333333333333;	0.2;	0.2
1378747484;	1;	2699.997987;	25.199981211999997;	0.9333333333333332;	103532.0;	32504.0;	0.0;	0.3333333333333333;	0.13333333333333333;	0.13333333333333333
1378747784;	1;	2699.997987;	28.799978528;	1.0666666666666667;	103532.0;	35475.73333333333;	0.0;	0.26666666666666666;	0.13333333333333333;	0.13333333333333333
1378748084;	1;	2699.997987;	21.599983896000005;	0.8;	103532.0;	39844.26666666667;	0.0;	0.3333333333333333;	0.6666666666666666;	0.6666666666666666
1378748384;	1;	2699.997987;	21.599983896000005;	0.8;	103532.0;	35649.6;	0.0;	0.13333333333333333;	0.13333333333333333;	0.13333333333333333
1378748684;	1;	2699.997987;	28.799978528;	1.0666666666666667;	103532.0;	42814.666666666664;	0.0;	0.4;	0.2;	0.13333333333333333
1378748984;	1;	2699.997987;	25.199981211999997;	0.9333333333333332;	103532.0;	40368.8;	0.0;	0.2;	0.13333333333333333;	0.13333333333333333
1378749284;	1;	2699.997987;	21.599983896000005;	0.8;	103532.0;	39844.0;	0.0;	0.26666666666666666;	0.2;	0.2
1378749584;	1;	2699.997987;	25.199981211999997;	0.9333333333333332;	103532.0;	35999.46666666667;	0.0;	0.3333333333333333;	0.13333333333333333;	0.13333333333333333
1378749884;	1;	2699.997987;	28.799978528;	1.0666666666666667;	103532.0;	36698.4;	0.0;	0.13333333333333333;	0.06666666666666667;	0.06666666666666667
1378750184;	1;	2699.997987;	21.599983896000005;	0.8;	103532.0;	36698.4;	0.0;	0.3333333333333333;	0.13333333333333333;	0.13333333333333333
1378750484;	1;	2699.997987;	19.799985237999998;	0.7333333333333333;	103532.0;	29881.6;	0.0;	0.2;	0.6666666666666666;	0.6
1378750784;	1;	2699.997987;	28.799978528;	1.0666666666666667;	103532.0;	33202.4;	0.0;	0.4;	0.13333333333333333;	0.13333333333333333
1378751084;	1;	2699.997987;	25.199981211999997;	0.9333333333333332;	103532.0;	34600.8;	0.0;	0.2;	0.06666666666666667;	0.06666666666666667
1378751384;	1;	2699.997987;	21.599983896000005;	0.8;	103532.0;	34076.0;	0.0;	0.2;	0.06666666666666667;	0.06666666666666667
1378751684;	1;	2699.997987;	28.799978528;	1.0666666666666667;	103532.0;	36698.4;	0.0;	0.3333333333333333;	0.6;	0.6
1378751984;	1;	2699.997987;	25.199981211999997;	0.9333333333333332;	103532.0;	33552.8;	0.0;	0.2;	0.26666666666666666;	0.26666666666666666
1378752284;	1;	2699.997987;	21.599983896000005;	0.8;	103532.0;	32503.2;	0.0;	0.2;	0.06666666666666667;	0.06666666666666667
1378752585;	1;	2699.997987;	25.199981211999997;	0.9333333333333332;	103532.0;	33028.0;	0.0;	0.3333333333333333;	0.06666666666666667;	0.06666666666666667
1378752885;	1;	2699.997987;	28.799978528;	1.0666666666666667;	103532.0;	35126.4;	0.0;	0.2;	0.06666666666666667;	0.06666666666666667
1378753185;	1;	2699.997987;	21.599983896000005;	0.8;	103532.0;	36173.6;	0.0;	0.2;	0.13333333333333333;	0.13333333333333333
1378753485;	1;	2699.997987;	21.599983896000005;	0.8;	103532.0;	33028.0;	0.0;	0.2;	0.06666666666666667;	0.06666666666666667
1378753785;	1;	2699.997987;	28.799978528;	1.0666666666666667;	103532.0;	36698.4;	0.0;	0.3333333333333333;	0.13333333333333333;	0.13333333333333333
1378754085;	1;	2699.997987;	25.199981211999997;	0.9333333333333332;	103532.0;	28834.4;	0.0;	0.26666666666666666;	1.0666666666666667;	1.0666666666666667
1378754385;	1;	2699.997987;	21.599983896000005;	0.8;	103532.0;	31455.2;	0.0;	0.2;	0.06666666666666667;	0.06666666666666667
1378754685;	1;	2699.997987;	28.799978528;	1.0666666666666667;	103532.0;	37223.2;	0.0;	0.3333333333333333;	0.06666666666666667;	0.06666666666666667
1378754985;	1;	2699.997987;	25.199981211999997;	0.9333333333333332;	103532.0;	34425.6;	0.0;	0.2;	0.06666666666666667;	0.06666666666666667
1378755285;	1;	2699.997987;	21.599983896000005;	0.8;	103532.0;	35649.6;	0.0;	0.13333333333333333;	0.6666666666666666;	0.6666666666666666
1378755585;	1;	2699.997987;	25.199981211999997;	0.9333333333333332;	103532.0;	38271.2;	0.0;	0.4;	0.06666666666666667;	0.06666666666666667
1378755885;	1;	2699.997987;	28.799978528;	1.0666666666666667;	103532.0;	37746.4;	0.0;	0.2;	0.13333333333333333;	0.13333333333333333
1378756185;	1;	2699.997987;	21.599983896000005;	0.8;	103532.0;	36523.73333333333;	0.0;	0.26666666666666666;	0.06666666666666667;	0.06666666666666667
1378756485;	1;	2699.997987;	25.199981211999997;	0.9333333333333332;	103532.0;	35649.066666666666;	0.0;	0.26666666666666666;	0.06666666666666667;	0.06666666666666667
1378756785;	1;	2699.997987;	28.799978528;	1.0666666666666667;	103532.0;	35648.8;	0.0;	0.13333333333333333;	0.13333333333333333;	0.13333333333333333
1378757085;	1;	2699.997987;	21.599983896000005;	0.8;	103532.0;	30930.4;	0.0;	0.2;	0.06666666666666667;	0.06666666666666667
1378757385;	1;	2699.997987;	19.799985237999998;	0.7333333333333333;	103532.0;	39844.26666666667;	0.0;	0.2;	0.13333333333333333;	0.13333333333333333
1378757685;	1;	2699.997987;	28.799978528;	1.0666666666666667;	103532.0;	32503.2;	0.0;	0.4;	0.6666666666666666;	0.6666666666666666
1378757985;	1;	2699.997987;	25.199981211999997;	0.9333333333333332;	103532.0;	33203.46666666667;	0.0;	0.2;	0.06666666666666667;	0.06666666666666667
1378758285;	1;	2699.997987;	21.599983896000005;	0.8;	103532.0;	37746.4;	0.0;	0.2;	0.13333333333333333;	0.13333333333333333
1378758585;	1;	2699.997987;	21.599983896000005;	0.8;	103532.0;	35650.4;	0.0;	0.26666666666666666;	0.13333333333333333;	0.2
1378758885;	1;	2699.997987;	25.199981211999997;	0.9333333333333332;	103532.0;	34426.4;	0.0;	0.3333333333333333;	0.6666666666666666;	0.6666666666666666
1378759185;	1;	2699.997987;	28.799978528;	1.0666666666666667;	103532.0;	36174.4;	0.0;	0.13333333333333333;	0.13333333333333333;	0.13333333333333333
1378759485;	1;	2699.997987;	21.599983896000005;	0.8;	103532.0;	31979.2;	0.0;	0.26666666666666666;	0.13333333333333333;	0.13333333333333333
1378759785;	1;	2699.997987;	25.199981211999997;	0.9333333333333332;	103532.0;	34426.933333333334;	0.0;	0.3333333333333333;	0.13333333333333333;	0.13333333333333333
1378760085;	1;	2699.997987;	28.799978528;	1.0666666666666667;	103532.0;	34076.8;	0.0;	0.2;	0.13333333333333333;	0.13333333333333333
1378760385;	1;	2699.997987;	21.599983896000005;	0.8;	103532.0;	30930.4;	0.0;	0.26666666666666666;	0.13333333333333333;	0.13333333333333333
1378760685;	1;	2699.997987;	21.599983896000005;	0.8;	103532.0;	37398.13333333333;	0.0;	0.13333333333333333;	0.13333333333333333;	0.13333333333333333
1378760985;	1;	2699.997987;	25.199981211999997;	0.9333333333333332;	103532.0;	33027.46666666667;	0.0;	0.26666666666666666;	0.2;	0.2
1378761285;	1;	2699.997987;	25.199981211999997;	0.9333333333333332;	103532.0;	37746.4;	0.0;	0.3333333333333333;	0.6666666666666666;	0.6666666666666666
1378761585;	1;	2699.997987;	25.199981211999997;	0.9333333333333332;	103532.0;	31629.066666666666;	0.0;	0.2;	0.2;	0.2
1378761885;	1;	2699.997987;	21.599983896000005;	0.8;	103532.0;	31454.933333333334;	0.0;	0.13333333333333333;	0.13333333333333333;	0.13333333333333333
1378762185;	1;	2699.997987;	28.799978528;	1.0666666666666667;	103532.0;	33377.333333333336;	0.0;	0.26666666666666666;	0.2;	0.13333333333333333
1378762485;	1;	2699.997987;	25.199981211999997;	0.9333333333333332;	103532.0;	34601.6;	0.0;	0.2;	0.6;	0.6
1378762785;	1;	2699.997987;	21.599983896000005;	0.8;	103532.0;	34601.6;	0.0;	0.2;	0.06666666666666667;	0.06666666666666667
1378763086;	1;	2699.997987;	25.199981211999997;	0.9333333333333332;	103532.0;	43339.2;	0.0;	0.4;	0.13333333333333333;	0.06666666666666667
1378763386;	1;	2699.997987;	25.199981211999997;	0.9333333333333332;	103532.0;	35998.666666666664;	0.0;	0.2;	0.2;	0.2
1378763686;	1;	2699.997987;	25.199981211999997;	0.9333333333333332;	103532.0;	34600.8;	0.0;	0.2;	0.06666666666666667;	0.06666666666666667
1378763986;	1;	2699.997987;	21.599983896000005;	0.8;	103532.0;	36174.4;	0.0;	0.2;	0.2;	0.2
1378764286;	1;	2699.997987;	25.199981211999997;	0.9333333333333332;	103532.0;	29881.866666666665;	0.0;	0.26666666666666666;	0.06666666666666667;	0.06666666666666667
1378764586;	1;	2699.997987;	28.799978528;	1.0666666666666667;	103532.0;	33902.13333333333;	0.0;	0.2;	0.13333333333333333;	0.13333333333333333
1378764886;	1;	2699.997987;	21.599983896000005;	0.8;	103532.0;	33902.4;	0.0;	0.26666666666666666;	0.6666666666666666;	0.6666666666666666
1378765186;	1;	2699.997987;	21.599983896000005;	0.8;	103532.0;	35824.8;	0.0;	0.2;	0.13333333333333333;	0.06666666666666667
1378765486;	1;	2699.997987;	28.799978528;	1.0666666666666667;	103532.0;	32504.0;	0.0;	0.26666666666666666;	0.13333333333333333;	0.13333333333333333
1378765786;	1;	2699.997987;	25.199981211999997;	0.9333333333333332;	103532.0;	31804.533333333333;	0.0;	0.2;	0.13333333333333333;	0.13333333333333333
1378766086;	1;	2699.997987;	21.599983896000005;	0.8;	103532.0;	31279.733333333334;	0.0;	0.2;	0.6666666666666666;	0.6
1378766385;	1;	2699.997987;	23.399982554000005;	0.8666666666666667;	103532.0;	34426.4;	0.0;	0.2;	0.13333333333333333;	0.13333333333333333
1378766685;	1;	2699.997987;	26.99997987;	1.0;	103532.0;	36698.933333333334;	0.0;	0.3333333333333333;	0.2;	0.06666666666666667
1378766985;	1;	2699.997987;	25.199981211999997;	0.9333333333333332;	103532.0;	31454.133333333335;	0.0;	0.2;	0.13333333333333333;	0.13333333333333333
1378767285;	1;	2699.997987;	21.599983896000005;	0.8;	103532.0;	31455.733333333334;	0.0;	0.13333333333333333;	0.06666666666666667;	0.06666666666666667
1378767585;	1;	2699.997987;	25.199981211999997;	0.9333333333333332;	103532.0;	30755.466666666667;	0.0;	0.3333333333333333;	0.13333333333333333;	0.13333333333333333
1378767885;	1;	2699.997987;	28.799978528;	1.0666666666666667;	103532.0;	30756.266666666666;	0.0;	0.26666666666666666;	0.06666666666666667;	0.06666666666666667
1378768185;	1;	2699.997987;	21.599983896000005;	0.8;	103532.0;	35300.26666666667;	0.0;	0.26666666666666666;	0.3333333333333333;	0.3333333333333333
1378768486;	1;	2699.997987;	21.599983896000005;	0.8;	103532.0;	38445.333333333336;	0.0;	0.26666666666666666;	0.6;	0.6
1378768786;	1;	2699.997987;	28.799978528;	1.0666666666666667;	103532.0;	38270.666666666664;	0.0;	0.3333333333333333;	0.2;	0.2
1378769086;	1;	2699.997987;	25.199981211999997;	0.9333333333333332;	103532.0;	35998.933333333334;	0.0;	0.2;	0.13333333333333333;	0.06666666666666667
1378769386;	1;	2699.997987;	21.599983896000005;	0.8;	103532.0;	35998.4;	0.0;	0.2;	0.06666666666666667;	0.06666666666666667
1378769686;	1;	2699.997987;	21.599983896000005;	0.8;	103532.0;	34426.4;	0.0;	0.2;	0.6;	0.6
1378769986;	1;	2699.997987;	28.799978528;	1.0666666666666667;	103532.0;	38445.333333333336;	0.0;	0.26666666666666666;	0.06666666666666667;	0.06666666666666667
1378770286;	1;	2699.997987;	25.199981211999997;	0.9333333333333332;	103532.0;	37221.6;	0.0;	0.26666666666666666;	0.2;	0.13333333333333333
1378770586;	1;	2699.997987;	21.599983896000005;	0.8;	103532.0;	33377.6;	0.0;	0.13333333333333333;	0.06666666666666667;	0.06666666666666667
1378770886;	1;	2699.997987;	28.799978528;	1.0666666666666667;	103532.0;	29008.0;	0.0;	0.3333333333333333;	0.06666666666666667;	0.06666666666666667
1378771186;	1;	2699.997987;	25.199981211999997;	0.9333333333333332;	103532.0;	35650.13333333333;	0.0;	0.2;	0.13333333333333333;	0.13333333333333333
1378771486;	1;	2699.997987;	21.599983896000005;	0.8;	103532.0;	35825.6;	0.0;	0.13333333333333333;	0.06666666666666667;	0.06666666666666667
1378771786;	1;	2699.997987;	25.199981211999997;	0.9333333333333332;	103532.0;	35126.13333333333;	0.0;	0.3333333333333333;	0.13333333333333333;	0.13333333333333333
1378772086;	1;	2699.997987;	25.199981211999997;	0.9333333333333332;	103532.0;	36349.333333333336;	0.0;	0.26666666666666666;	0.7333333333333333;	0.7333333333333333
1378772386;	1;	2699.997987;	25.199981211999997;	0.9333333333333332;	103532.0;	37572.0;	0.0;	0.26666666666666666;	0.13333333333333333;	0.13333333333333333
1378772686;	1;	2699.997987;	21.599983896000005;	0.8;	103532.0;	31979.466666666667;	0.0;	0.13333333333333333;	0.13333333333333333;	0.13333333333333333
1378772986;	1;	2699.997987;	28.799978528;	1.0666666666666667;	103532.0;	33377.86666666667;	0.0;	0.26666666666666666;	0.13333333333333333;	0.13333333333333333
1378773286;	1;	2699.997987;	25.199981211999997;	0.9333333333333332;	103532.0;	35998.4;	0.0;	0.2;	0.7333333333333333;	0.6666666666666666
1378773586;	1;	2699.997987;	21.599983896000005;	0.8;	103532.0;	34251.73333333333;	0.0;	0.2;	0.13333333333333333;	0.13333333333333333
1378773886;	1;	2699.997987;	25.199981211999997;	0.9333333333333332;	103532.0;	41242.666666666664;	0.0;	0.3333333333333333;	0.13333333333333333;	0.13333333333333333
1378774186;	1;	2699.997987;	26.99997987;	1.0;	103532.0;	38272.26666666667;	0.0;	0.26666666666666666;	0.3333333333333333;	0.2
1378774486;	1;	2699.997987;	23.399982554000005;	0.8666666666666667;	103532.0;	37572.26666666667;	0.0;	0.26666666666666666;	0.13333333333333333;	0.13333333333333333
1378774786;	1;	2699.997987;	21.599983896000005;	0.8;	103532.0;	41942.13333333333;	0.0;	0.13333333333333333;	0.2;	0.2
1378775086;	1;	2699.997987;	28.799978528;	1.0666666666666667;	103532.0;	35300.8;	0.0;	0.26666666666666666;	0.13333333333333333;	0.13333333333333333
1378775386;	1;	2699.997987;	25.199981211999997;	0.9333333333333332;	103532.0;	35125.333333333336;	0.0;	0.2;	0.26666666666666666;	0.26666666666666666
1378775686;	1;	2699.997987;	21.599983896000005;	0.8;	103532.0;	38620.8;	0.0;	0.2;	0.6666666666666666;	0.6666666666666666
1378775986;	1;	2699.997987;	25.199981211999997;	0.9333333333333332;	103532.0;	35125.066666666666;	0.0;	0.3333333333333333;	0.2;	0.2
1378776286;	1;	2699.997987;	25.199981211999997;	0.9333333333333332;	103532.0;	41241.86666666667;	0.0;	0.2;	0.06666666666666667;	0.06666666666666667
1378776586;	1;	2699.997987;	25.199981211999997;	0.9333333333333332;	103532.0;	40019.73333333333;	0.0;	0.26666666666666666;	0.06666666666666667;	0.06666666666666667
1378776886;	1;	2699.997987;	21.599983896000005;	0.8;	103532.0;	34776.53333333333;	0.0;	0.13333333333333333;	0.6;	0.6
1378777186;	1;	2699.997987;	25.199981211999997;	0.9333333333333332;	103532.0;	31280.266666666666;	0.0;	0.26666666666666666;	0.06666666666666667;	0.06666666666666667
1378777486;	1;	2699.997987;	26.99997987;	1.0;	103532.0;	32853.86666666667;	0.0;	0.26666666666666666;	0.13333333333333333;	0.13333333333333333
1378777787;	1;	2699.997987;	21.599983896000005;	0.8;	103532.0;	33378.13333333333;	0.0;	0.26666666666666666;	0.13333333333333333;	0.06666666666666667
1378778087;	1;	2699.997987;	28.799978528;	1.0666666666666667;	103532.0;	35649.6;	0.0;	0.3333333333333333;	0.06666666666666667;	0.06666666666666667
1378778387;	1;	2699.997987;	25.199981211999997;	0.9333333333333332;	103532.0;	34600.8;	0.0;	0.26666666666666666;	0.2;	0.13333333333333333
1378778687;	1;	2699.997987;	25.199981211999997;	0.9333333333333332;	103532.0;	27610.133333333335;	0.0;	0.2;	0.13333333333333333;	0.06666666666666667
1378778987;	1;	2699.997987;	21.599983896000005;	0.8;	103532.0;	29357.6;	0.0;	0.2;	0.2;	0.13333333333333333
1378779287;	1;	2699.997987;	25.199981211999997;	0.9333333333333332;	103532.0;	32853.6;	0.0;	0.3333333333333333;	0.6666666666666666;	0.6666666666666666
1378779587;	1;	2699.997987;	28.799978528;	1.0666666666666667;	103532.0;	38446.933333333334;	0.0;	0.2;	0.13333333333333333;	0.13333333333333333
1378779887;	1;	2699.997987;	21.599983896000005;	0.8;	103532.0;	36698.933333333334;	0.0;	0.2;	0.06666666666666667;	0.06666666666666667
1378780187;	1;	2699.997987;	21.599983896000005;	0.8;	103532.0;	33203.46666666667;	0.0;	0.26666666666666666;	0.06666666666666667;	0.06666666666666667
1378780487;	1;	2699.997987;	28.799978528;	1.0666666666666667;	103532.0;	38270.4;	0.0;	0.2;	0.6;	0.6
1378780787;	1;	2699.997987;	25.199981211999997;	0.9333333333333332;	103532.0;	29007.733333333334;	0.0;	0.2;	0.06666666666666667;	0.06666666666666667
1378781087;	1;	2699.997987;	21.599983896000005;	0.8;	103532.0;	33901.6;	0.0;	0.26666666666666666;	0.06666666666666667;	0.06666666666666667
1378781387;	1;	2699.997987;	25.199981211999997;	0.9333333333333332;	103532.0;	35300.53333333333;	0.0;	0.4;	0.13333333333333333;	0.13333333333333333
1378781687;	1;	2699.997987;	28.799978528;	1.0666666666666667;	103532.0;	37747.2;	0.0;	0.13333333333333333;	0.13333333333333333;	0.13333333333333333
1378781987;	1;	2699.997987;	21.599983896000005;	0.8;	103532.0;	33727.46666666667;	0.0;	0.26666666666666666;	0.2;	0.2
1378782287;	1;	2699.997987;	21.599983896000005;	0.8;	103532.0;	37747.2;	0.0;	0.13333333333333333;	0.06666666666666667;	0.06666666666666667
1378782587;	1;	2699.997987;	26.99997987;	1.0;	103532.0;	29182.4;	0.0;	0.26666666666666666;	0.2;	0.2
1378782887;	1;	2699.997987;	25.199981211999997;	0.9333333333333332;	103532.0;	25863.733333333334;	0.0;	0.26666666666666666;	0.6;	0.6
1378783187;	1;	2699.997987;	21.599983896000005;	0.8;	103532.0;	30756.0;	0.0;	0.13333333333333333;	0.2;	0.2
1378783487;	1;	2699.997987;	25.199981211999997;	0.9333333333333332;	103532.0;	37048.0;	0.0;	0.3333333333333333;	0.06666666666666667;	0.06666666666666667
1378783787;	1;	2699.997987;	25.199981211999997;	0.9333333333333332;	103532.0;	31980.0;	0.0;	0.2;	0.13333333333333333;	0.06666666666666667
1378784087;	1;	2699.997987;	21.599983896000005;	0.8;	103532.0;	32329.866666666665;	0.0;	0.26666666666666666;	0.6666666666666666;	0.6
1378784387;	1;	2699.997987;	21.599983896000005;	0.8;	103532.0;	33028.26666666667;	0.0;	0.2;	0.13333333333333333;	0.13333333333333333
1378784687;	1;	2699.997987;	28.799978528;	1.0666666666666667;	103532.0;	37047.2;	0.0;	0.3333333333333333;	0.06666666666666667;	0.06666666666666667
1378784987;	1;	2699.997987;	25.199981211999997;	0.9333333333333332;	103532.0;	37223.2;	0.0;	0.26666666666666666;	0.13333333333333333;	0.13333333333333333
1378785287;	1;	2699.997987;	21.599983896000005;	0.8;	103532.0;	29007.733333333334;	0.0;	0.13333333333333333;	0.06666666666666667;	0.06666666666666667
1378785587;	1;	2699.997987;	28.799978528;	1.0666666666666667;	103532.0;	33202.13333333333;	0.0;	0.26666666666666666;	0.2;	0.2
1378785887;	1;	2699.997987;	25.199981211999997;	0.9333333333333332;	103532.0;	42815.73333333333;	0.0;	0.2;	0.06666666666666667;	0.06666666666666667
1378786187;	1;	2699.997987;	21.599983896000005;	0.8;	103532.0;	32503.2;	0.0;	0.26666666666666666;	0.2;	0.2
1378786487;	1;	2699.997987;	25.199981211999997;	0.9333333333333332;	103532.0;	33551.73333333333;	0.0;	0.4;	0.6;	0.6
1378786787;	1;	2699.997987;	28.799978528;	1.0666666666666667;	103532.0;	35299.73333333333;	0.0;	0.13333333333333333;	0.13333333333333333;	0.13333333333333333
1378787088;	1;	2699.997987;	21.599983896000005;	0.8;	103532.0;	40543.46666666667;	0.0;	0.26666666666666666;	0.13333333333333333;	0.13333333333333333
1378787388;	1;	2699.997987;	25.199981211999997;	0.9333333333333332;	103532.0;	29707.2;	0.0;	0.3333333333333333;	0.2;	0.2
1378787688;	1;	2699.997987;	28.799978528;	1.0666666666666667;	103532.0;	34076.26666666667;	0.0;	0.13333333333333333;	0.6666666666666666;	0.6666666666666666
1378787988;	1;	2699.997987;	23.14283988857143;	0.8571428571428571;	103532.0;	32578.571428571428;	0.0;	0.2857142857142857;	0.14285714285714285;	0.14285714285714285
1378788288;	1;	2699.997987;	21.599983896000005;	0.8;	103532.0;	38446.13333333333;	0.0;	0.2;	0.13333333333333333;	0.13333333333333333
1378788588;	1;	2699.997987;	28.799978528;	1.0666666666666667;	103532.0;	35300.53333333333;	0.0;	0.4666666666666667;	0.13333333333333333;	0.13333333333333333
1378788888;	1;	2699.997987;	25.199981211999997;	0.9333333333333332;	103532.0;	35474.666666666664;	0.0;	0.26666666666666666;	0.13333333333333333;	0.13333333333333333
1378789188;	1;	2699.997987;	21.599983896000005;	0.8;	103532.0;	29880.8;	0.0;	0.2;	0.5333333333333333;	0.5333333333333333
1378789488;	1;	2699.997987;	25.199981211999997;	0.9333333333333332;	103532.0;	34601.86666666667;	0.0;	0.3333333333333333;	0.2;	0.2
1378789788;	1;	2699.997987;	28.799978528;	1.0666666666666667;	103532.0;	43339.73333333333;	0.0;	0.2;	0.7333333333333333;	0.7333333333333333
1378790088;	1;	2699.997987;	19.799985237999998;	0.7333333333333333;	103532.0;	36348.8;	0.0;	0.26666666666666666;	0.7333333333333333;	0.7333333333333333
1378790388;	1;	2699.997987;	25.199981211999997;	0.9333333333333332;	103532.0;	41067.2;	0.0;	0.4;	0.13333333333333333;	0.13333333333333333
1378790688;	1;	2699.997987;	28.799978528;	1.0666666666666667;	103532.0;	32678.133333333335;	0.0;	0.13333333333333333;	0.06666666666666667;	0.06666666666666667
1378790988;	1;	2699.997987;	19.799985237999998;	0.7333333333333333;	103532.0;	32677.6;	0.0;	0.26666666666666666;	0.06666666666666667;	0.06666666666666667
1378791288;	1;	2699.997987;	26.99997987;	1.0;	103565.14285714286;	29395.714285714286;	0.0;	0.35714285714285715;	0.6428571428571429;	0.6428571428571429
1378791588;	1;	2699.997987;	28.799978528;	1.0666666666666667;	104034.4;	35824.8;	0.0;	0.13333333333333333;	0.13333333333333333;	0.13333333333333333
1378791888;	1;	2699.997987;	21.599983896000005;	0.8;	104060.0;	30581.066666666666;	0.0;	0.3333333333333333;	0.13333333333333333;	0.13333333333333333
1378792188;	1;	2699.997987;	21.599983896000005;	0.8;	104060.0;	32678.4;	0.0;	0.26666666666666666;	0.13333333333333333;	0.13333333333333333
1378792488;	1;	2699.997987;	28.799978528;	1.0666666666666667;	104060.0;	35126.13333333333;	0.0;	0.26666666666666666;	0.06666666666666667;	0.06666666666666667
1378792788;	1;	2699.997987;	21.599983896000005;	0.8;	104060.0;	34949.86666666667;	0.0;	0.2;	0.13333333333333333;	0.13333333333333333
1378793088;	1;	2699.997987;	21.599983896000005;	0.8;	104060.0;	30232.0;	0.0;	0.13333333333333333;	0.06666666666666667;	0.06666666666666667
1378793388;	1;	2699.997987;	28.799978528;	1.0666666666666667;	104060.0;	34251.73333333333;	0.0;	0.3333333333333333;	0.2;	0.13333333333333333
1378793688;	1;	2699.997987;	25.199981211999997;	0.9333333333333332;	104068.0;	31280.0;	0.0;	0.26666666666666666;	0.6;	0.6
1378793988;	1;	2699.997987;	21.599983896000005;	0.8;	104072.0;	31804.8;	0.0;	0.26666666666666666;	0.13333333333333333;	0.13333333333333333
1378794288;	1;	2699.997987;	25.199981211999997;	0.9333333333333332;	104072.0;	31804.266666666666;	0.0;	0.3333333333333333;	0.06666666666666667;	0.06666666666666667
1378794588;	1;	2699.997987;	28.799978528;	1.0666666666666667;	104072.0;	33028.26666666667;	0.0;	0.2;	0.06666666666666667;	0.06666666666666667
1378794889;	1;	2699.997987;	21.599983896000005;	0.8;	104072.0;	33028.8;	0.0;	0.26666666666666666;	0.6;	0.6
1378795189;	1;	2699.997987;	21.599983896000005;	0.8;	104073.86666666667;	33552.0;	0.0;	0.2;	0.13333333333333333;	0.13333333333333333
1378795489;	1;	2699.997987;	28.799978528;	1.0666666666666667;	104076.53333333334;	32504.266666666666;	0.0;	0.3333333333333333;	0.06666666666666667;	0.06666666666666667
1378795789;	1;	2699.997987;	25.199981211999997;	0.9333333333333332;	104082.13333333333;	35475.46666666667;	0.0;	0.3333333333333333;	0.13333333333333333;	0.13333333333333333
1378796089;	1;	2699.997987;	21.599983896000005;	0.8;	104089.6;	42290.933333333334;	0.0;	0.2;	0.06666666666666667;	0.06666666666666667
1378796389;	1;	2699.997987;	25.199981211999997;	0.9333333333333332;	104093.6;	33552.53333333333;	0.0;	0.3333333333333333;	0.13333333333333333;	0.13333333333333333
1378796689;	1;	2699.997987;	28.799978528;	1.0666666666666667;	104104.0;	41067.2;	0.0;	0.2;	0.13333333333333333;	0.13333333333333333
1378796989;	1;	2699.997987;	26.99997987;	1.0;	104104.0;	38882.666666666664;	0.0;	0.16666666666666666;	0.16666666666666666;	0.16666666666666666
1378797289;	1;	2699.997987;	28.799978528;	1.0666666666666667;	104104.0;	37223.2;	0.0;	0.26666666666666666;	0.6666666666666666;	0.6
1378797589;	1;	2699.997987;	28.799978528;	1.0666666666666667;	104104.0;	34600.53333333333;	0.0;	0.2;	0.13333333333333333;	0.13333333333333333
1378797889;	1;	2699.997987;	21.599983896000005;	0.8;	104104.0;	32153.6;	0.0;	0.26666666666666666;	0.06666666666666667;	0.06666666666666667
1378798189;	1;	2699.997987;	19.799985237999998;	0.7333333333333333;	104104.0;	36523.2;	0.0;	0.26666666666666666;	0.06666666666666667;	0.06666666666666667
1378798489;	1;	2699.997987;	28.799978528;	1.0666666666666667;	104104.0;	33028.0;	0.0;	0.26666666666666666;	0.6;	0.6
1378798789;	1;	2699.997987;	21.599983896000005;	0.8;	104104.0;	31979.2;	0.0;	0.2;	0.06666666666666667;	0.06666666666666667
1378799089;	1;	2699.997987;	21.599983896000005;	0.8;	104104.0;	34426.13333333333;	0.0;	0.2;	0.13333333333333333;	0.13333333333333333
1378799388;	1;	2699.997987;	28.799978528;	1.0666666666666667;	104104.0;	37746.4;	0.0;	0.26666666666666666;	0.06666666666666667;	0.06666666666666667
1378799688;	1;	2699.997987;	28.799978528;	1.0666666666666667;	104104.0;	33202.4;	0.0;	0.13333333333333333;	0.06666666666666667;	0.06666666666666667
1378799988;	1;	2699.997987;	21.599983896000005;	0.8;	104104.0;	26212.0;	0.0;	0.2;	0.13333333333333333;	0.13333333333333333
1378800289;	1;	2699.997987;	28.799978528;	1.0666666666666667;	104104.0;	32328.8;	0.0;	0.4;	0.13333333333333333;	0.06666666666666667
1378800589;	1;	2699.997987;	28.799978528;	1.0666666666666667;	104104.0;	35824.26666666667;	0.0;	0.2;	0.13333333333333333;	0.13333333333333333
1378800889;	1;	2699.997987;	21.599983896000005;	0.8;	104104.0;	33552.26666666667;	0.0;	0.3333333333333333;	0.6;	0.6
1378801189;	1;	2699.997987;	25.199981211999997;	0.9333333333333332;	104104.0;	37572.53333333333;	0.0;	0.26666666666666666;	0.13333333333333333;	0.13333333333333333
1378801489;	1;	2699.997987;	28.799978528;	1.0666666666666667;	104104.0;	35650.4;	0.0;	0.2;	0.13333333333333333;	0.13333333333333333
1378801789;	1;	2699.997987;	23.14283988857143;	0.8571428571428571;	104104.0;	31080.571428571428;	0.0;	0.2857142857142857;	0.21428571428571427;	0.21428571428571427
1378802089;	1;	2699.997987;	25.199981211999997;	0.9333333333333332;	104104.0;	44037.6;	0.0;	0.2;	0.6;	0.6
1378802389;	1;	2699.997987;	28.799978528;	1.0666666666666667;	104104.0;	38970.4;	0.0;	0.26666666666666666;	0.13333333333333333;	0.13333333333333333
1378802689;	1;	2699.997987;	25.199981211999997;	0.9333333333333332;	104104.0;	38795.73333333333;	0.0;	0.2;	0.13333333333333333;	0.13333333333333333
1378802989;	1;	2699.997987;	21.599983896000005;	0.8;	104104.0;	36349.066666666666;	0.0;	0.2;	0.2;	0.2
1378803289;	1;	2699.997987;	25.199981211999997;	0.9333333333333332;	104104.0;	31279.466666666667;	0.0;	0.4;	0.13333333333333333;	0.13333333333333333
1378803589;	1;	2699.997987;	28.799978528;	1.0666666666666667;	104104.0;	35824.0;	0.0;	0.13333333333333333;	0.2;	0.2
1378803889;	1;	2699.997987;	21.599983896000005;	0.8;	104104.0;	31629.866666666665;	0.0;	0.2;	0.2;	0.13333333333333333
1378804189;	1;	2699.997987;	25.199981211999997;	0.9333333333333332;	104104.0;	29533.866666666665;	0.0;	0.3333333333333333;	0.2;	0.2
1378804489;	1;	2699.997987;	25.199981211999997;	0.9333333333333332;	104109.33333333333;	33028.0;	0.0;	0.2;	0.6666666666666666;	0.6666666666666666
1378804789;	1;	2699.997987;	21.599983896000005;	0.8;	104112.0;	33727.2;	0.0;	0.26666666666666666;	0.26666666666666666;	0.26666666666666666
1378805089;	1;	2699.997987;	21.599983896000005;	0.8;	104112.0;	30231.2;	0.0;	0.2;	0.06666666666666667;	0.06666666666666667
1378805389;	1;	2699.997987;	28.799978528;	1.0666666666666667;	104124.0;	32328.533333333333;	0.0;	0.3333333333333333;	0.06666666666666667;	0.06666666666666667
1378805689;	1;	2699.997987;	21.599983896000005;	0.8;	104124.0;	44039.2;	0.0;	0.2;	0.4666666666666667;	0.4666666666666667
1378805989;	1;	2699.997987;	21.599983896000005;	0.8;	104124.0;	51379.2;	0.0;	0.2;	0.06666666666666667;	0.06666666666666667
1378806289;	1;	2699.997987;	25.199981211999997;	0.9333333333333332;	104138.4;	37921.86666666667;	0.0;	0.4666666666666667;	0.06666666666666667;	0.06666666666666667
1378806589;	1;	2699.997987;	23.399982554000005;	0.8666666666666667;	104149.06666666667;	34601.6;	0.0;	0.13333333333333333;	0.13333333333333333;	0.13333333333333333
1378806889;	1;	2699.997987;	21.599983896000005;	0.8;	104152.0;	28482.666666666668;	0.0;	0.13333333333333333;	0.06666666666666667;	0.06666666666666667
1378807189;	1;	2699.997987;	25.199981211999997;	0.9333333333333332;	104152.0;	40717.6;	0.0;	0.26666666666666666;	0.13333333333333333;	0.13333333333333333
1378807489;	1;	2699.997987;	26.99997987;	1.0;	104152.0;	38096.53333333333;	0.0;	0.2;	0.5333333333333333;	0.5333333333333333
1378807789;	1;	2699.997987;	21.599983896000005;	0.8;	104152.0;	32328.8;	0.0;	0.2;	0.13333333333333333;	0.13333333333333333
1378808089;	1;	2699.997987;	26.99997987;	1.0;	104152.0;	36174.666666666664;	0.0;	0.4;	0.6;	0.6
1378808389;	1;	2699.997987;	26.99997987;	1.0;	104152.0;	31106.133333333335;	0.0;	0.26666666666666666;	0.06666666666666667;	0.06666666666666667
1378808689;	1;	2699.997987;	21.599983896000005;	0.8;	104152.0;	31280.0;	0.0;	0.26666666666666666;	0.06666666666666667;	0.06666666666666667
1378808990;	1;	2699.997987;	23.14283988857143;	0.8571428571428571;	104152.0;	40818.0;	0.0;	0.14285714285714285;	0.07142857142857142;	0.07142857142857142
1378809290;	1;	2699.997987;	28.799978528;	1.0666666666666667;	104152.0;	35474.933333333334;	0.0;	0.26666666666666666;	0.3333333333333333;	0.3333333333333333
1378809590;	1;	2699.997987;	21.599983896000005;	0.8;	104152.0;	30756.266666666666;	0.0;	0.13333333333333333;	0.06666666666666667;	0.06666666666666667
1378809890;	1;	2699.997987;	21.599983896000005;	0.8;	104152.0;	32678.4;	0.0;	0.2;	0.06666666666666667;	0.06666666666666667
1378810190;	1;	2699.997987;	28.799978528;	1.0666666666666667;	104152.0;	32853.6;	0.0;	0.3333333333333333;	0.06666666666666667;	0.06666666666666667
1378810490;	1;	2699.997987;	28.799978528;	1.0666666666666667;	104152.0;	32853.333333333336;	0.0;	0.2;	0.06666666666666667;	0.06666666666666667
1378810790;	1;	2699.997987;	21.599983896000005;	0.8;	104152.0;	30406.666666666668;	0.0;	0.2;	0.13333333333333333;	0.13333333333333333
1378811090;	1;	2699.997987;	25.199981211999997;	0.9333333333333332;	104152.0;	33377.86666666667;	0.0;	0.2;	0.06666666666666667;	0.06666666666666667
1378811390;	1;	2699.997987;	28.799978528;	1.0666666666666667;	104152.0;	35475.2;	0.0;	0.26666666666666666;	0.13333333333333333;	0.13333333333333333
1378811690;	1;	2699.997987;	23.14283988857143;	0.8571428571428571;	104152.0;	39507.42857142857;	0.0;	0.2857142857142857;	0.6428571428571429;	0.6428571428571429
1378811990;	1;	2699.997987;	25.199981211999997;	0.9333333333333332;	104152.0;	34427.2;	0.0;	0.26666666666666666;	0.06666666666666667;	0.06666666666666667
1378812290;	1;	2699.997987;	28.799978528;	1.0666666666666667;	104152.0;	34426.13333333333;	0.0;	0.26666666666666666;	0.06666666666666667;	0.06666666666666667
1378812590;	1;	2699.997987;	21.599983896000005;	0.8;	104152.0;	36522.666666666664;	0.0;	0.13333333333333333;	0.06666666666666667;	0.06666666666666667
1378812890;	1;	2699.997987;	21.599983896000005;	0.8;	104152.0;	36524.53333333333;	0.0;	0.2;	0.6666666666666666;	0.6666666666666666
1378813190;	1;	2699.997987;	26.99997987;	1.0;	104152.0;	34077.6;	0.0;	0.26666666666666666;	0.13333333333333333;	0.13333333333333333
1378813490;	1;	2699.997987;	26.99997987;	1.0;	104152.0;	33901.333333333336;	0.0;	0.3333333333333333;	0.2;	0.13333333333333333
1378813790;	1;	2699.997987;	21.599983896000005;	0.8;	104152.0;	35474.933333333334;	0.0;	0.26666666666666666;	0.13333333333333333;	0.13333333333333333
1378814090;	1;	2699.997987;	21.599983896000005;	0.8;	104152.0;	36000.26666666667;	0.0;	0.13333333333333333;	0.13333333333333333;	0.13333333333333333
1378814390;	1;	2699.997987;	28.799978528;	1.0666666666666667;	104152.0;	34077.066666666666;	0.0;	0.26666666666666666;	0.3333333333333333;	0.26666666666666666
1378814690;	1;	2699.997987;	21.599983896000005;	0.8;	104152.0;	40718.933333333334;	0.0;	0.2;	0.2;	0.2
1378814990;	1;	2699.997987;	25.199981211999997;	0.9333333333333332;	104152.0;	38445.86666666667;	0.0;	0.2;	0.2;	0.2
1378815290;	1;	2699.997987;	23.399982554000005;	0.8666666666666667;	104152.0;	38270.933333333334;	0.0;	0.3333333333333333;	0.7333333333333333;	0.6666666666666666
1378815590;	1;	2699.997987;	26.99997987;	1.0;	104152.0;	36174.4;	0.0;	0.13333333333333333;	0.2;	0.2
1378815890;	1;	2699.997987;	21.599983896000005;	0.8;	104152.0;	37222.13333333333;	0.0;	0.3333333333333333;	0.13333333333333333;	0.13333333333333333
1378816190;	1;	2699.997987;	25.199981211999997;	0.9333333333333332;	104152.0;	32502.933333333334;	0.0;	0.2;	0.2;	0.2
1378816490;	1;	2699.997987;	28.799978528;	1.0666666666666667;	104152.0;	39494.13333333333;	0.0;	0.26666666666666666;	0.6666666666666666;	0.6666666666666666
1378816790;	1;	2699.997987;	21.599983896000005;	0.8;	104152.0;	38095.46666666667;	0.0;	0.13333333333333333;	0.2;	0.13333333333333333
1378817090;	1;	2699.997987;	21.599983896000005;	0.8;	104152.0;	31105.333333333332;	0.0;	0.4;	0.06666666666666667;	0.06666666666666667
1378817390;	1;	2699.997987;	28.799978528;	1.0666666666666667;	104152.0;	32853.333333333336;	0.0;	0.26666666666666666;	0.13333333333333333;	0.13333333333333333
1378817690;	1;	2699.997987;	25.199981211999997;	0.9333333333333332;	104152.0;	34774.933333333334;	0.0;	0.13333333333333333;	0.06666666666666667;	0.06666666666666667
1378817990;	1;	2699.997987;	21.599983896000005;	0.8;	104152.0;	29183.466666666667;	0.0;	0.26666666666666666;	0.2;	0.13333333333333333
1378818290;	1;	2699.997987;	25.199981211999997;	0.9333333333333332;	104152.0;	33551.73333333333;	0.0;	0.26666666666666666;	0.06666666666666667;	0.06666666666666667
1378818590;	1;	2699.997987;	28.799978528;	1.0666666666666667;	104152.0;	38271.46666666667;	0.0;	0.26666666666666666;	0.13333333333333333;	0.13333333333333333
1378818890;	1;	2699.997987;	21.599983896000005;	0.8;	104152.0;	37048.0;	0.0;	0.26666666666666666;	0.6;	0.6
1378819190;	1;	2699.997987;	21.599983896000005;	0.8;	104152.0;	36699.2;	0.0;	0.13333333333333333;	0.13333333333333333;	0.13333333333333333
1378819490;	1;	2699.997987;	32.399975844000004;	1.2;	104152.0;	34776.8;	0.0;	1.2;	0.06666666666666667;	0.06666666666666667
1378819791;	1;	2699.997987;	21.599983896000005;	0.8;	104152.0;	36524.0;	0.0;	0.13333333333333333;	0.06666666666666667;	0.06666666666666667
1378820091;	1;	2699.997987;	21.599983896000005;	0.8;	104152.0;	39144.53333333333;	0.0;	0.2;	0.6;	0.6
1378820391;	1;	2699.997987;	28.799978528;	1.0666666666666667;	104152.0;	33551.73333333333;	0.0;	0.26666666666666666;	0.13333333333333333;	0.13333333333333333
1378820691;	1;	2699.997987;	25.199981211999997;	0.9333333333333332;	104152.0;	31279.466666666667;	0.0;	0.3333333333333333;	0.2;	0.13333333333333333
1378820991;	1;	2699.997987;	21.599983896000005;	0.8;	104152.0;	35475.46666666667;	0.0;	0.26666666666666666;	0.06666666666666667;	0.06666666666666667
1378821291;	1;	2699.997987;	21.599983896000005;	0.8;	104152.0;	40019.46666666667;	0.0;	0.13333333333333333;	0.06666666666666667;	0.06666666666666667
1378821591;	1;	2699.997987;	28.799978528;	1.0666666666666667;	104152.0;	36874.13333333333;	0.0;	0.3333333333333333;	0.13333333333333333;	0.13333333333333333
1378821891;	1;	2699.997987;	25.199981211999997;	0.9333333333333332;	104152.0;	39844.26666666667;	0.0;	0.2;	0.06666666666666667;	0.06666666666666667
1378822191;	1;	2699.997987;	21.599983896000005;	0.8;	104152.0;	38969.6;	0.0;	0.2;	0.13333333333333333;	0.13333333333333333
1378822491;	1;	2699.997987;	21.599983896000005;	0.8;	104152.0;	34251.73333333333;	0.0;	0.3333333333333333;	0.6;	0.6
1378822791;	1;	2699.997987;	21.599983896000005;	0.8;	104152.0;	33902.666666666664;	0.0;	0.26666666666666666;	0.06666666666666667;	0.06666666666666667
1378823091;	1;	2699.997987;	23.14283988857143;	0.8571428571428571;	104152.0;	35200.857142857145;	0.0;	0.14285714285714285;	0.07142857142857142;	0.07142857142857142
1378823391;	1;	2699.997987;	25.199981211999997;	0.9333333333333332;	104152.0;	33202.4;	0.0;	0.3333333333333333;	0.06666666666666667;	0.06666666666666667
1378823691;	1;	2699.997987;	25.199981211999997;	0.9333333333333332;	104152.0;	31455.2;	0.0;	0.13333333333333333;	0.6666666666666666;	0.6
1378823991;	1;	2699.997987;	21.599983896000005;	0.8;	104152.0;	34252.26666666667;	0.0;	0.2;	0.13333333333333333;	0.13333333333333333
1378824291;	1;	2699.997987;	28.799978528;	1.0666666666666667;	104152.0;	36350.4;	0.0;	0.4666666666666667;	0.06666666666666667;	0.06666666666666667
1378824591;	1;	2699.997987;	26.99997987;	1.0;	104152.0;	38945.42857142857;	0.0;	0.14285714285714285;	0.0;	0.0
1378824891;	1;	2699.997987;	21.599983896000005;	0.8;	104152.0;	46833.86666666667;	0.0;	0.26666666666666666;	0.13333333333333333;	0.06666666666666667
1378825191;	1;	2699.997987;	25.199981211999997;	0.9333333333333332;	104152.0;	31629.6;	0.0;	0.26666666666666666;	0.13333333333333333;	0.13333333333333333
1378825491;	1;	2699.997987;	28.799978528;	1.0666666666666667;	104152.0;	35649.86666666667;	0.0;	0.26666666666666666;	0.06666666666666667;	0.06666666666666667
1378825791;	1;	2699.997987;	21.599983896000005;	0.8;	104152.0;	35825.066666666666;	0.0;	0.2;	0.26666666666666666;	0.26666666666666666
1378826091;	1;	2699.997987;	21.599983896000005;	0.8;	104152.0;	37573.066666666666;	0.0;	0.2;	0.6;	0.6
1378826391;	1;	2699.997987;	28.799978528;	1.0666666666666667;	104152.0;	39844.0;	0.0;	0.4;	0.13333333333333333;	0.13333333333333333
1378826691;	1;	2699.997987;	25.199981211999997;	0.9333333333333332;	104152.0;	35998.933333333334;	0.0;	0.26666666666666666;	0.06666666666666667;	0.06666666666666667
1378826991;	1;	2699.997987;	21.599983896000005;	0.8;	104152.0;	32678.133333333335;	0.0;	0.26666666666666666;	0.06666666666666667;	0.06666666666666667
1378827291;	1;	2699.997987;	28.799978528;	1.0666666666666667;	104152.0;	29882.4;	0.0;	0.3333333333333333;	0.6;	0.6
1378827591;	1;	2699.997987;	25.199981211999997;	0.9333333333333332;	104152.0;	33378.13333333333;	0.0;	0.2;	0.06666666666666667;	0.06666666666666667
1378827891;	1;	2699.997987;	21.599983896000005;	0.8;	104152.0;	38096.0;	0.0;	0.3333333333333333;	0.06666666666666667;	0.06666666666666667
1378828191;	1;	2699.997987;	25.199981211999997;	0.9333333333333332;	104152.0;	35649.333333333336;	0.0;	0.13333333333333333;	0.13333333333333333;	0.13333333333333333
1378828491;	1;	2699.997987;	25.199981211999997;	0.9333333333333332;	104152.0;	42290.4;	0.0;	0.4;	0.2;	0.2
1378828791;	1;	2699.997987;	25.199981211999997;	0.9333333333333332;	104152.0;	32154.4;	0.0;	0.13333333333333333;	0.13333333333333333;	0.13333333333333333
1378829091;	1;	2699.997987;	23.14283988857143;	0.8571428571428571;	104152.0;	33702.857142857145;	0.0;	0.21428571428571427;	0.14285714285714285;	0.14285714285714285
1378829391;	1;	2699.997987;	28.799978528;	1.0666666666666667;	104152.0;	32504.533333333333;	0.0;	0.26666666666666666;	0.2;	0.13333333333333333
1378829691;	1;	2699.997987;	25.199981211999997;	0.9333333333333332;	104152.0;	35300.8;	0.0;	0.3333333333333333;	0.6666666666666666;	0.6666666666666666
1378829991;	1;	2699.997987;	21.599983896000005;	0.8;	104152.0;	29008.0;	0.0;	0.26666666666666666;	0.2;	0.2
1378830291;	1;	2699.997987;	25.199981211999997;	0.9333333333333332;	104152.0;	38796.0;	0.0;	0.26666666666666666;	0.2;	0.2
1378830591;	1;	2699.997987;	28.799978528;	1.0666666666666667;	104152.0;	41242.13333333333;	0.0;	0.26666666666666666;	0.13333333333333333;	0.13333333333333333
1378830892;	1;	2699.997987;	21.599983896000005;	0.8;	104152.0;	38096.8;	0.0;	0.2;	0.6666666666666666;	0.6666666666666666
1378831192;	1;	2699.997987;	21.599983896000005;	0.8;	104152.0;	37221.86666666667;	0.0;	0.26666666666666666;	0.13333333333333333;	0.13333333333333333
1378831492;	1;	2699.997987;	28.799978528;	1.0666666666666667;	104152.0;	38620.8;	0.0;	0.4666666666666667;	0.13333333333333333;	0.13333333333333333
1378831791;	1;	2699.997987;	25.199981211999997;	0.9333333333333332;	104152.0;	40193.86666666667;	0.0;	0.13333333333333333;	0.13333333333333333;	0.13333333333333333
1378832091;	1;	2699.997987;	21.599983896000005;	0.8;	104152.0;	32678.133333333335;	0.0;	0.26666666666666666;	0.2;	0.2
1378832391;	1;	2699.997987;	25.199981211999997;	0.9333333333333332;	104152.0;	38620.0;	0.0;	0.2;	0.2;	0.13333333333333333
1378832691;	1;	2699.997987;	25.199981211999997;	0.9333333333333332;	104152.0;	35125.6;	0.0;	0.26666666666666666;	0.06666666666666667;	0.06666666666666667
1378832991;	1;	2699.997987;	25.199981211999997;	0.9333333333333332;	104152.0;	33378.666666666664;	0.0;	0.13333333333333333;	0.06666666666666667;	0.06666666666666667
1378833291;	1;	2699.997987;	21.599983896000005;	0.8;	104152.0;	38621.333333333336;	0.0;	0.26666666666666666;	0.6666666666666666;	0.6
1378833591;	1;	2699.997987;	28.799978528;	1.0666666666666667;	104152.0;	34252.0;	0.0;	0.3333333333333333;	0.13333333333333333;	0.13333333333333333
1378833891;	1;	2699.997987;	25.199981211999997;	0.9333333333333332;	104152.0;	37047.46666666667;	0.0;	0.2;	0.06666666666666667;	0.06666666666666667
1378834191;	1;	2699.997987;	21.599983896000005;	0.8;	104152.0;	36873.066666666666;	0.0;	0.26666666666666666;	0.2;	0.2
1378834492;	1;	2699.997987;	25.199981211999997;	0.9333333333333332;	104152.0;	33202.666666666664;	0.0;	0.26666666666666666;	0.5333333333333333;	0.5333333333333333
1378834792;	1;	2699.997987;	28.799978528;	1.0666666666666667;	104152.0;	35125.066666666666;	0.0;	0.26666666666666666;	0.06666666666666667;	0.06666666666666667
1378835092;	1;	2699.997987;	21.599983896000005;	0.8;	104152.0;	34601.6;	0.0;	0.3333333333333333;	0.13333333333333333;	0.13333333333333333
1378835392;	1;	2699.997987;	21.599983896000005;	0.8;	104152.0;	39145.066666666666;	0.0;	0.13333333333333333;	0.13333333333333333;	0.13333333333333333
1378835692;	1;	2699.997987;	28.799978528;	1.0666666666666667;	104152.0;	33551.73333333333;	0.0;	0.3333333333333333;	0.06666666666666667;	0.06666666666666667
1378835992;	1;	2699.997987;	25.199981211999997;	0.9333333333333332;	104152.0;	35300.53333333333;	0.0;	0.2;	0.2;	0.13333333333333333
1378836292;	1;	2699.997987;	19.799985237999998;	0.7333333333333333;	104152.0;	37222.666666666664;	0.0;	0.3333333333333333;	0.06666666666666667;	0.06666666666666667
1378836592;	1;	2699.997987;	25.199981211999997;	0.9333333333333332;	104170.66666666667;	36699.2;	0.0;	0.2;	0.13333333333333333;	0.13333333333333333
1378836892;	1;	2699.997987;	28.799978528;	1.0666666666666667;	104192.0;	36698.666666666664;	0.0;	0.3333333333333333;	0.6;	0.6
1378837192;	1;	2699.997987;	21.599983896000005;	0.8;	104192.0;	29007.733333333334;	0.0;	0.13333333333333333;	0.06666666666666667;	0.06666666666666667
1378837492;	1;	2699.997987;	19.799985237999998;	0.7333333333333333;	104192.0;	36173.6;	0.0;	0.26666666666666666;	0.06666666666666667;	0.06666666666666667
1378837792;	1;	2699.997987;	28.799978528;	1.0666666666666667;	104192.0;	28483.733333333334;	0.0;	0.3333333333333333;	0.06666666666666667;	0.06666666666666667
1378838092;	1;	2699.997987;	25.199981211999997;	0.9333333333333332;	104192.0;	34775.2;	0.0;	0.13333333333333333;	0.6;	0.6
1378838392;	1;	2699.997987;	21.599983896000005;	0.8;	104192.0;	31805.066666666666;	0.0;	0.26666666666666666;	0.3333333333333333;	0.3333333333333333
1378838692;	1;	2699.997987;	25.199981211999997;	0.9333333333333332;	104192.0;	31804.533333333333;	0.0;	0.3333333333333333;	0.06666666666666667;	0.06666666666666667
1378838992;	1;	2699.997987;	25.199981211999997;	0.9333333333333332;	104192.0;	35998.933333333334;	0.0;	0.26666666666666666;	0.13333333333333333;	0.13333333333333333
1378839292;	1;	2699.997987;	25.199981211999997;	0.9333333333333332;	104192.0;	37746.933333333334;	0.0;	0.13333333333333333;	0.06666666666666667;	0.06666666666666667
1378839592;	1;	2699.997987;	21.599983896000005;	0.8;	104192.0;	32154.4;	0.0;	0.2;	0.13333333333333333;	0.13333333333333333
1378839892;	1;	2699.997987;	26.99997987;	1.0;	104192.0;	32153.866666666665;	0.0;	0.4;	0.06666666666666667;	0.06666666666666667
1378840192;	1;	2699.997987;	26.99997987;	1.0;	104192.0;	36348.53333333333;	0.0;	0.2;	0.13333333333333333;	0.13333333333333333
1378840492;	1;	2699.997987;	21.599983896000005;	0.8;	104192.0;	34776.0;	0.0;	0.3333333333333333;	0.6;	0.6
1378840792;	1;	2699.997987;	25.199981211999997;	0.9333333333333332;	104192.0;	34776.53333333333;	0.0;	0.2;	0.13333333333333333;	0.13333333333333333
1378841092;	1;	2699.997987;	28.799978528;	1.0666666666666667;	104192.0;	37048.53333333333;	0.0;	0.3333333333333333;	0.13333333333333333;	0.13333333333333333
1378841392;	1;	2699.997987;	21.599983896000005;	0.8;	104192.0;	35649.333333333336;	0.0;	0.13333333333333333;	0.13333333333333333;	0.13333333333333333
1378841692;	1;	2699.997987;	21.599983896000005;	0.8;	104192.0;	35998.666666666664;	0.0;	0.2;	0.6666666666666666;	0.6
1378841992;	1;	2699.997987;	25.199981211999997;	0.9333333333333332;	104192.0;	35649.6;	0.0;	0.26666666666666666;	0.13333333333333333;	0.13333333333333333
1378842293;	1;	2699.997987;	28.799978528;	1.0666666666666667;	104192.0;	31105.333333333332;	0.0;	0.3333333333333333;	0.13333333333333333;	0.13333333333333333
1378842593;	1;	2699.997987;	21.599983896000005;	0.8;	104192.0;	33028.0;	0.0;	0.26666666666666666;	0.2;	0.2
1378842893;	1;	2699.997987;	21.599983896000005;	0.8;	104192.0;	36172.8;	0.0;	0.13333333333333333;	0.2;	0.2
1378843193;	1;	2699.997987;	26.99997987;	1.0;	104192.0;	42814.4;	0.0;	0.3333333333333333;	0.2;	0.2
1378843493;	1;	2699.997987;	25.199981211999997;	0.9333333333333332;	104192.0;	31454.4;	0.0;	0.13333333333333333;	0.2;	0.13333333333333333
1378843793;	1;	2699.997987;	21.599983896000005;	0.8;	104192.0;	33028.0;	0.0;	0.26666666666666666;	0.6;	0.6
1378844093;	1;	2699.997987;	25.199981211999997;	0.9333333333333332;	104192.0;	32852.8;	0.0;	0.26666666666666666;	0.7333333333333333;	0.7333333333333333
1378844393;	1;	2699.997987;	25.199981211999997;	0.9333333333333332;	104192.0;	34426.13333333333;	0.0;	0.26666666666666666;	0.2;	0.13333333333333333
1378844693;	1;	2699.997987;	25.199981211999997;	0.9333333333333332;	104192.0;	40543.73333333333;	0.0;	0.13333333333333333;	0.06666666666666667;	0.06666666666666667
1378844993;	1;	2699.997987;	21.599983896000005;	0.8;	104192.0;	33376.8;	0.0;	0.2;	0.26666666666666666;	0.26666666666666666
1378845293;	1;	2699.997987;	25.199981211999997;	0.9333333333333332;	104192.0;	27610.133333333335;	0.0;	0.3333333333333333;	0.5333333333333333;	0.5333333333333333
1378845593;	1;	2699.997987;	28.799978528;	1.0666666666666667;	104192.0;	33377.333333333336;	0.0;	0.2;	0.06666666666666667;	0.06666666666666667
1378845893;	1;	2699.997987;	21.599983896000005;	0.8;	104192.0;	37396.8;	0.0;	0.26666666666666666;	0.4;	0.4
1378846193;	1;	2699.997987;	25.199981211999997;	0.9333333333333332;	104192.0;	39320.0;	0.0;	0.2;	0.06666666666666667;	0.06666666666666667
1378846493;	1;	2699.997987;	25.199981211999997;	0.9333333333333332;	104192.0;	39844.26666666667;	0.0;	0.26666666666666666;	0.06666666666666667;	0.06666666666666667
1378846793;	1;	2699.997987;	25.199981211999997;	0.9333333333333332;	104192.0;	31805.066666666666;	0.0;	0.13333333333333333;	0.13333333333333333;	0.13333333333333333
1378847093;	1;	2699.997987;	21.599983896000005;	0.8;	104192.0;	32154.133333333335;	0.0;	0.26666666666666666;	0.06666666666666667;	0.06666666666666667
1378847393;	1;	2699.997987;	25.199981211999997;	0.9333333333333332;	104192.0;	37922.4;	0.0;	0.2;	0.13333333333333333;	0.13333333333333333
1378847693;	1;	2699.997987;	25.199981211999997;	0.9333333333333332;	104192.0;	41591.46666666667;	0.0;	0.4;	0.6;	0.6
1378847993;	1;	2699.997987;	25.199981211999997;	0.9333333333333332;	104192.0;	34601.333333333336;	0.0;	0.13333333333333333;	0.06666666666666667;	0.06666666666666667
1378848293;	1;	2699.997987;	21.599983896000005;	0.8;	104192.0;	35825.066666666666;	0.0;	0.26666666666666666;	0.06666666666666667;	0.06666666666666667
1378848593;	1;	2699.997987;	21.599983896000005;	0.8;	104192.0;	32503.733333333334;	0.0;	0.13333333333333333;	0.5333333333333333;	0.5333333333333333
1378848893;	1;	2699.997987;	28.799978528;	1.0666666666666667;	104192.0;	34775.2;	0.0;	0.4;	0.06666666666666667;	0.06666666666666667
1378849193;	1;	2699.997987;	25.199981211999997;	0.9333333333333332;	104192.0;	34425.6;	0.0;	0.13333333333333333;	0.06666666666666667;	0.06666666666666667
1378849493;	1;	2699.997987;	21.599983896000005;	0.8;	104192.0;	39668.8;	0.0;	0.3333333333333333;	0.13333333333333333;	0.13333333333333333
1378849793;	1;	2699.997987;	25.199981211999997;	0.9333333333333332;	104192.0;	34600.8;	0.0;	0.26666666666666666;	0.06666666666666667;	0.06666666666666667
1378850093;	1;	2699.997987;	32.399975844000004;	1.2;	104192.0;	31454.4;	0.0;	0.26666666666666666;	0.06666666666666667;	0.06666666666666667
1378850393;	1;	2699.997987;	21.599983896000005;	0.8;	104192.0;	37223.2;	0.0;	0.13333333333333333;	0.13333333333333333;	0.13333333333333333
1378850693;	1;	2699.997987;	21.599983896000005;	0.8;	104192.0;	42640.26666666667;	0.0;	0.2;	0.13333333333333333;	0.13333333333333333
1378850993;	1;	2699.997987;	25.199981211999997;	0.9333333333333332;	104192.0;	37048.53333333333;	0.0;	0.26666666666666666;	0.2;	0.2
1378851293;	1;	2699.997987;	28.799978528;	1.0666666666666667;	104192.0;	36523.73333333333;	0.0;	0.26666666666666666;	0.6666666666666666;	0.6666666666666666
1378851593;	1;	2699.997987;	21.599983896000005;	0.8;	104192.0;	38446.13333333333;	0.0;	0.2;	0.06666666666666667;	0.06666666666666667
1378851893;	1;	2699.997987;	21.599983896000005;	0.8;	104192.0;	33202.4;	0.0;	0.2;	0.13333333333333333;	0.13333333333333333
1378852193;	1;	2699.997987;	28.799978528;	1.0666666666666667;	104192.0;	37572.53333333333;	0.0;	0.3333333333333333;	0.06666666666666667;	0.06666666666666667
1378852493;	1;	2699.997987;	25.199981211999997;	0.9333333333333332;	104192.0;	38096.26666666667;	0.0;	0.2;	0.6666666666666666;	0.6666666666666666
1378852794;	1;	2699.997987;	21.599983896000005;	0.8;	104192.0;	40018.4;	0.0;	0.26666666666666666;	0.06666666666666667;	0.06666666666666667
1378853094;	1;	2699.997987;	25.199981211999997;	0.9333333333333332;	104192.0;	36523.73333333333;	0.0;	0.26666666666666666;	0.13333333333333333;	0.13333333333333333
1378853394;	1;	2699.997987;	26.99997987;	1.0;	104192.0;	29532.533333333333;	0.0;	0.26666666666666666;	0.06666666666666667;	0.06666666666666667
1378853694;	1;	2699.997987;	21.599983896000005;	0.8;	104192.0;	30406.133333333335;	0.0;	0.13333333333333333;	0.2;	0.2
1378853994;	1;	2699.997987;	21.599983896000005;	0.8;	104192.0;	30930.133333333335;	0.0;	0.2;	0.13333333333333333;	0.13333333333333333
1378854294;	1;	2699.997987;	25.199981211999997;	0.9333333333333332;	104192.0;	36523.46666666667;	0.0;	0.2;	0.13333333333333333;	0.13333333333333333
1378854594;	1;	2699.997987;	28.799978528;	1.0666666666666667;	104192.0;	35124.0;	0.0;	0.2;	0.26666666666666666;	0.26666666666666666
1378854894;	1;	2699.997987;	19.799985237999998;	0.7333333333333333;	104192.0;	39669.066666666666;	0.0;	0.26666666666666666;	0.6666666666666666;	0.6666666666666666
1378855194;	1;	2699.997987;	21.599983896000005;	0.8;	104192.0;	31280.266666666666;	0.0;	0.2;	0.06666666666666667;	0.06666666666666667
1378855494;	1;	2699.997987;	25.199981211999997;	0.9333333333333332;	104192.0;	39494.666666666664;	0.0;	0.2;	0.2;	0.2
1378855794;	1;	2699.997987;	25.199981211999997;	0.9333333333333332;	104192.0;	38445.333333333336;	0.0;	0.2;	0.4666666666666667;	0.4666666666666667
1378856094;	1;	2699.997987;	25.199981211999997;	0.9333333333333332;	104192.0;	36697.6;	0.0;	0.26666666666666666;	0.7333333333333333;	0.7333333333333333
1378856394;	1;	2699.997987;	21.599983896000005;	0.8;	104192.0;	33901.6;	0.0;	0.26666666666666666;	0.2;	0.2
1378856694;	1;	2699.997987;	21.599983896000005;	0.8;	104192.0;	33727.46666666667;	0.0;	0.3333333333333333;	0.13333333333333333;	0.13333333333333333
1378856994;	1;	2699.997987;	21.599983896000005;	0.8;	104192.0;	36348.26666666667;	0.0;	0.13333333333333333;	0.2;	0.13333333333333333
1378857294;	1;	2699.997987;	21.599983896000005;	0.8;	104192.0;	36174.13333333333;	0.0;	0.26666666666666666;	0.13333333333333333;	0.13333333333333333
1378857594;	1;	2699.997987;	21.599983896000005;	0.8;	104192.0;	33553.066666666666;	0.0;	0.13333333333333333;	0.26666666666666666;	0.26666666666666666
1378857894;	1;	2699.997987;	21.599983896000005;	0.8;	104192.0;	33028.0;	0.0;	0.26666666666666666;	0.13333333333333333;	0.13333333333333333
1378858194;	1;	2699.997987;	25.199981211999997;	0.9333333333333332;	104192.0;	39845.333333333336;	0.0;	0.3333333333333333;	0.2;	0.2
1378858494;	1;	2699.997987;	28.799978528;	1.0666666666666667;	104192.0;	37048.0;	0.0;	0.26666666666666666;	0.6666666666666666;	0.6666666666666666
1378858794;	1;	2699.997987;	21.599983896000005;	0.8;	104192.0;	40717.066666666666;	0.0;	0.13333333333333333;	0.13333333333333333;	0.13333333333333333
1378859094;	1;	2699.997987;	21.599983896000005;	0.8;	104192.0;	33552.26666666667;	0.0;	0.2;	0.13333333333333333;	0.13333333333333333
1378859394;	1;	2699.997987;	26.99997987;	1.0;	104192.0;	38272.26666666667;	0.0;	0.3333333333333333;	0.13333333333333333;	0.13333333333333333
1378859694;	1;	2699.997987;	26.99997987;	1.0;	104192.0;	33902.666666666664;	0.0;	0.26666666666666666;	0.6666666666666666;	0.6666666666666666
1378859994;	1;	2699.997987;	21.599983896000005;	0.8;	104192.0;	33378.13333333333;	0.0;	0.26666666666666666;	0.13333333333333333;	0.13333333333333333
1378860294;	1;	2699.997987;	21.599983896000005;	0.8;	104192.0;	38970.933333333334;	0.0;	0.3333333333333333;	0.06666666666666667;	0.06666666666666667
1378860594;	1;	2699.997987;	28.799978528;	1.0666666666666667;	104192.0;	35999.46666666667;	0.0;	0.3333333333333333;	0.2;	0.06666666666666667
1378860894;	1;	2699.997987;	25.199981211999997;	0.9333333333333332;	104192.0;	39668.53333333333;	0.0;	0.2;	0.06666666666666667;	0.06666666666666667
1378861194;	1;	2699.997987;	21.599983896000005;	0.8;	104192.0;	32328.8;	0.0;	0.13333333333333333;	0.13333333333333333;	0.13333333333333333
1378861494;	1;	2699.997987;	21.599983896000005;	0.8;	104192.0;	40019.2;	0.0;	0.3333333333333333;	0.06666666666666667;	0.06666666666666667
1378861794;	1;	2699.997987;	21.599983896000005;	0.8;	104192.0;	38096.26666666667;	0.0;	0.2;	0.13333333333333333;	0.13333333333333333
1378862094;	1;	2699.997987;	21.599983896000005;	0.8;	104192.0;	41242.13333333333;	0.0;	0.13333333333333333;	0.6;	0.6
1378862394;	1;	2699.997987;	21.599983896000005;	0.8;	104192.0;	33726.13333333333;	0.0;	0.2;	0.13333333333333333;	0.13333333333333333
1378862694;	1;	2699.997987;	21.599983896000005;	0.8;	104192.0;	34950.666666666664;	0.0;	0.26666666666666666;	0.13333333333333333;	0.13333333333333333
1378862994;	1;	2699.997987;	21.599983896000005;	0.8;	104192.0;	36347.73333333333;	0.0;	0.2;	0.06666666666666667;	0.06666666666666667
1378863294;	1;	2699.997987;	21.599983896000005;	0.8;	104192.0;	35301.066666666666;	0.0;	0.2;	0.6;	0.6
1378863595;	1;	2699.997987;	28.799978528;	1.0666666666666667;	104192.0;	38621.333333333336;	0.0;	0.4;	0.13333333333333333;	0.13333333333333333
1378863895;	1;	2699.997987;	25.199981211999997;	0.9333333333333332;	104192.0;	31980.0;	0.0;	0.26666666666666666;	0.06666666666666667;	0.06666666666666667
1378864195;	1;	2699.997987;	21.599983896000005;	0.8;	104192.0;	38271.46666666667;	0.0;	0.13333333333333333;	0.06666666666666667;	0.06666666666666667
1378864494;	1;	2699.997987;	32.399975844000004;	1.2;	104192.0;	32677.866666666665;	0.0;	0.4;	0.06666666666666667;	0.06666666666666667
1378864794;	1;	2699.997987;	25.199981211999997;	0.9333333333333332;	104192.0;	29707.2;	0.0;	0.13333333333333333;	0.13333333333333333;	0.13333333333333333
1378865094;	1;	2699.997987;	21.599983896000005;	0.8;	104192.0;	31105.866666666665;	0.0;	0.2;	0.06666666666666667;	0.06666666666666667
1378865394;	1;	2699.997987;	25.199981211999997;	0.9333333333333332;	104192.0;	32503.2;	0.0;	0.3333333333333333;	0.2;	0.2
1378865694;	1;	2699.997987;	28.799978528;	1.0666666666666667;	104192.0;	37396.8;	0.0;	0.2;	0.6666666666666666;	0.6
1378865994;	1;	2699.997987;	21.599983896000005;	0.8;	104192.0;	30581.6;	0.0;	0.26666666666666666;	0.06666666666666667;	0.06666666666666667
1378866294;	1;	2699.997987;	21.599983896000005;	0.8;	104192.0;	33902.933333333334;	0.0;	0.2;	0.13333333333333333;	0.13333333333333333
1378866594;	1;	2699.997987;	28.799978528;	1.0666666666666667;	104192.0;	30581.6;	0.0;	0.3333333333333333;	0.13333333333333333;	0.06666666666666667
1378866894;	1;	2699.997987;	25.199981211999997;	0.9333333333333332;	104192.0;	35124.8;	0.0;	0.13333333333333333;	0.5333333333333333;	0.5333333333333333
1378867194;	1;	2699.997987;	21.599983896000005;	0.8;	104192.0;	31454.133333333335;	0.0;	0.2;	0.06666666666666667;	0.06666666666666667
1378867494;	1;	2699.997987;	28.799978528;	1.0666666666666667;	104192.0;	42814.4;	0.0;	0.4666666666666667;	0.06666666666666667;	0.06666666666666667
1378867794;	1;	2699.997987;	25.199981211999997;	0.9333333333333332;	104192.0;	42639.73333333333;	0.0;	0.2;	0.13333333333333333;	0.06666666666666667
1378868094;	1;	2699.997987;	21.599983896000005;	0.8;	104192.0;	38795.73333333333;	0.0;	0.2;	0.13333333333333333;	0.13333333333333333
1378868394;	1;	2699.997987;	25.199981211999997;	0.9333333333333332;	104192.0;	39319.73333333333;	0.0;	0.2;	0.13333333333333333;	0.13333333333333333
1378868694;	1;	2699.997987;	25.199981211999997;	0.9333333333333332;	104192.0;	34949.6;	0.0;	0.26666666666666666;	0.13333333333333333;	0.06666666666666667
1378868994;	1;	2699.997987;	25.199981211999997;	0.9333333333333332;	104192.0;	34601.066666666666;	0.0;	0.13333333333333333;	0.2;	0.2
1378869294;	1;	2699.997987;	21.599983896000005;	0.8;	104192.0;	33901.6;	0.0;	0.2;	0.6666666666666666;	0.6666666666666666
1378869594;	1;	2699.997987;	28.799978528;	1.0666666666666667;	104192.0;	35300.53333333333;	0.0;	0.4;	0.13333333333333333;	0.13333333333333333
1378869894;	1;	2699.997987;	25.199981211999997;	0.9333333333333332;	104192.0;	38445.333333333336;	0.0;	0.26666666666666666;	0.06666666666666667;	0.06666666666666667
1378870194;	1;	2699.997987;	21.599983896000005;	0.8;	104192.0;	33726.933333333334;	0.0;	0.26666666666666666;	0.06666666666666667;	0.06666666666666667
1378870494;	1;	2699.997987;	25.199981211999997;	0.9333333333333332;	104192.0;	35300.8;	0.0;	0.2;	0.7333333333333333;	0.6666666666666666
1378870794;	1;	2699.997987;	28.799978528;	1.0666666666666667;	104192.0;	36349.6;	0.0;	0.26666666666666666;	0.13333333333333333;	0.13333333333333333
1378871094;	1;	2699.997987;	21.599983896000005;	0.8;	104192.0;	39669.6;	0.0;	0.4666666666666667;	0.13333333333333333;	0.13333333333333333
1378871394;	1;	2699.997987;	23.399982554000005;	0.8666666666666667;	104192.0;	33900.8;	0.0;	0.13333333333333333;	0.13333333333333333;	0.13333333333333333
1378871695;	1;	2699.997987;	28.799978528;	1.0666666666666667;	104192.0;	33902.4;	0.0;	0.26666666666666666;	0.13333333333333333;	0.13333333333333333
1378871995;	1;	2699.997987;	23.399982554000005;	0.8666666666666667;	104192.0;	37048.8;	0.0;	0.2;	0.2;	0.2
1378872295;	1;	2699.997987;	21.599983896000005;	0.8;	104192.0;	36873.6;	0.0;	0.2;	0.13333333333333333;	0.13333333333333333
1378872595;	1;	2699.997987;	28.799978528;	1.0666666666666667;	104192.0;	33727.46666666667;	0.0;	0.3333333333333333;	0.2;	0.2
1378872895;	1;	2699.997987;	25.199981211999997;	0.9333333333333332;	104192.0;	28308.8;	0.0;	0.26666666666666666;	0.6666666666666666;	0.6666666666666666
1378873195;	1;	2699.997987;	21.599983896000005;	0.8;	104192.0;	33726.666666666664;	0.0;	0.26666666666666666;	0.2;	0.2
1378873495;	1;	2699.997987;	28.799978528;	1.0666666666666667;	104192.0;	39318.933333333334;	0.0;	0.4;	0.13333333333333333;	0.13333333333333333
1378873795;	1;	2699.997987;	25.199981211999997;	0.9333333333333332;	104192.0;	33727.2;	0.0;	0.13333333333333333;	0.2;	0.2
1378874095;	1;	2699.997987;	21.599983896000005;	0.8;	104192.0;	30055.733333333334;	0.0;	0.26666666666666666;	0.6666666666666666;	0.6666666666666666
1378874395;	1;	2699.997987;	28.799978528;	1.0666666666666667;	104192.0;	36524.0;	0.0;	0.26666666666666666;	0.13333333333333333;	0.13333333333333333
1378874695;	1;	2699.997987;	25.199981211999997;	0.9333333333333332;	104192.0;	38446.13333333333;	0.0;	0.3333333333333333;	0.06666666666666667;	0.06666666666666667
1378874995;	1;	2699.997987;	21.599983896000005;	0.8;	104192.0;	38272.0;	0.0;	0.2;	0.06666666666666667;	0.06666666666666667
1378875295;	1;	2699.997987;	28.799978528;	1.0666666666666667;	104192.0;	39494.933333333334;	0.0;	0.3333333333333333;	0.06666666666666667;	0.06666666666666667
1378875595;	1;	2699.997987;	25.199981211999997;	0.9333333333333332;	104192.0;	36349.066666666666;	0.0;	0.13333333333333333;	0.2;	0.2
1378875895;	1;	2699.997987;	21.599983896000005;	0.8;	104192.0;	39145.333333333336;	0.0;	0.26666666666666666;	0.06666666666666667;	0.06666666666666667
1378876195;	1;	2699.997987;	25.199981211999997;	0.9333333333333332;	104192.0;	31105.066666666666;	0.0;	0.26666666666666666;	0.13333333333333333;	0.13333333333333333
1378876495;	1;	2699.997987;	28.799978528;	1.0666666666666667;	104192.0;	31454.4;	0.0;	0.2;	0.6666666666666666;	0.6666666666666666
1378876795;	1;	2699.997987;	21.599983896000005;	0.8;	104192.0;	35649.066666666666;	0.0;	0.26666666666666666;	0.06666666666666667;	0.06666666666666667
1378877095;	1;	2699.997987;	25.199981211999997;	0.9333333333333332;	104192.0;	35299.73333333333;	0.0;	0.3333333333333333;	0.06666666666666667;	0.06666666666666667
1378877395;	1;	2699.997987;	28.799978528;	1.0666666666666667;	104192.0;	41416.53333333333;	0.0;	0.2;	0.06666666666666667;	0.06666666666666667
1378877695;	1;	2699.997987;	21.599983896000005;	0.8;	104192.0;	37572.53333333333;	0.0;	0.3333333333333333;	0.6;	0.5333333333333333
1378877995;	1;	2699.997987;	25.199981211999997;	0.9333333333333332;	104192.0;	39843.73333333333;	0.0;	0.26666666666666666;	0.06666666666666667;	0.06666666666666667
1378878295;	1;	2699.997987;	26.99997987;	1.0;	104192.0;	33377.333333333336;	0.0;	0.4;	0.06666666666666667;	0.06666666666666667
1378878595;	1;	2699.997987;	21.599983896000005;	0.8;	104220.8;	35474.4;	0.0;	0.26666666666666666;	0.13333333333333333;	0.13333333333333333
1378878895;	1;	2699.997987;	25.199981211999997;	0.9333333333333332;	104228.0;	40193.86666666667;	0.0;	0.2;	0.13333333333333333;	0.13333333333333333
1378879195;	1;	2699.997987;	28.799978528;	1.0666666666666667;	104228.0;	40892.0;	0.0;	0.13333333333333333;	0.13333333333333333;	0.13333333333333333
1378879495;	1;	2699.997987;	21.599983896000005;	0.8;	104228.0;	33727.46666666667;	0.0;	0.3333333333333333;	0.06666666666666667;	0.06666666666666667
1378879795;	1;	2699.997987;	25.199981211999997;	0.9333333333333332;	104228.0;	31454.666666666668;	0.0;	0.2;	0.13333333333333333;	0.13333333333333333
1378880095;	1;	2699.997987;	28.799978528;	1.0666666666666667;	104228.0;	29706.4;	0.0;	0.2;	0.5333333333333333;	0.6
1378880396;	1;	2699.997987;	21.599983896000005;	0.8;	104228.0;	32328.8;	0.0;	0.26666666666666666;	0.06666666666666667;	0.06666666666666667
1378880696;	1;	2699.997987;	25.199981211999997;	0.9333333333333332;	104228.0;	35300.0;	0.0;	0.4;	0.13333333333333333;	0.13333333333333333
1378880996;	1;	2699.997987;	28.799978528;	1.0666666666666667;	104228.0;	32678.933333333334;	0.0;	0.26666666666666666;	0.06666666666666667;	0.06666666666666667
1378881296;	1;	2699.997987;	21.599983896000005;	0.8;	104228.0;	35125.86666666667;	0.0;	0.26666666666666666;	0.5333333333333333;	0.5333333333333333
1378881596;	1;	2699.997987;	25.199981211999997;	0.9333333333333332;	104228.0;	36349.6;	0.0;	0.26666666666666666;	0.13333333333333333;	0.13333333333333333
1378881896;	1;	2699.997987;	28.799978528;	1.0666666666666667;	104228.0;	38795.46666666667;	0.0;	0.4;	0.06666666666666667;	0.06666666666666667
1378882196;	1;	2699.997987;	21.599983896000005;	0.8;	104228.0;	41241.86666666667;	0.0;	0.26666666666666666;	0.13333333333333333;	0.13333333333333333
1378882496;	1;	2699.997987;	25.199981211999997;	0.9333333333333332;	104228.0;	33377.333333333336;	0.0;	0.2;	0.06666666666666667;	0.06666666666666667
1378882796;	1;	2699.997987;	28.799978528;	1.0666666666666667;	104228.0;	31454.933333333334;	0.0;	0.2;	0.13333333333333333;	0.13333333333333333
1378883096;	1;	2699.997987;	21.599983896000005;	0.8;	104228.0;	32678.666666666668;	0.0;	0.3333333333333333;	0.13333333333333333;	0.13333333333333333
1378883396;	1;	2699.997987;	25.199981211999997;	0.9333333333333332;	104228.0;	27085.6;	0.0;	0.2;	0.26666666666666666;	0.26666666666666666
1378883696;	1;	2699.997987;	28.799978528;	1.0666666666666667;	104228.0;	34076.8;	0.0;	0.2;	0.6666666666666666;	0.6666666666666666
1378883996;	1;	2699.997987;	21.599983896000005;	0.8;	104228.0;	36873.333333333336;	0.0;	0.2;	0.13333333333333333;	0.13333333333333333
1378884296;	1;	2699.997987;	25.199981211999997;	0.9333333333333332;	104228.0;	37048.26666666667;	0.0;	0.2;	0.13333333333333333;	0.13333333333333333
1378884596;	1;	2699.997987;	26.99997987;	1.0;	104228.0;	36348.8;	0.0;	0.2;	0.13333333333333333;	0.13333333333333333
1378884896;	1;	2699.997987;	26.99997987;	1.0;	104228.0;	32329.066666666666;	0.0;	0.13333333333333333;	0.6666666666666666;	0.6666666666666666
1378885196;	1;	2699.997987;	23.399982554000005;	0.8666666666666667;	104228.0;	40717.86666666667;	0.0;	0.13333333333333333;	0.13333333333333333;	0.13333333333333333
1378885496;	1;	2699.997987;	30.599977186;	1.1333333333333333;	104228.0;	32328.8;	0.0;	0.3333333333333333;	0.13333333333333333;	0.13333333333333333
1378885796;	1;	2699.997987;	21.599983896000005;	0.8;	104228.0;	37572.0;	0.0;	0.2;	0.13333333333333333;	0.13333333333333333
1378886096;	1;	2699.997987;	25.199981211999997;	0.9333333333333332;	104228.0;	34251.2;	0.0;	0.2;	0.2;	0.2
1378886396;	1;	2699.997987;	28.799978528;	1.0666666666666667;	104228.0;	33902.13333333333;	0.0;	0.13333333333333333;	0.2;	0.2
1378886696;	1;	2699.997987;	21.599983896000005;	0.8;	104228.0;	38271.73333333333;	0.0;	0.26666666666666666;	0.13333333333333333;	0.13333333333333333
1378886996;	1;	2699.997987;	25.199981211999997;	0.9333333333333332;	104228.0;	41591.46666666667;	0.0;	0.2;	0.2;	0.2
1378887296;	1;	2699.997987;	28.799978528;	1.0666666666666667;	104228.0;	33552.8;	0.0;	0.2;	0.6;	0.6
1378887596;	1;	2699.997987;	21.599983896000005;	0.8;	104228.0;	30755.2;	0.0;	0.13333333333333333;	0.2;	0.2
1378887896;	1;	2699.997987;	25.199981211999997;	0.9333333333333332;	104228.0;	34949.86666666667;	0.0;	0.2;	0.13333333333333333;	0.13333333333333333
1378888196;	1;	2699.997987;	28.799978528;	1.0666666666666667;	104228.0;	31280.533333333333;	0.0;	0.13333333333333333;	0.06666666666666667;	0.06666666666666667
1378888496;	1;	2699.997987;	21.599983896000005;	0.8;	104228.0;	41591.46666666667;	0.0;	0.13333333333333333;	0.6;	0.6
1378888796;	1;	2699.997987;	28.799978528;	1.0666666666666667;	104228.0;	40018.4;	0.0;	0.26666666666666666;	0.06666666666666667;	0.06666666666666667
1378889096;	1;	2699.997987;	25.199981211999997;	0.9333333333333332;	104228.0;	41241.6;	0.0;	0.26666666666666666;	0.13333333333333333;	0.13333333333333333
1378889396;	1;	2699.997987;	21.599983896000005;	0.8;	104228.0;	39669.333333333336;	0.0;	0.13333333333333333;	0.06666666666666667;	0.06666666666666667
1378889696;	1;	2699.997987;	28.799978528;	1.0666666666666667;	104228.0;	40019.73333333333;	0.0;	0.3333333333333333;	0.13333333333333333;	0.13333333333333333
1378889997;	1;	2699.997987;	25.199981211999997;	0.9333333333333332;	104228.0;	30581.6;	0.0;	0.13333333333333333;	0.13333333333333333;	0.13333333333333333
1378890297;	1;	2699.997987;	21.599983896000005;	0.8;	104228.0;	30756.8;	0.0;	0.2;	0.0;	0.0
1378890597;	1;	2699.997987;	28.799978528;	1.0666666666666667;	104228.0;	34776.53333333333;	0.0;	0.3333333333333333;	0.2;	0.13333333333333333
1378890897;	1;	2699.997987;	25.199981211999997;	0.9333333333333332;	104228.0;	38096.26666666667;	0.0;	0.26666666666666666;	0.6;	0.6
1378891197;	1;	2699.997987;	21.599983896000005;	0.8;	104228.0;	33028.0;	0.0;	0.2;	0.2;	0.13333333333333333
1378891497;	1;	2699.997987;	28.799978528;	1.0666666666666667;	104228.0;	35125.333333333336;	0.0;	0.26666666666666666;	0.06666666666666667;	0.06666666666666667
1378891797;	1;	2699.997987;	25.199981211999997;	0.9333333333333332;	104228.0;	29532.533333333333;	0.0;	0.13333333333333333;	0.13333333333333333;	0.13333333333333333
1378892097;	1;	2699.997987;	21.599983896000005;	0.8;	104228.0;	30929.866666666665;	0.0;	0.13333333333333333;	14.133333333333333;	14.333333333333334
1378892397;	1;	2699.997987;	28.799978528;	1.0666666666666667;	104228.0;	33202.13333333333;	0.0;	0.3333333333333333;	0.06666666666666667;	0.06666666666666667
1378892697;	1;	2699.997987;	25.199981211999997;	0.9333333333333332;	104228.0;	37047.73333333333;	0.0;	0.26666666666666666;	0.06666666666666667;	0.06666666666666667
1378892997;	1;	2699.997987;	25.199981211999997;	0.9333333333333332;	104228.0;	33902.13333333333;	0.0;	0.26666666666666666;	0.13333333333333333;	0.06666666666666667
1378893297;	1;	2699.997987;	28.799978528;	1.0666666666666667;	104228.0;	38796.0;	0.0;	0.13333333333333333;	15.8;	16.066666666666666
1378893597;	1;	2699.997987;	21.599983896000005;	0.8;	104228.0;	30930.4;	0.0;	0.26666666666666666;	0.2;	0.2
1378893897;	1;	2699.997987;	25.199981211999997;	0.9333333333333332;	104228.0;	31980.0;	0.0;	0.2;	0.06666666666666667;	0.06666666666666667
1378894197;	1;	2699.997987;	28.799978528;	1.0666666666666667;	104228.0;	37747.2;	0.0;	0.13333333333333333;	0.13333333333333333;	0.13333333333333333
1378894497;	1;	2699.997987;	21.599983896000005;	0.8;	104228.0;	35648.8;	0.0;	0.13333333333333333;	0.6;	0.6
1378894797;	1;	2699.997987;	25.199981211999997;	0.9333333333333332;	104228.0;	34600.8;	0.0;	0.26666666666666666;	0.06666666666666667;	0.06666666666666667
1378895097;	1;	2699.997987;	28.799978528;	1.0666666666666667;	104228.0;	29357.6;	0.0;	0.2;	0.06666666666666667;	0.06666666666666667
1378895397;	1;	2699.997987;	21.599983896000005;	0.8;	104228.0;	34076.8;	0.0;	0.2;	0.06666666666666667;	0.06666666666666667
1378895697;	1;	2699.997987;	25.199981211999997;	0.9333333333333332;	104228.0;	39319.46666666667;	0.0;	0.2;	0.6666666666666666;	0.6666666666666666
1378895997;	1;	2699.997987;	28.799978528;	1.0666666666666667;	104228.0;	34600.8;	0.0;	0.13333333333333333;	0.06666666666666667;	0.06666666666666667
1378896297;	1;	2699.997987;	21.599983896000005;	0.8;	104228.0;	34950.666666666664;	0.0;	0.26666666666666666;	0.06666666666666667;	0.06666666666666667
1378896597;	1;	2699.997987;	25.199981211999997;	0.9333333333333332;	104228.0;	41941.6;	0.0;	0.2;	0.06666666666666667;	0.06666666666666667
1378896897;	1;	2699.997987;	28.799978528;	1.0666666666666667;	104228.0;	30406.4;	0.0;	0.13333333333333333;	0.13333333333333333;	0.13333333333333333
1378897197;	1;	2699.997987;	21.599983896000005;	0.8;	104228.0;	29881.6;	0.0;	0.26666666666666666;	0.2;	0.13333333333333333
1378897497;	1;	2699.997987;	25.199981211999997;	0.9333333333333332;	104228.0;	36349.333333333336;	0.0;	0.2;	0.13333333333333333;	0.13333333333333333
1378897797;	1;	2699.997987;	28.799978528;	1.0666666666666667;	104228.0;	31979.2;	0.0;	0.13333333333333333;	0.2;	0.2
1378898097;	1;	2699.997987;	21.599983896000005;	0.8;	104228.0;	36698.4;	0.0;	0.3333333333333333;	0.6666666666666666;	0.6666666666666666
1378898397;	1;	2699.997987;	21.599983896000005;	0.8;	104228.0;	40891.73333333333;	0.0;	0.26666666666666666;	0.13333333333333333;	0.13333333333333333
1378898697;	1;	2699.997987;	30.599977186;	1.1333333333333333;	104228.0;	40892.0;	0.0;	0.2;	0.13333333333333333;	0.13333333333333333
1378898997;	1;	2699.997987;	21.599983896000005;	0.8;	104228.0;	30931.2;	0.0;	0.13333333333333333;	0.13333333333333333;	0.13333333333333333
1378899297;	1;	2699.997987;	21.599983896000005;	0.8;	104228.0;	34076.53333333333;	0.0;	0.13333333333333333;	0.6666666666666666;	0.6666666666666666
1378899597;	1;	2699.997987;	32.399975844000004;	1.2;	104228.0;	31456.0;	0.0;	0.2;	0.13333333333333333;	0.13333333333333333
1378899897;	1;	2699.997987;	21.599983896000005;	0.8;	104228.0;	27784.533333333333;	0.0;	0.26666666666666666;	0.13333333333333333;	0.13333333333333333
1378900197;	1;	2699.997987;	21.599983896000005;	0.8;	104228.0;	31455.2;	0.0;	0.13333333333333333;	0.13333333333333333;	0.13333333333333333
1378900497;	1;	2699.997987;	28.799978528;	1.0666666666666667;	104228.0;	37222.4;	0.0;	0.3333333333333333;	0.2;	0.2
1378900797;	1;	2699.997987;	25.199981211999997;	0.9333333333333332;	104228.0;	37222.4;	0.0;	0.13333333333333333;	0.13333333333333333;	0.13333333333333333
1378901097;	1;	2699.997987;	19.799985237999998;	0.7333333333333333;	104228.0;	37572.8;	0.0;	0.13333333333333333;	0.06666666666666667;	0.06666666666666667
1378901397;	1;	2699.997987;	30.599977186;	1.1333333333333333;	104228.0;	31979.2;	0.0;	0.3333333333333333;	0.13333333333333333;	0.13333333333333333
1378901697;	1;	2699.997987;	23.399982554000005;	0.8666666666666667;	104228.0;	39844.0;	0.0;	0.26666666666666666;	0.7333333333333333;	0.6666666666666666
1378901997;	1;	2699.997987;	21.599983896000005;	0.8;	104228.0;	36698.4;	0.0;	0.2;	0.06666666666666667;	0.06666666666666667
1378902297;	1;	2699.997987;	32.399975844000004;	1.2;	104228.0;	29358.4;	0.0;	0.3333333333333333;	0.06666666666666667;	0.06666666666666667
1378902598;	1;	2699.997987;	21.599983896000005;	0.8;	104228.0;	38096.0;	0.0;	0.13333333333333333;	0.2;	0.13333333333333333
1378902898;	1;	2699.997987;	21.599983896000005;	0.8;	104228.0;	39320.0;	0.0;	0.13333333333333333;	0.6;	0.6
1378903198;	1;	2699.997987;	28.799978528;	1.0666666666666667;	104228.0;	38272.0;	0.0;	0.26666666666666666;	0.06666666666666667;	0.06666666666666667
1378903498;	1;	2699.997987;	25.199981211999997;	0.9333333333333332;	104228.0;	34076.8;	0.0;	0.26666666666666666;	0.13333333333333333;	0.06666666666666667
1378903798;	1;	2699.997987;	21.599983896000005;	0.8;	104228.0;	37397.333333333336;	0.0;	0.26666666666666666;	0.06666666666666667;	0.06666666666666667
1378904098;	1;	2699.997987;	28.799978528;	1.0666666666666667;	104228.0;	33552.8;	0.0;	0.2;	13.733333333333333;	13.933333333333334
1378904398;	1;	2699.997987;	25.199981211999997;	0.9333333333333332;	104228.0;	33552.0;	0.0;	0.13333333333333333;	0.26666666666666666;	0.2
1378904698;	1;	2699.997987;	21.599983896000005;	0.8;	104228.0;	32504.8;	0.0;	0.13333333333333333;	0.06666666666666667;	0.06666666666666667
1378904998;	1;	2699.997987;	25.199981211999997;	0.9333333333333332;	104228.0;	43689.86666666667;	0.0;	0.2;	0.2;	0.2
1378905298;	1;	2699.997987;	28.799978528;	1.0666666666666667;	104228.0;	34076.8;	0.0;	0.13333333333333333;	0.7333333333333333;	0.6666666666666666
1378905598;	1;	2699.997987;	21.599983896000005;	0.8;	104228.0;	38796.0;	0.0;	0.26666666666666666;	0.06666666666666667;	0.06666666666666667
1378905898;	1;	2699.997987;	23.399982554000005;	0.8666666666666667;	104228.0;	30406.4;	0.0;	1.0666666666666667;	0.06666666666666667;	0.06666666666666667
1378906198;	1;	2699.997987;	30.599977186;	1.1333333333333333;	104228.0;	32504.8;	0.0;	0.13333333333333333;	0.13333333333333333;	0.13333333333333333
1378906498;	1;	2699.997987;	21.599983896000005;	0.8;	104228.0;	38271.2;	0.0;	0.26666666666666666;	0.6;	0.6
1378906798;	1;	2699.997987;	25.199981211999997;	0.9333333333333332;	104228.0;	42990.13333333333;	0.0;	0.2;	0.06666666666666667;	0.06666666666666667
